0	0	0	0	0	0	0	0	0	0
0.00126104	0.0587975	0.953114	0.953114	1	1	1	0.99988	0.955276	1
0.00367292	0.247698	0.80437	0.80437	1	1	1	0.999847	0.976735	1
0.0107894	0.447885	0.654239	0.707667	1	1	1	0.99903	0.866394	1
0.0104572	0.471571	0.637236	0.686526	1	1	1	0.999171	0.873089	1
0.00470042	0.231464	0.816956	0.838026	1	1	1	0.999795	0.927823	1
0.00642815	0.470305	0.638141	0.638141	1	1	1	0.999721	0.986217	1
-0.0145756	-0.541001	0.588511	0.718808	1	1	1	0.988202	0.769591	1
-0.00677959	-0.48486	0.627779	0.734588	1	1	1	0.992855	0.820941	1
-0.00453426	-0.195519	0.844988	0.857718	1	1	1	0.999435	0.912094	1
-0.00028613	-0.024038	0.980822	0.98369	1	1	1	0.999808	0.999744	1
0.0233074	1.1616	0.245407	0.50034	1	1	0.991661	0.919795	0.417192	1
0.020611	1.04671	0.29524	0.528615	1	1	0.99739	0.93914	0.501907	1
0.0267799	1.11915	0.263083	0.448897	1	1	0.994427	0.965198	0.601213	1
0.0126032	0.522005	0.60167	0.627242	1	1	1	0.999366	0.880171	1
-0.0159172	-0.700183	0.483818	0.483818	1	1	0.999987	0.998657	0.938277	1
-0.02195	-0.978384	0.327892	0.441322	1	1	0.998835	0.991503	0.738294	1
-0.0124903	-0.497976	0.618504	0.618504	1	1	1	0.99844	0.727666	1
0.00880751	0.353493	0.723721	0.809077	1	1	1	0.998333	0.820217	1
0.00727084	0.279976	0.779497	0.779497	1	1	1	0.999934	0.932667	1
0.0259385	1.01549	0.309879	0.548011	1	1	0.998173	0.928163	0.478903	1
-0.0270388	-0.993524	0.320462	0.320462	1	1	0.998595	0.990305	0.819205	1
-0.0187501	-0.67769	0.497973	0.499499	1	1	0.999992	0.998719	0.88163	1
0.0413506	1.60551	0.108392	0.139918	1	1	0.85778	0.774958	0.368532	1
-0.0283666	-1.10272	0.270156	0.270156	1	1	0.995269	0.97346	0.656094	1
0.0365089	1.66068	0.0967881	0.206065	1	1	0.822816	0.733765	0.329079	1
0.0336706	1.67772	0.0934122	0.143574	1	1	0.811215	0.791763	0.523159	1
0.0248204	1.24472	0.213243	0.213243	1	1	0.983045	0.955749	0.725027	1
-0.00192403	-0.0931318	0.925799	0.951023	1	1	1	0.999306	0.925799	1
0.0137569	0.660101	0.509194	0.598585	1	1	0.999994	0.993139	0.720955	1
0.00714552	0.289605	0.77212	0.77212	1	1	1	0.999968	0.887629	1
0.0203093	0.814558	0.415331	0.415331	1	1	0.999891	0.998943	0.909115	1
-0.0182311	-0.741656	0.458301	0.495698	1	1	0.99997	0.998821	0.826454	1
0.00630082	0.257808	0.796557	0.796557	1	1	1	0.999424	0.967248	1
-0.00249228	-0.0906738	0.927752	0.949099	1	1	1	0.999905	0.936584	1
-0.0378865	-1.37887	0.167944	0.167944	1	1	0.956087	0.936571	0.951681	1
0.0335752	1.24332	0.21376	0.341162	1	1	0.983234	0.956125	0.637024	1
-0.0144603	-0.529065	0.596764	0.596764	1	1	1	0.999301	0.931599	1
0.00918631	0.399199	0.689749	0.705735	1	1	1	0.999848	0.974107	1
0.0321073	1.37233	0.169969	0.289377	1	1	0.957869	0.949242	0.616973	1
-0.0200817	-0.85412	0.393045	0.393045	1	1	0.999794	0.995882	0.849281	1
-0.0362811	-1.53408	0.12502	0.12502	1	1	0.896731	0.823811	0.425067	1
0.0178805	0.688118	0.491383	0.527423	1	1	0.99999	0.997493	0.835351	1
0.0236803	0.90688	0.364477	0.386965	1	1	0.99955	0.995389	0.799385	1
0.0149397	0.580827	0.561361	0.609936	1	1	0.999999	0.99863	0.954313	1
0.0112411	0.448959	0.653464	0.653464	1	1	1	0.999881	0.912808	1
0.00492445	0.194409	0.845857	0.845857	1	1	1	0.999991	0.988689	1
0.00966369	0.371587	0.710203	0.713753	1	1	1	0.998139	0.892294	1
0.0207631	0.860049	0.389768	0.389768	1	1	0.999774	0.997334	0.924912	1
-0.00297559	-0.121521	0.903279	0.903279	1	1	1	0.999886	0.941947	1
0.0287899	1.05699	0.290526	0.467598	1	1	0.997076	0.977088	0.615417	1
-0.0197341	-0.768986	0.441907	0.441907	1	1	0.999951	0.99916	0.986543	1
-0.0181372	-0.68198	0.495256	0.662206	1	1	0.999991	0.983464	0.680511	1
-0.00318076	-0.119382	0.904974	0.908453	1	1	1	0.998452	0.904974	1
-0.0197383	-0.784302	0.432869	0.496649	1	1	0.999935	0.997058	0.697942	1
0.000136458	0.0053935	0.995697	0.995697	1	1	1	0.999997	0.995697	1
0.0101305	0.384942	0.700283	0.711829	1	1	1	0.999351	0.850344	1
0.0331604	1.30441	0.192105	0.279226	1	1	0.973391	0.937538	0.576265	1
0.00695585	0.283858	0.776521	0.798003	1	1	1	0.999776	0.98207	1
0.0104173	0.41807	0.675898	0.718036	1	1	1	0.998054	0.820734	1
-0.0207331	-0.768287	0.442322	0.506172	1	1	0.999951	0.994149	0.731808	1
-0.011766	-0.433832	0.664413	0.716166	1	1	1	0.996056	0.868848	1
-0.00309895	-0.115561	0.908001	0.908001	1	1	1	0.999806	0.964751	1
0.0231748	0.852317	0.394045	0.527681	1	1	0.9998	0.984563	0.616468	1
0.0652711	2.46845	0.013575	0.013575	0.230775	0.230775	0.207336	0.207336	0.207647	0.714213
-0.0208099	-0.777755	0.436719	0.620196	1	1	0.999942	0.968059	0.618686	1
0.0453899	1.67256	0.0944231	0.0944231	1	1	0.814762	0.750567	0.401298	1
-0.0153308	-0.575975	0.564636	0.564636	1	1	0.999999	0.999438	0.928112	1
-0.0117779	-0.487141	0.626162	0.766326	1	1	1	0.999604	0.906941	1
0.00415088	0.172792	0.862816	0.885639	1	1	1	0.999646	0.961089	1
-0.0223137	-0.864403	0.387373	0.486517	1	1	0.999759	0.993039	0.758516	1
-0.0158034	-0.647856	0.517082	0.517082	1	1	0.999996	0.999839	0.996035	1
-0.0177255	-0.67381	0.500437	0.500437	1	1	0.999992	0.998482	0.82549	1
-0.00505334	-0.194772	0.845573	0.845573	1	1	1	0.99939	0.920484	1
-0.00370496	-0.141051	0.887831	0.887831	1	1	1	0.999858	0.94332	1
0.00604691	0.22836	0.819368	0.819368	1	1	1	0.999996	0.870011	1
0.0125005	0.46981	0.638494	0.709181	1	1	1	0.999639	0.914375	1
-0.0102832	-0.384916	0.700302	0.700302	1	1	1	0.999992	0.901914	1
-0.000534518	-0.0256723	0.979519	0.979519	1	1	1	0.999963	0.979519	1
0.0034106	0.162038	0.871277	0.871277	1	1	1	0.999965	0.938432	1
-0.0252438	-1.08007	0.280119	0.280119	1	1	0.996255	0.98063	0.793672	1
-0.0374707	-1.5628	0.118109	0.118109	1	1	0.881954	0.82789	0.501964	1
-0.00515987	-0.201325	0.840445	0.840445	1	1	1	0.999903	0.867174	1
0.00716292	0.278551	0.780591	0.780591	1	1	1	0.999954	0.999248	1
0.0135758	0.655157	0.512372	0.512372	1	1	0.999995	0.99924	0.977677	1
0.00369937	0.177407	0.85919	0.85919	1	1	1	0.999552	0.85919	1
-0.013872	-0.6323	0.527195	0.527195	1	1	0.999997	0.998819	0.966407	1
-0.0170062	-0.777279	0.437	0.542654	1	1	0.999943	0.989906	0.693305	1
0.0119598	0.459035	0.646212	0.698343	1	1	1	0.999755	0.835451	1
-0.00796705	-0.316862	0.75135	0.761755	1	1	1	0.998236	0.871341	1
0.00754216	0.343686	0.731085	0.78018	1	1	1	0.998594	0.883123	1
0.0254979	1.12553	0.260372	0.307239	1	1	0.994068	0.973198	0.73772	1
0.0102782	0.431462	0.666135	0.666135	1	1	1	0.999891	0.936229	1
0.0284139	1.20167	0.229501	0.267074	1	1	0.988112	0.963329	0.650254	1
-0.00196919	-0.0755905	0.939745	0.939745	1	1	1	0.999998	0.993478	1
0.0130022	0.495751	0.620073	0.645653	1	1	1	0.997483	0.769853	1
0.0456407	2.10054	0.0356894	0.0356894	0.60672	0.535341	0.460877	0.420232	0.156923	0.539747
0.0102219	0.476233	0.633911	0.633911	1	1	1	0.999882	0.924952	1
0.0075718	0.305855	0.759717	0.759717	1	1	1	0.999989	0.981493	1
0.0218597	0.887114	0.375024	0.432128	1	1	0.999661	0.994318	0.780778	1
0.00325191	0.138912	0.88952	0.902154	1	1	1	0.996314	0.88952	1
0.0211898	0.894926	0.370833	0.499499	1	1	0.999621	0.984551	0.607434	1
0.00382372	0.15123	0.879795	0.888454	1	1	1	0.998679	0.879795	1
0.0172366	0.698682	0.484756	0.484756	1	1	0.999987	0.998681	0.941631	1
-0.0256781	-1.01724	0.309046	0.309046	1	1	0.998135	0.982863	0.677721	1
0.00715127	0.280789	0.778874	0.829759	1	1	1	0.9977	0.813367	1
-0.0121687	-0.472743	0.6364	0.739885	1	1	1	0.997689	0.798973	1
-0.0447858	-1.70228	0.0887119	0.139325	1	1	0.793867	0.793867	0.699862	1
0.00518899	0.22489	0.822066	0.822066	1	1	1	0.999974	0.976991	1
0.0103732	0.448466	0.65382	0.65382	1	1	1	0.999715	0.862497	1
-0.00207735	-0.0827769	0.934029	0.939015	1	1	1	0.99888	0.95317	1
0.00933766	0.379124	0.704598	0.782269	1	1	1	0.999336	0.85646	1
0.0239396	0.993236	0.320602	0.320602	1	1	0.9986	0.996539	0.975769	1
0.00440847	0.188175	0.850741	0.851662	1	1	1	0.999949	0.952019	1
-0.00512505	-0.207118	0.835919	0.835919	1	1	1	0.99978	0.947375	1
-0.00693014	-0.290799	0.771207	0.80827	1	1	1	0.999302	0.925821	1
-0.00369032	-0.149669	0.881026	0.919255	1	1	1	0.998394	0.936091	1
-0.00277018	-0.11495	0.908486	0.935977	1	1	1	0.999424	0.911207	1
-0.00476734	-0.18398	0.85403	0.85403	1	1	1	0.999984	0.960185	1
-0.0193339	-0.752552	0.451724	0.451724	1	1	0.999963	0.997545	0.889486	1
-0.0121419	-0.489435	0.624537	0.776554	1	1	1	0.992538	0.816702	1
0.0196337	0.805804	0.420362	0.440257	1	1	0.999906	0.995719	0.893269	1
0.0551758	2.15349	0.0312874	0.166291	0.531886	0.531886	0.417475	0.417475	0.466042	1
0.0274662	1.11404	0.265271	0.49495	1	1	0.994701	0.954157	0.461136	1
0.0185821	0.708156	0.478854	0.597606	1	1	0.999985	0.98956	0.727737	1
-0.000421634	-0.0164885	0.986845	0.990702	1	1	1	0.999775	0.986845	1
0.00586204	0.212769	0.831509	0.907811	1	1	1	0.998823	0.899276	1
0.0143677	0.530631	0.595678	0.719385	1	1	1	0.996462	0.723324	1
0.0093637	0.336217	0.736709	0.770398	1	1	1	0.999912	0.931221	1
0.00874057	0.317947	0.750527	0.766763	1	1	1	0.997754	0.895453	1
-0.0292556	-1.29094	0.196733	0.369025	1	1	0.975867	0.927836	0.533922	1
-0.00177128	-0.0772783	0.938403	0.938403	1	1	1	0.999978	0.980378	1
0.00399179	0.174337	0.861602	0.899762	1	1	1	0.998275	0.915452	1
0.0179862	0.800776	0.423267	0.490305	1	1	0.999914	0.995929	0.818096	1
-0.0155345	-0.638285	0.523293	0.523293	1	1	0.999997	0.999394	0.86533	1
-0.0303106	-1.25249	0.210399	0.311737	1	1	0.981973	0.953623	0.68587	1
0.00499445	0.20396	0.838386	0.869679	1	1	1	0.993863	0.838386	1
0.013926	0.534188	0.593215	0.593215	1	1	1	0.998157	0.820579	1
0.0203138	0.785371	0.432242	0.432242	1	1	0.999934	0.998673	0.945148	1
0.000303994	0.012122	0.990328	0.990328	1	1	1	0.999983	0.990328	1
0.0110184	0.444553	0.656646	0.656646	1	1	1	0.999713	0.762116	1
0.00454096	0.192577	0.847291	0.847291	1	1	1	0.999987	0.973302	1
0.03929	1.45991	0.144325	0.257125	1	1	0.929328	0.887196	0.613381	1
0.0200271	0.844915	0.398164	0.398164	1	1	0.999822	0.993766	0.846099	1
0.0169494	0.65714	0.511096	0.511096	1	1	0.999995	0.99922	0.80396	1
-0.00409991	-0.142764	0.886477	0.886477	1	1	1	0.999885	0.915152	1
0.00377122	0.150559	0.880325	0.880545	1	1	1	0.999918	0.929928	1
0.00553359	0.213658	0.830815	0.889506	1	1	1	0.999688	0.967678	1
0.0521388	1.85492	0.0636165	0.0636165	1	0.890631	0.672875	0.60157	0.27037	0.929953
0.00948694	0.36455	0.71545	0.71545	1	1	1	0.998537	0.810843	1
-0.0142738	-0.562968	0.573461	0.680077	1	1	0.999999	0.99681	0.812402	1
0.0076691	0.283555	0.776753	0.776753	1	1	1	0.999896	0.893855	1
-0.0180314	-0.710827	0.477197	0.559353	1	1	0.999984	0.991464	0.676029	1
-0.00784252	-0.324461	0.745591	0.874802	1	1	1	0.995811	0.849477	1
0.021693	0.856711	0.391611	0.569966	1	1	0.999786	0.981231	0.665739	1
-0.00637292	-0.264783	0.791178	0.878377	1	1	1	0.992359	0.857808	1
0.0181464	0.742021	0.45808	0.735048	1	1	0.99997	0.94904	0.55624	1
0.00196254	0.0757019	0.939657	0.957556	1	1	1	0.996595	0.939657	1
0.00902214	0.367098	0.713548	0.768843	1	1	1	0.997398	0.866452	1
0.0237985	0.931571	0.351565	0.499592	1	1	0.999367	0.979703	0.597661	1
0.0273104	1.06234	0.28809	0.471573	1	1	0.996901	0.976195	0.529448	1
0.0173158	0.67562	0.499287	0.535835	1	1	0.999992	0.996172	0.771625	1
-0.00625095	-0.243446	0.807661	0.860853	1	1	1	0.993506	0.915349	1
0.00261489	0.0966442	0.92301	0.957691	1	1	1	0.999544	0.944492	1
0.0258713	1.00442	0.315183	0.446876	1	1	0.998398	0.977315	0.669765	1
-0.0194929	-0.855831	0.392098	0.497647	1	1	0.999789	0.993108	0.744484	1
0.00131174	0.053957	0.95697	0.95697	1	1	1	0.999979	0.95697	1
-0.0337804	-1.31135	0.189749	0.270058	1	1	0.97204	0.901186	0.460818	1
-0.021706	-0.796425	0.425791	0.536423	1	1	0.99992	0.991503	0.707625	1
-0.0461888	-2.10344	0.0354348	0.241566	0.602392	0.531523	0.458452	0.417932	0.155168	0.533709
-0.00886113	-0.37707	0.706124	0.706124	1	1	1	0.999944	0.886934	1
-0.0333154	-1.52441	0.127417	0.170633	1	1	0.901437	0.887044	0.772014	1
-0.0270333	-1.19965	0.230282	0.411655	1	1	0.988315	0.943812	0.554573	1
-0.0423113	-1.81274	0.0698818	0.242491	1	0.827059	0.708158	0.575542	0.169713	0.583737
0.0086905	0.430506	0.66683	0.66683	1	1	1	0.999768	0.981219	1
-0.0192196	-0.743463	0.457207	0.457207	1	1	0.999969	0.998795	0.985345	1
-0.0167502	-0.800774	0.423268	0.423268	1	1	0.999914	0.999108	0.847752	1
-0.0203227	-0.958015	0.338062	0.338062	1	1	0.999101	0.98931	0.821009	1
0.00116675	0.0469733	0.962535	0.962535	1	1	1	0.999976	0.994634	1
-0.00695792	-0.295735	0.767435	0.811644	1	1	1	0.998722	0.879068	1
-0.0280961	-1.08816	0.276533	0.438673	1	1	0.995925	0.971581	0.647349	1
-0.0215795	-0.891943	0.37243	0.445664	1	1	0.999637	0.992641	0.791414	1
-0.0268538	-1.05	0.293727	0.373057	1	1	0.997293	0.991045	0.804748	1
-0.0241738	-0.871314	0.383589	0.499499	1	1	0.999732	0.987152	0.702012	1
-0.0226811	-1.08779	0.276697	0.276697	1	1	0.995941	0.989273	0.971022	1
-0.0178991	-0.765503	0.443978	0.443978	1	1	0.999954	0.999127	0.968417	1
-0.0213142	-0.990582	0.321897	0.499499	1	1	0.998645	0.969685	0.608028	1
-0.0374802	-1.70098	0.0889565	0.239905	1	1	0.794806	0.752778	0.504087	1
0.00567155	0.266771	0.789647	0.831323	1	1	1	0.998184	0.816812	1
-0.00270906	-0.126861	0.899052	0.920142	1	1	1	0.996578	0.955242	1
0.000217877	0.0113197	0.990968	0.991357	1	1	1	0.999748	0.990968	1
-0.0153643	-0.628048	0.529977	0.529977	1	1	0.999997	0.99888	0.844399	1
-0.0120132	-0.606205	0.544383	0.544383	1	1	0.999998	0.999154	0.893126	1
0.0172974	0.759958	0.447285	0.522673	1	1	0.999958	0.99281	0.760385	1
-0.0266894	-1.02743	0.304228	0.437926	1	1	0.997901	0.973413	0.646484	1
-0.0146765	-0.720401	0.471283	0.541042	1	1	0.99998	0.993894	0.77192	1
-0.0210763	-0.787782	0.43083	0.452307	1	1	0.999931	0.997969	0.776816	1
0.0194929	0.797733	0.425031	0.461414	1	1	0.999918	0.996271	0.835532	1
-0.00625264	-0.253509	0.799877	0.81391	1	1	1	0.999987	0.996643	1
0.0250368	0.920642	0.357244	0.357244	1	1	0.999455	0.992264	0.867593	1
-0.0269769	-1.25118	0.210878	0.368433	1	1	0.982158	0.928518	0.48776	1
-0.0136391	-0.59891	0.549237	0.63322	1	1	0.999999	0.996219	0.666844	1
-0.0215497	-1.01734	0.308998	0.308998	1	1	0.998133	0.994341	0.883685	1
-0.0305364	-1.31638	0.188056	0.247102	1	1	0.971031	0.945879	0.668541	1
-0.0178584	-0.765543	0.443954	0.604455	1	1	0.999954	0.976228	0.580555	1
0.0140788	0.705279	0.480642	0.545285	1	1	0.999985	0.99638	0.762885	1
-0.024669	-0.957255	0.338446	0.499499	1	1	0.99911	0.980584	0.639287	1
0.00032646	0.015664	0.987503	0.987503	1	1	1	0.999954	0.987503	1
-0.021029	-1.03649	0.299981	0.323357	1	1	0.997673	0.993215	0.872542	1
-0.0149049	-0.603402	0.546246	0.571277	1	1	0.999999	0.996796	0.735024	1
-0.00740529	-0.311411	0.75549	0.840865	1	1	1	0.999141	0.856222	1
-0.0271425	-1.0733	0.283147	0.392369	1	1	0.996514	0.981585	0.749515	1
0.00158208	0.063617	0.949276	0.962488	1	1	1	0.998287	0.949276	1
-0.0436814	-1.69368	0.0903363	0.168666	1	1	0.800026	0.734336	0.312362	1
0.0140786	0.51492	0.606613	0.702758	1	1	1	0.996294	0.802472	1
-0.0167747	-0.775148	0.438258	0.608917	1	1	0.999945	0.982349	0.677307	1
-0.000897876	-0.0382318	0.969503	0.980988	1	1	1	0.990195	0.969503	1
-0.00281705	-0.130605	0.896089	0.896089	1	1	1	0.999854	0.958904	1
-0.0315564	-1.48762	0.13686	0.211082	1	1	0.918082	0.85241	0.465324	1
-0.0328068	-1.36791	0.17135	0.316577	1	1	0.959044	0.928022	0.601276	1
-0.0377942	-1.73513	0.0827268	0.141857	1	1	0.769602	0.701474	0.351589	1
-0.00197409	-0.105143	0.916263	0.916263	1	1	1	0.999978	0.916263	1
0.00103675	0.0431159	0.965609	0.965609	1	1	1	0.999976	0.965609	1
-0.0303769	-1.5547	0.120026	0.213718	1	1	0.886242	0.853092	0.68015	1
-0.0243975	-1.07191	0.283767	0.499499	1	1	0.996565	0.950399	0.536005	1
-0.0473457	-1.89558	0.0580251	0.0580251	0.986427	0.883301	0.638033	0.596919	0.328809	1
-0.0149275	-0.726161	0.467746	0.499499	1	1	0.999978	0.996572	0.796152	1
-0.044273	-1.54013	0.123539	0.160751	1	1	0.893719	0.842146	0.513847	1
0.0306102	1.11315	0.265653	0.265653	1	1	0.994748	0.986738	0.865421	1
0.0210732	0.732066	0.464134	0.486756	1	1	0.999975	0.998048	0.877043	1
0.0172209	0.599536	0.54882	0.599338	1	1	0.999999	0.998283	0.787971	1
-0.00457747	-0.162103	0.871226	0.871226	1	1	1	0.999872	0.918867	1
0.012322	0.45136	0.651733	0.726147	1	1	1	0.994877	0.852266	1
0.0604177	2.11752	0.0342238	0.154696	0.581804	0.547581	0.446777	0.427172	0.290902	1
0.0112133	0.392024	0.695043	0.809443	1	1	1	0.996173	0.744312	1
0.044809	1.57061	0.116284	0.140788	1	1	0.877731	0.799522	0.395365	1
0.0481387	1.67339	0.0942599	0.0942599	1	1	0.814193	0.773507	0.534139	1
0.0263146	0.922296	0.356381	0.366478	1	1	0.999442	0.99697	0.859056	1
0.0289487	1.00493	0.314939	0.420529	1	1	0.998388	0.993439	0.754682	1
0.062278	2.19821	0.0279415	0.0678925	0.475006	0.391182	0.38231	0.327498	0.118752	0.408452
0.00920404	0.318539	0.750078	0.786174	1	1	1	0.999181	0.835923	1
0.0215273	0.768722	0.442064	0.487341	1	1	0.999951	0.997077	0.796734	1
0.0258725	0.932627	0.35102	0.35102	1	1	0.999357	0.991399	0.852477	1
0.0143981	0.508802	0.610895	0.610895	1	1	1	0.999475	0.984985	1
0.0211611	0.768045	0.442466	0.442466	1	1	0.999951	0.999098	0.880056	1
0.0327802	1.14502	0.25221	0.320689	1	1	0.992851	0.959114	0.61251	1
0.00189518	0.0680278	0.945764	0.956338	1	1	1	0.999753	0.977012	1
-0.0116347	-0.407001	0.68401	0.703841	1	1	1	0.99768	0.830583	1
0.0170656	0.61764	0.536817	0.604646	1	1	0.999998	0.997882	0.871527	1
0.0115969	0.419248	0.675038	0.675038	1	1	1	0.999662	0.818962	1
-0.0142497	-0.501483	0.616034	0.616034	1	1	1	0.99993	0.956423	1
0.0212458	0.78197	0.434238	0.547517	1	1	0.999938	0.990781	0.738205	1
0.00765654	0.289692	0.772053	0.772053	1	1	1	0.99983	0.919076	1
0.0167218	0.605162	0.545076	0.586813	1	1	0.999998	0.996933	0.84239	1
0.0525038	1.89748	0.057774	0.186958	0.982158	0.924384	0.63639	0.614094	0.491079	1
-0.0053275	-0.195312	0.84515	0.861917	1	1	1	0.997967	0.897972	1
0.0243718	0.834881	0.403791	0.422103	1	1	0.999848	0.996708	0.849673	1
0.047067	1.65553	0.0978261	0.314527	1	1	0.826246	0.786521	0.464079	1
-0.0386532	-1.34123	0.179856	0.277231	1	1	0.965634	0.924043	0.611511	1
-0.00275736	-0.100504	0.919945	0.941482	1	1	1	0.999193	0.931221	1
0.0073823	0.254311	0.799257	0.810304	1	1	1	0.999674	0.901128	1
0.024802	0.861033	0.389227	0.436565	1	1	0.999771	0.992776	0.699092	1
0.0049252	0.174045	0.861832	0.866139	1	1	1	0.998896	0.915696	1
-0.00741099	-0.270823	0.786529	0.786529	1	1	1	0.999525	0.939353	1
0.0212688	0.7444	0.45664	0.45664	1	1	0.999969	0.997757	0.870795	1
-0.0187794	-0.659054	0.509866	0.618919	1	1	0.999995	0.993205	0.787975	1
0.0110543	0.388788	0.697436	0.722519	1	1	1	0.999432	0.882436	1
0.00188252	0.0655901	0.947705	0.947705	1	1	1	0.999946	0.947705	1
-0.0181316	-0.630826	0.528159	0.528159	1	1	0.999997	0.998841	0.85985	1
-0.000914342	-0.0316247	0.974772	0.974772	1	1	1	0.999871	0.984872	1
0.00392352	0.138533	0.88982	0.892138	1	1	1	0.998964	0.924898	1
-0.00337743	-0.117245	0.906666	0.93809	1	1	1	0.999985	0.976414	1
0.0137219	0.488536	0.625174	0.625174	1	1	1	0.999979	0.925984	1
-0.029023	-1.04448	0.29627	0.437931	1	1	0.997454	0.989618	0.619835	1
0.0189714	0.672439	0.501309	0.501309	1	1	0.999993	0.999526	0.966311	1
0.021084	0.764713	0.444448	0.444448	1	1	0.999954	0.99952	0.999562	1
-0.0402029	-1.39841	0.161999	0.161999	1	1	0.950437	0.915779	0.688497	1
-0.020872	-0.745141	0.456192	0.499499	1	1	0.999968	0.996092	0.717547	1
-0.00988935	-0.347964	0.72787	0.780472	1	1	1	0.994516	0.827938	1
-0.012257	-0.444161	0.656929	0.658583	1	1	1	0.999767	0.902722	1
0.00433721	0.156671	0.875505	0.875753	1	1	1	0.999996	0.999284	1
-0.00364559	-0.126544	0.899302	0.899302	1	1	1	0.99988	0.983481	1
0.0205775	0.756114	0.449587	0.570079	1	1	0.999961	0.98963	0.636914	1
-0.0124484	-0.469339	0.63883	0.721913	1	1	1	0.995915	0.746474	1
0.00270247	0.0980768	0.921872	0.921872	1	1	1	0.998932	0.927151	1
0.0188482	0.68967	0.490407	0.490407	1	1	0.999989	0.999398	0.867337	1
0.0250545	0.911576	0.361999	0.499499	1	1	0.999519	0.990922	0.678226	1
-0.00375562	-0.12859	0.897683	0.897683	1	1	1	0.999977	0.997391	1
0.00999538	0.350461	0.725995	0.752113	1	1	1	0.999582	0.918523	1
0.0259625	0.858942	0.39038	0.39038	1	1	0.999778	0.998394	0.96303	1
0.0220566	0.726406	0.467596	0.515553	1	1	0.999978	0.995441	0.772976	1
-0.035422	-1.18158	0.237383	0.499499	1	1	0.990018	0.912752	0.432115	1
-0.0274836	-0.915771	0.359795	0.558548	1	1	0.99949	0.963312	0.556046	1
-0.013797	-0.464699	0.642151	0.805318	1	1	1	0.965511	0.727771	1
-0.0148679	-0.497079	0.619137	0.826663	1	1	1	0.940901	0.633152	1
0.0252802	0.822361	0.410878	0.549137	1	1	0.999876	0.985491	0.698493	1
-0.000529079	-0.0172084	0.98627	0.992794	1	1	1	0.997355	0.98627	1
0.0132722	0.472022	0.636915	0.636915	1	1	1	0.99989	0.985518	1
-0.00426803	-0.154147	0.877495	0.877495	1	1	1	0.999861	0.905752	1
0.00852982	0.291133	0.770952	0.860571	1	1	1	0.995441	0.873745	1
0.0153083	0.52675	0.598371	0.598371	1	1	1	0.999891	0.982441	1
-0.0187981	-0.625111	0.531903	0.531903	1	1	0.999998	0.999751	0.943259	1
-0.037496	-1.2335	0.2174	0.2174	1	1	0.984505	0.980201	0.707836	1
0.0143227	0.599017	0.549166	0.67009	1	1	0.999999	0.991419	0.71814	1
0.0332346	1.23551	0.216649	0.345551	1	1	0.984251	0.954418	0.613839	1
0.0202977	0.720993	0.470919	0.499499	1	1	0.99998	0.996751	0.889515	1
-0.018339	-0.669695	0.503058	0.503058	1	1	0.999993	0.998803	0.95022	1
-0.0110614	-0.39182	0.695194	0.714622	1	1	1	0.999756	0.942051	1
-0.000126761	-0.00436767	0.996515	0.996515	1	1	1	0.999655	0.996515	1
-0.0219735	-0.874983	0.38159	0.494461	1	1	0.999717	0.992636	0.705513	1
0.00498203	0.17724	0.859321	0.900737	1	1	1	0.998254	0.973897	1
0.033123	1.16362	0.244589	0.244589	1	1	0.991506	0.973915	0.664583	1
0.0163133	0.598905	0.549241	0.549241	1	1	0.999999	0.999844	0.93343	1
0.0235163	0.861585	0.388923	0.388923	1	1	0.999769	0.995563	0.944527	1
0.0188061	0.693135	0.48823	0.541228	1	1	0.999989	0.995832	0.829991	1
0.0397579	1.48162	0.138451	0.25595	1	1	0.920611	0.875858	0.515159	1
0.0268434	0.974492	0.32982	0.499499	1	1	0.99889	0.972728	0.622993	1
0.00391414	0.142009	0.887074	0.900202	1	1	1	0.99953	0.965201	1
0.00864313	0.316889	0.75133	0.75133	1	1	1	0.998554	0.897647	1
-0.0343361	-1.2692	0.20438	0.470416	1	1	0.979488	0.925973	0.444047	1
0.00420962	0.147799	0.882503	0.90127	1	1	1	0.997746	0.937659	1
0.0205692	0.726268	0.46768	0.46768	1	1	0.999978	0.998173	0.933285	1
-0.0212707	-0.740734	0.458861	0.499499	1	1	0.999971	0.996021	0.866737	1
-0.000642358	-0.0223064	0.982204	0.982862	1	1	1	0.999991	0.990189	1
0.0109653	0.381638	0.702732	0.769397	1	1	1	0.99931	0.957956	1
-0.00691633	-0.240654	0.809825	0.809825	1	1	1	0.999987	0.977793	1
0.0221497	0.81098	0.417383	0.417383	1	1	0.999897	0.997374	0.888736	1
0.0297416	1.11758	0.263757	0.263757	1	1	0.994513	0.977382	0.74731	1
0.00517556	0.179818	0.857297	0.895968	1	1	1	0.99653	0.859521	1
0.022295	0.777676	0.436766	0.58907	1	1	0.999942	0.979807	0.571155	1
0.0112799	0.383271	0.701522	0.701522	1	1	1	0.999968	0.982887	1
0.00462014	0.159037	0.873641	0.873641	1	1	1	0.999789	0.873641	1
-0.0123093	-0.448119	0.65407	0.65407	1	1	1	0.99952	0.896669	1
-0.0352311	-1.27736	0.201485	0.201485	1	1	0.978182	0.957149	0.686295	1
0.0090477	0.313745	0.753717	0.762741	1	1	1	0.999595	0.856843	1
-0.0239905	-0.835632	0.403369	0.403369	1	1	0.999846	0.998786	0.982067	1
-0.0426396	-1.56202	0.118293	0.355246	1	1	0.882372	0.828392	0.40697	1
-0.0247189	-0.90511	0.365414	0.40062	1	1	0.999561	0.993965	0.776505	1
-0.0228693	-0.800518	0.423417	0.474905	1	1	0.999914	0.997659	0.76044	1
-0.0273206	-0.966627	0.333738	0.499499	1	1	0.998995	0.977115	0.630394	1
0.016184	0.567543	0.570349	0.646634	1	1	0.999999	0.9928	0.745841	1
0.0355535	1.24837	0.211906	0.38686	1	1	0.982549	0.954761	0.593113	1
0.0122096	0.476163	0.633962	0.750904	1	1	1	0.982048	0.769811	1
0.0154221	0.60542	0.544904	0.646962	1	1	0.999998	0.991021	0.712567	1
-0.0306965	-1.05713	0.290459	0.417968	1	1	0.997072	0.977052	0.678734	1
0.00390759	0.134716	0.892837	0.892837	1	1	1	0.999653	0.892837	1
-0.0135977	-0.487163	0.626146	0.705699	1	1	1	0.997827	0.825991	1
0.00259744	0.0938442	0.925234	0.925234	1	1	1	0.999993	0.985376	1
-0.0207392	-0.70634	0.479982	0.479982	1	1	0.999985	0.998554	0.869821	1
-0.0426392	-1.44781	0.147679	0.192825	1	1	0.933892	0.893232	0.627637	1
-0.0254049	-0.901342	0.367414	0.422812	1	1	0.999584	0.989739	0.756105	1
-0.0332748	-1.14534	0.252076	0.475366	1	1	0.992829	0.96936	0.503858	1
-0.0402525	-1.53897	0.123822	0.186213	1	1	0.894302	0.879365	0.701399	1
-0.038044	-1.35619	0.175049	0.279489	1	1	0.962044	0.870911	0.371978	1
0.016827	0.65525	0.512312	0.512312	1	1	0.999995	0.999629	0.971385	1
0.0186188	0.714616	0.474852	0.474852	1	1	0.999982	0.99956	0.899734	1
0.0168949	0.641093	0.521467	0.625854	1	1	0.999996	0.995598	0.805904	1
0.0231138	0.93697	0.348782	0.448636	1	1	0.999319	0.991067	0.719966	1
-0.0141946	-0.491122	0.623344	0.670681	1	1	1	0.998924	0.890108	1
-0.0152082	-0.522718	0.601174	0.601174	1	1	1	0.999541	0.814183	1
-0.00579577	-0.209184	0.834306	0.860629	1	1	1	0.995251	0.88645	1
-0.0278002	-1.00297	0.315884	0.407371	1	1	0.998425	0.992811	0.781392	1
-0.0228377	-0.848983	0.395898	0.561386	1	1	0.99981	0.970361	0.530221	1
-0.0322809	-1.15567	0.247825	0.398205	1	1	0.992104	0.959087	0.548725	1
-0.0444596	-1.72759	0.0840718	0.250457	1	1	0.775279	0.722702	0.309936	1
-0.0057096	-0.22593	0.821258	0.840138	1	1	1	0.999608	0.874971	1
-0.0319601	-1.20343	0.22882	0.507437	1	1	0.987932	0.911403	0.388994	1
0.0301895	1.09135	0.275129	0.499499	1	1	0.995789	0.944748	0.499105	1
-0.0199611	-0.79567	0.42623	0.63178	1	1	0.999921	0.979528	0.628995	1
-0.0169683	-0.655706	0.512018	0.531184	1	1	0.999995	0.997196	0.788565	1
0.0479956	1.89119	0.0586082	0.0586082	0.996339	0.937731	0.641823	0.619525	0.346782	1
0.0247001	0.943821	0.345269	0.429243	1	1	0.999253	0.993795	0.748472	1
0.00611295	0.226676	0.820677	0.900146	1	1	1	0.994172	0.871969	1
0.0250797	0.907973	0.3639	0.391725	1	1	0.999543	0.996737	0.795284	1
-0.0130795	-0.514663	0.606792	0.606792	1	1	1	0.999472	0.882165	1
-0.00254012	-0.0998413	0.920471	0.920471	1	1	1	0.999972	0.920471	1
-0.00605516	-0.24961	0.802891	0.815618	1	1	1	0.999483	0.971982	1
0.0126633	0.513769	0.607417	0.733486	1	1	1	0.998563	0.796071	1
-0.001342	-0.0526126	0.958041	0.96523	1	1	1	0.99957	0.979275	1
0.00788974	0.302543	0.76224	0.824826	1	1	1	0.998312	0.873212	1
0.00103358	0.0389858	0.968902	0.968902	1	1	1	0.99997	0.987262	1
0.00453563	0.173123	0.862556	0.870434	1	1	1	0.999899	0.870762	1
0.00813518	0.309321	0.75708	0.75708	1	1	1	0.999973	0.961121	1
0.000272702	0.0104258	0.991682	0.994056	1	1	1	1	0.991682	1
-0.00514159	-0.202356	0.83964	0.83964	1	1	1	0.999862	0.892117	1
-0.00176264	-0.0693654	0.944699	0.944699	1	1	1	0.99979	0.944699	1
-0.0150776	-0.585158	0.558446	0.674721	1	1	0.999999	0.997878	0.791132	1
-0.0115441	-0.43918	0.660534	0.660534	1	1	1	0.999481	0.935004	1
-0.0328551	-1.21512	0.224328	0.340288	1	1	0.986679	0.963203	0.607668	1
-0.0222787	-0.799766	0.423852	0.44837	1	1	0.999915	0.998283	0.787629	1
-0.0171062	-0.677692	0.497972	0.497972	1	1	0.999992	0.998983	0.958903	1
-0.0272124	-1.05758	0.290254	0.290254	1	1	0.997057	0.991769	0.814042	1
0.0146586	0.555751	0.578385	0.578385	1	1	1	0.999579	0.946767	1
0.0169036	0.624442	0.532342	0.532342	1	1	0.999998	0.998849	0.818073	1
-0.0265952	-1.09302	0.274392	0.41485	1	1	0.995715	0.988784	0.643519	1
-0.00506302	-0.202045	0.839883	0.839883	1	1	1	0.999085	0.892375	1
0.0312381	1.16386	0.24449	0.405642	1	1	0.991487	0.965415	0.600168	1
0.0162721	0.629208	0.529218	0.747431	1	1	0.999997	0.976874	0.692054	1
-0.00128803	-0.047148	0.962396	0.962396	1	1	1	0.999928	0.992071	1
-0.00646858	-0.228319	0.8194	0.8194	1	1	1	0.999808	0.97264	1
-0.000687862	-0.0235196	0.981236	0.990363	1	1	1	0.981236	0.981236	1
0.031891	1.15201	0.249327	0.437745	1	1	0.992367	0.948887	0.529819	1
-0.0272323	-0.952482	0.34086	0.499499	1	1	0.999163	0.985425	0.643847	1
-0.0157937	-0.582006	0.560567	0.560567	1	1	0.999999	0.999389	0.828273	1
0.00816908	0.295377	0.767708	0.767708	1	1	1	0.999971	0.963471	1
-0.0303731	-1.08561	0.27766	0.329882	1	1	0.996032	0.961326	0.590028	1
0.0073734	0.251252	0.801621	0.822181	1	1	1	0.999682	0.941427	1
0.03872	1.31905	0.187162	0.239666	1	1	0.970483	0.897661	0.454537	1
-0.00524061	-0.184759	0.85342	0.853924	1	1	1	0.998319	0.906758	1
0.0225729	0.796879	0.425528	0.499499	1	1	0.999919	0.993186	0.803775	1
-0.0116974	-0.447035	0.654853	0.666882	1	1	1	0.998069	0.762138	1
0.0163903	0.608111	0.543118	0.543118	1	1	0.999998	0.999773	0.993432	1
-0.0050064	-0.172135	0.863333	0.870068	1	1	1	0.999828	0.863333	1
0.00769018	0.267128	0.789372	0.789372	1	1	1	0.999913	0.998903	1
-0.0118989	-0.412486	0.679986	0.679986	1	1	1	0.999965	0.975112	1
-0.0378305	-1.33192	0.182895	0.182895	1	1	0.967736	0.951675	0.833593	1
-0.010476	-0.392352	0.694801	0.812747	1	1	1	0.992318	0.825337	1
-0.0242479	-0.892445	0.372162	0.499499	1	1	0.999634	0.984842	0.648031	1
-0.0156629	-0.531922	0.594784	0.692732	1	1	1	0.989075	0.764421	1
-0.0199853	-0.6864	0.492466	0.579452	1	1	0.99999	0.995597	0.745007	1
0.0173882	0.589858	0.55529	0.55529	1	1	0.999999	0.99932	0.955518	1
0.0146341	0.501375	0.616111	0.616111	1	1	1	0.999918	0.930059	1
0.036121	1.21645	0.223821	0.26592	1	1	0.986531	0.962889	0.689244	1
0.0296035	1.00121	0.316732	0.499499	1	1	0.998458	0.974717	0.598272	1
0.0170221	0.594018	0.552504	0.613416	1	1	0.999999	0.993363	0.722506	1
0.0392006	1.38051	0.16744	0.347694	1	1	0.955633	0.889087	0.474414	1
0.00570957	0.204661	0.837839	0.837839	1	1	1	0.999982	0.925873	1
0.00223999	0.0791243	0.936934	0.936934	1	1	1	0.99997	0.976094	1
0.0579172	1.98992	0.0466086	0.18434	0.792346	0.619664	0.555767	0.469426	0.158469	0.545063
-0.0212712	-0.736113	0.461668	0.601177	1	1	0.999973	0.992947	0.784835	1
0.0294936	0.99985	0.317391	0.495345	1	1	0.998483	0.978036	0.608346	1
-0.00407674	-0.138753	0.889646	0.889646	1	1	1	0.999984	0.955616	1
-0.0374068	-1.33454	0.182037	0.422991	1	1	0.967155	0.890335	0.44209	1
-0.0461114	-1.61374	0.106595	0.158549	1	1	0.852829	0.83527	0.644693	1
-0.0216896	-0.748942	0.453898	0.52349	1	1	0.999966	0.993439	0.701479	1
-0.0318742	-1.10561	0.268906	0.369199	1	1	0.99513	0.968106	0.653057	1
0.00893575	0.305959	0.759638	0.772979	1	1	1	0.998643	0.834212	1
0.042969	1.45588	0.145437	0.146938	1	1	0.930872	0.90534	0.762343	1
-0.00149167	-0.0535967	0.957257	0.968839	1	1	1	0.999377	0.957257	1
-0.0292765	-1.06542	0.286694	0.479768	1	1	0.996796	0.98265	0.575021	1
-0.0225298	-0.765678	0.443874	0.535813	1	1	0.999953	0.990851	0.740188	1
0.00638755	0.214268	0.83034	0.863056	1	1	1	0.999803	0.941052	1
-0.0371891	-1.23994	0.215007	0.422388	1	1	0.98368	0.957021	0.505957	1
-0.0505598	-1.69967	0.0892036	0.0892036	1	1	0.79575	0.775746	0.533815	1
-0.0471677	-1.58881	0.112114	0.112114	1	1	0.867544	0.810765	0.476484	1
-0.044244	-1.49978	0.133682	0.3236	1	1	0.9128	0.865883	0.473977	1
-0.0388571	-1.33408	0.182186	0.416981	1	1	0.967256	0.9268	0.451187	1
-0.042779	-1.50715	0.131782	0.244196	1	1	0.909491	0.855845	0.448058	1
-0.0205345	-0.907621	0.364085	0.538399	1	1	0.999545	0.973277	0.544707	1
-0.0360713	-1.32766	0.184301	0.272188	1	1	0.968667	0.952908	0.694118	1
-0.00105049	-0.0408454	0.967419	0.967419	1	1	1	0.999928	0.972357	1
0.0131791	0.50111	0.616297	0.616297	1	1	1	0.999683	0.910479	1
0.0187292	0.708679	0.478529	0.516175	1	1	0.999984	0.998071	0.8135	1
0.0182049	0.738534	0.460196	0.535329	1	1	0.999972	0.992791	0.756893	1
-0.0111775	-0.389892	0.696619	0.732838	1	1	1	0.998696	0.910963	1
0.00421286	0.146285	0.883697	0.915564	1	1	1	0.9999	0.964177	1
0.00526582	0.185741	0.852649	0.889795	1	1	1	0.997545	0.882956	1
-0.00786182	-0.276846	0.7819	0.789958	1	1	1	0.999892	0.989529	1
-0.00381428	-0.156874	0.875345	0.875345	1	1	1	0.999963	0.932271	1
0.00510642	0.193222	0.846786	0.887009	1	1	1	0.994442	0.89971	1
-0.0274547	-1.248	0.21204	0.394783	1	1	0.982599	0.910647	0.450586	1
-0.00513983	-0.225669	0.82146	0.888545	1	1	1	0.998853	0.902367	1
-0.0275929	-1.03463	0.300851	0.481348	1	1	0.997721	0.980021	0.606516	1
0.00523209	0.188417	0.850551	0.87764	1	1	1	0.996662	0.924728	1
-0.0225319	-0.905663	0.365122	0.439895	1	1	0.999558	0.995712	0.809343	1
-0.0151111	-0.585531	0.558195	0.63473	1	1	0.999999	0.995673	0.677808	1
0.0259562	0.950604	0.341813	0.506216	1	1	0.999184	0.974296	0.581082	1
0.0204471	0.736519	0.461421	0.461421	1	1	0.999973	0.997946	0.848334	1
0.0154583	0.59049	0.554867	0.657417	1	1	0.999999	0.988121	0.725595	1
0.0236607	0.891787	0.372514	0.386903	1	1	0.999638	0.990537	0.75124	1
0.0010997	0.0411353	0.967188	0.967188	1	1	1	0.999711	0.967188	1
0.0171366	0.635431	0.525152	0.554262	1	1	0.999997	0.997186	0.773297	1
0.00214	0.0848578	0.932375	0.932375	1	1	1	0.999432	0.982199	1
0.0289504	1.14491	0.252257	0.382763	1	1	0.992858	0.969449	0.630344	1
0.00392215	0.162052	0.871266	0.871266	1	1	1	0.999942	0.904444	1
0.00824915	0.330018	0.741388	0.800834	1	1	1	0.998702	0.892504	1
-0.00144491	-0.0539053	0.957011	0.964309	1	1	1	0.998152	0.982015	1
-0.0262195	-0.983523	0.325358	0.325358	1	1	0.998758	0.99111	0.825538	1
0.0197027	0.776526	0.437444	0.541743	1	1	0.999943	0.98833	0.626515	1
-0.0239367	-0.941611	0.346399	0.598297	1	1	0.999275	0.966696	0.588879	1
-0.0397887	-1.52433	0.127437	0.389048	1	1	0.901474	0.851694	0.386669	1
-0.0276164	-1.05564	0.291142	0.499159	1	1	0.997119	0.967967	0.550658	1
-0.0288136	-1.03668	0.299894	0.360993	1	1	0.997668	0.980194	0.728315	1
-0.0248533	-0.893786	0.371443	0.540935	1	1	0.999627	0.975636	0.611663	1
-0.0203145	-0.768803	0.442016	0.628367	1	1	0.999951	0.983566	0.683116	1
0.00736357	0.272986	0.784866	0.844994	1	1	1	0.999167	0.878043	1
-0.0108144	-0.412471	0.679997	0.679997	1	1	1	0.999274	0.825711	1
-0.0201512	-0.76293	0.445511	0.445511	1	1	0.999956	0.998477	0.906904	1
-0.0116743	-0.446381	0.655325	0.674722	1	1	1	0.99883	0.726708	1
0.0199054	0.727967	0.46664	0.471853	1	1	0.999977	0.999066	0.853957	1
-0.0394937	-1.52377	0.127576	0.355321	1	1	0.901742	0.805585	0.336834	1
-0.0136897	-0.523698	0.600492	0.600492	1	1	1	0.999741	0.902229	1
0.00222105	0.0803057	0.935995	0.935995	1	1	1	0.999855	0.99064	1
-0.0173766	-0.646249	0.518123	0.587645	1	1	0.999996	0.997093	0.880809	1
-0.032226	-1.1749	0.240046	0.240046	1	1	0.990594	0.987623	0.988931	1
-0.0364716	-1.29736	0.194517	0.194517	1	1	0.97471	0.940333	0.661359	1
-0.0379034	-1.35059	0.176838	0.176838	1	1	0.963419	0.934416	0.687117	1
-0.0459907	-1.5968	0.110321	0.377736	1	1	0.862923	0.754077	0.290678	0.999803
0.022169	0.820033	0.412204	0.412204	1	1	0.999881	0.998299	0.886629	1
0.0162256	0.5914	0.554257	0.554257	1	1	0.999999	0.999716	0.80052	1
-3.60321e-05	-0.00124564	0.999006	0.999006	1	1	1	0.999797	0.999006	1
0.0241366	0.973736	0.330196	0.428758	1	1	0.998901	0.987826	0.73189	1
-0.015883	-0.54779	0.58384	0.58384	1	1	1	0.999151	0.827107	1
-0.0407157	-1.3903	0.164449	0.285687	1	1	0.952843	0.943562	0.625477	1
-0.0180279	-0.660005	0.509256	0.531974	1	1	0.999994	0.997011	0.81641	1
-0.0497323	-1.81479	0.0695661	0.0695661	1	1	0.706469	0.6888	0.439816	1
-0.013895	-0.499148	0.617679	0.672076	1	1	1	0.998708	0.875045	1
-0.0324912	-1.18247	0.237029	0.307094	1	1	0.989939	0.97031	0.805899	1
-0.0401493	-1.41478	0.157142	0.269596	1	1	0.945321	0.871456	0.445236	1
-0.0091824	-0.329196	0.74201	0.78113	1	1	1	0.998022	0.901012	1
-0.0181919	-0.664522	0.506361	0.506361	1	1	0.999994	0.99916	0.814253	1
0.0497515	1.79676	0.0723844	0.27741	1	1	0.721223	0.650737	0.307634	1
-0.0158122	-0.561888	0.574196	0.762747	1	1	1	0.99404	0.772991	1
-0.0143792	-0.509597	0.610338	0.610338	1	1	1	0.999468	0.917206	1
0.0337459	1.18085	0.237672	0.237672	1	1	0.990082	0.961479	0.673405	1
0.0190121	0.666869	0.504861	0.580423	1	1	0.999994	0.995223	0.78024	1
-0.0105867	-0.373242	0.708971	0.826239	1	1	1	0.999823	0.968979	1
0.0116685	0.40473	0.685679	0.685679	1	1	1	0.999924	0.937623	1
-0.0273616	-1.05037	0.293556	0.32374	1	1	0.997282	0.992289	0.74685	1
-0.0184585	-0.713873	0.475311	0.479222	1	1	0.999983	0.999246	0.88309	1
-0.0196154	-0.721101	0.470853	0.586138	1	1	0.99998	0.988385	0.727682	1
-0.0199474	-0.718554	0.472421	0.602786	1	1	0.999981	0.988623	0.730106	1
-0.013265	-0.465917	0.641278	0.679797	1	1	1	0.999171	0.805673	1
-0.00651399	-0.230312	0.817851	0.856358	1	1	1	0.996289	0.859077	1
-0.011857	-0.438922	0.660721	0.660721	1	1	1	0.999751	0.990519	1
0.0238594	0.886902	0.375139	0.454133	1	1	0.999662	0.99433	0.800252	1
-0.0179603	-0.647139	0.517547	0.533181	1	1	0.999996	0.99842	0.788131	1
0.0031675	0.112752	0.910228	0.910228	1	1	1	0.999366	0.936551	1
0.0171154	0.675389	0.499434	0.563638	1	1	0.999992	0.994632	0.707531	1
0.0218679	0.855051	0.39253	0.39253	1	1	0.999791	0.997475	0.892357	1
0.0166633	0.608914	0.542586	0.624242	1	1	0.999998	0.990648	0.658992	1
0.0172128	0.624221	0.532487	0.55771	1	1	0.999998	0.996818	0.822935	1
-0.0287899	-1.02229	0.30665	0.310369	1	1	0.998022	0.982197	0.74472	1
-0.0483158	-1.69829	0.0894632	0.115948	1	1	0.796737	0.754833	0.476218	1
-0.0139652	-0.558442	0.576547	0.739917	1	1	1	0.996281	0.759472	1
-0.011049	-0.439083	0.660604	0.679711	1	1	1	0.996846	0.781004	1
0.0271498	0.971631	0.331242	0.453531	1	1	0.99893	0.992964	0.720392	1
0.0118843	0.417637	0.676215	0.684988	1	1	1	0.997536	0.766377	1
-0.00172677	-0.0671583	0.946456	0.946456	1	1	1	0.999946	0.990644	1
0.00839496	0.321604	0.747755	0.747755	1	1	1	0.999687	0.935422	1
0.0397383	1.40457	0.16016	0.266135	1	1	0.948556	0.927063	0.697569	1
0.0321868	1.16146	0.245466	0.315922	1	1	0.991672	0.974306	0.820135	1
0.0171117	0.586171	0.557765	0.588724	1	1	0.999999	0.996692	0.860323	1
0.0141675	0.502964	0.614993	0.658499	1	1	1	0.99844	0.804222	1
-0.0516689	-1.82197	0.0684699	0.0684699	1	1	0.700534	0.678523	0.408436	1
-0.0281562	-1.01054	0.312245	0.35772	1	1	0.998277	0.985758	0.663521	1
0.0166381	0.629214	0.529214	0.529214	1	1	0.999997	0.999465	0.952544	1
0.014546	0.528931	0.596857	0.596857	1	1	1	0.999914	0.924828	1
0.0108994	0.40061	0.68871	0.734856	1	1	1	0.997412	0.817442	1
0.0253269	1.02077	0.307372	0.39449	1	1	0.998057	0.9824	0.723525	1
-0.0111948	-0.387344	0.698504	0.698504	1	1	1	0.999673	0.862826	1
-0.0217201	-0.747056	0.455035	0.455035	1	1	0.999967	0.998741	0.79829	1
-0.00978571	-0.359562	0.719177	0.719177	1	1	1	0.999961	0.961087	1
-0.0218124	-0.802402	0.422327	0.422327	1	1	0.999911	0.998619	0.982073	1
-0.0406158	-1.45165	0.14661	0.237047	1	1	0.932469	0.8508	0.364191	1
-0.04608	-1.6454	0.0998972	0.128851	1	1	0.832904	0.814359	0.469748	1
-0.0529885	-1.85112	0.0641619	0.288279	1	0.834104	0.676099	0.577711	0.21815	0.750339
-0.0112129	-0.402053	0.687648	0.730672	1	1	1	0.997027	0.823688	1
-0.0221499	-0.814776	0.415207	0.499499	1	1	0.999891	0.992001	0.78428	1
0.0219229	0.805313	0.420645	0.595681	1	1	0.999907	0.984548	0.650088	1
-0.0170157	-0.662503	0.507654	0.507654	1	1	0.999994	0.999033	0.771374	1
-0.0265301	-1.02057	0.307465	0.440968	1	1	0.998061	0.981851	0.653362	1
0.0312147	1.1793	0.238288	0.473119	1	1	0.990218	0.96185	0.50432	1
0.00200917	0.0738551	0.941126	0.954049	1	1	1	0.999993	0.965832	1
0.00331084	0.117598	0.906387	0.929809	1	1	1	0.999755	0.985908	1
0.0164172	0.577196	0.563811	0.593953	1	1	0.999999	0.998186	0.798733	1
-0.0105779	-0.407645	0.683537	0.683537	1	1	1	0.999808	0.85711	1
-0.0110274	-0.430109	0.66712	0.66712	1	1	1	0.999849	0.960596	1
0.00259561	0.102772	0.918145	0.931233	1	1	1	0.999927	0.918719	1
0.0101361	0.399894	0.689237	0.702438	1	1	1	0.997204	0.90131	1
-0.000965628	-0.0366823	0.970739	0.970739	1	1	1	0.999936	0.970739	1
0.00876223	0.32909	0.74209	0.74209	1	1	1	0.99867	0.88458	1
0.0245455	0.912522	0.361501	0.485962	1	1	0.999513	0.988738	0.711136	1
0.0199129	0.745625	0.4559	0.569535	1	1	0.999968	0.992319	0.688865	1
0.0160705	0.577013	0.563935	0.563935	1	1	0.999999	0.998937	0.879521	1
0.0219034	0.798942	0.42433	0.452333	1	1	0.999916	0.996003	0.790066	1
0.0100376	0.378643	0.704956	0.704956	1	1	1	0.99934	0.878237	1
0.0017555	0.0664449	0.947024	0.947024	1	1	1	0.999989	0.988779	1
0.00700279	0.255577	0.798279	0.857189	1	1	1	0.996492	0.798279	1
0.00671837	0.243662	0.807494	0.848112	1	1	1	0.999405	0.91516	1
-0.0241369	-0.850134	0.395257	0.417895	1	1	0.999806	0.997608	0.858445	1
-0.0185624	-0.643743	0.519747	0.664777	1	1	0.999996	0.994108	0.803245	1
-0.0161404	-0.631774	0.527539	0.590071	1	1	0.999997	0.994745	0.797044	1
-0.0349636	-1.36464	0.172378	0.332569	1	1	0.9599	0.929263	0.523233	1
0.0194554	0.705061	0.480778	0.536722	1	1	0.999986	0.994751	0.681102	1
0.00454941	0.16416	0.869607	0.869607	1	1	1	0.999951	0.966046	1
-0.0130173	-0.509233	0.610593	0.610593	1	1	1	0.999962	0.973313	1
-0.00414062	-0.161127	0.871995	0.889604	1	1	1	0.999629	0.926494	1
0.0191448	0.665581	0.505684	0.580991	1	1	0.999994	0.992863	0.760191	1
0.0287957	1.02599	0.304907	0.33189	1	1	0.997936	0.987279	0.729197	1
0.00943054	0.346765	0.72877	0.72877	1	1	1	0.999233	0.904211	1
0.00317345	0.112724	0.91025	0.933132	1	1	1	0.99986	0.978758	1
-0.00707405	-0.253716	0.799717	0.799717	1	1	1	0.999998	0.972208	1
0.00089404	0.0321407	0.97436	0.97705	1	1	1	0.999719	0.97436	1
0.000898379	0.0315562	0.974826	0.974826	1	1	1	0.9985	0.974826	1
-0.0158873	-0.539827	0.589321	0.696187	1	1	1	0.995202	0.834871	1
0.00096149	0.0343106	0.97263	0.976815	1	1	1	0.997036	0.97263	1
-0.0159956	-0.553264	0.580087	0.64088	1	1	1	0.994518	0.76112	1
-0.00911925	-0.325427	0.74486	0.761394	1	1	1	0.999746	0.936679	1
-0.0131908	-0.467448	0.640183	0.713185	1	1	1	0.994369	0.777365	1
0.000813741	0.0328875	0.973765	0.977249	1	1	1	0.999885	0.973765	1
0.0150391	0.6257	0.531516	0.659688	1	1	0.999997	0.997126	0.771886	1
-0.0129246	-0.472567	0.636526	0.636526	1	1	1	0.999695	0.90114	1
-0.00416057	-0.153321	0.878146	0.91577	1	1	1	0.989187	0.907678	1
-0.0189205	-0.679585	0.496773	0.496773	1	1	0.999991	0.998959	0.949383	1
-0.0213645	-0.746772	0.455207	0.499499	1	1	0.999967	0.997593	0.800234	1
-0.0265909	-0.929781	0.352492	0.352492	1	1	0.999382	0.994568	0.82318	1
-0.0092373	-0.318339	0.75023	0.800259	1	1	1	0.992946	0.75023	1
-0.00344487	-0.126109	0.899647	0.899647	1	1	1	0.999959	0.983558	1
0.000424518	0.0154412	0.98768	0.98768	1	1	1	0.999954	0.98768	1
-0.0194897	-0.693963	0.48771	0.48771	1	1	0.999988	0.999362	0.982873	1
-0.00604188	-0.212122	0.832013	0.832013	1	1	1	0.999999	0.932385	1
-0.00869908	-0.307973	0.758105	0.758105	1	1	1	0.999299	0.935486	1
0.00222281	0.0771752	0.938485	0.946218	1	1	1	0.999778	0.938485	1
0.0143907	0.533421	0.593746	0.593746	1	1	1	0.998901	0.866622	1
0.0137958	0.509273	0.610565	0.610565	1	1	1	0.999568	0.9436	1
-0.0072087	-0.263788	0.791945	0.792538	1	1	1	0.998343	0.841442	1
-0.012705	-0.469315	0.638848	0.638848	1	1	1	0.998778	0.836378	1
0.00388527	0.141041	0.887838	0.887838	1	1	1	0.999998	0.996354	1
0.00425616	0.153705	0.877844	0.877844	1	1	1	0.999857	0.932709	1
-0.00426264	-0.153304	0.878159	0.878159	1	1	1	0.999802	0.933044	1
-0.00256759	-0.0928993	0.925984	0.937665	1	1	1	0.996069	0.925984	1
-0.0037023	-0.131213	0.895607	0.895607	1	1	1	0.998862	0.914433	1
-0.00783549	-0.280089	0.779412	0.825612	1	1	1	0.997276	0.883333	1
-0.0266182	-1.0047	0.315051	0.380278	1	1	0.998392	0.992696	0.797967	1
-0.0145272	-0.550697	0.581846	0.581846	1	1	1	0.999609	0.907895	1
-0.0208128	-0.748184	0.454355	0.464126	1	1	0.999966	0.997661	0.805886	1
-0.0230971	-0.829312	0.406934	0.441377	1	1	0.999861	0.994617	0.864736	1
0.0125538	0.454247	0.649654	0.649654	1	1	1	0.999499	0.913288	1
0.0207354	0.73517	0.462242	0.529939	1	1	0.999974	0.997112	0.785811	1
0.0095965	0.335556	0.737208	0.737208	1	1	1	0.999755	0.991678	1
0.0102842	0.363598	0.716161	0.716161	1	1	1	0.999811	0.887112	1
-0.0128268	-0.450606	0.652277	0.652277	1	1	1	0.999786	0.938487	1
0.000874686	0.0311837	0.975123	0.979882	1	1	1	0.999826	0.986329	1
0.0142763	0.550912	0.581698	0.581698	1	1	1	0.999608	0.953963	1
-0.0103908	-0.404582	0.685788	0.693604	1	1	1	0.999108	0.8748	1
-0.0176455	-0.639199	0.522698	0.522698	1	1	0.999997	0.999569	0.903358	1
-0.0178539	-0.65698	0.511199	0.511199	1	1	0.999995	0.998407	0.835478	1
-0.00747239	-0.274911	0.783387	0.784325	1	1	1	0.999055	0.868073	1
-0.028014	-1.02342	0.306117	0.46644	1	1	0.997996	0.974126	0.593855	1
-0.0126854	-0.531915	0.594789	0.594789	1	1	1	0.999881	0.881051	1
-0.0154505	-0.595626	0.55143	0.618351	1	1	0.999999	0.993469	0.721101	1
-0.00525537	-0.18704	0.851631	0.905655	1	1	1	0.984846	0.851631	1
0.00674672	0.235663	0.813696	0.823232	1	1	1	0.999921	0.922188	1
-0.00876397	-0.321484	0.747846	0.747846	1	1	1	0.999959	0.991597	1
0.0221462	0.817858	0.413445	0.487753	1	1	0.999885	0.99518	0.744817	1
-0.00316764	-0.109622	0.91271	0.933801	1	1	1	0.999957	0.968795	1
-0.034636	-1.18824	0.234747	0.429359	1	1	0.989415	0.959667	0.554856	1
-0.00358529	-0.127451	0.898584	0.937782	1	1	1	0.998782	0.898584	1
0.000950697	0.0334971	0.973278	0.979135	1	1	1	0.998876	0.973278	1
-0.0280182	-1.10355	0.269795	0.269795	1	1	0.99523	0.98322	0.905877	1
-0.0267866	-1.02265	0.306481	0.442655	1	1	0.998014	0.987621	0.58006	1
0.00491271	0.185993	0.852452	0.852452	1	1	1	0.999235	0.903752	1
-0.0067979	-0.253599	0.799807	0.813327	1	1	1	0.99803	0.906448	1
0.0222061	0.808971	0.418538	0.499499	1	1	0.999901	0.992402	0.778048	1
0.00591508	0.212688	0.831572	0.8344	1	1	1	0.999714	0.889404	1
0.0322836	1.12565	0.260325	0.260325	1	1	0.994061	0.991971	0.83419	1
0.0202478	0.701853	0.482776	0.520256	1	1	0.999986	0.997021	0.746108	1
0.00745069	0.257217	0.797013	0.858957	1	1	1	0.984501	0.846827	1
0.00125445	0.0431717	0.965565	0.968799	1	1	1	0.99995	0.996299	1
-0.0294078	-1.06293	0.287822	0.373128	1	1	0.996881	0.987876	0.746408	1
-0.0197126	-0.714946	0.474648	0.485146	1	1	0.999982	0.999153	0.921801	1
-0.0163343	-0.557024	0.577515	0.577515	1	1	1	0.998714	0.72215	1
-0.0209125	-0.718122	0.472688	0.514589	1	1	0.999981	0.995884	0.754128	1
-0.0122063	-0.425921	0.670168	0.670168	1	1	1	0.99986	0.942554	1
-0.0390716	-1.36993	0.170719	0.365282	1	1	0.958511	0.912275	0.543484	1
-0.0216608	-0.810472	0.417676	0.417676	1	1	0.999898	0.99848	0.941624	1
-0.0066862	-0.243931	0.807286	0.807286	1	1	1	0.999993	0.94556	1
-0.0160301	-0.563243	0.573273	0.726573	1	1	0.999999	0.98585	0.705005	1
0.0433869	1.52901	0.126273	0.294307	1	1	0.899217	0.827064	0.415836	1
0.00248751	0.0895705	0.928629	0.942326	1	1	1	0.999528	0.981682	1
0.0239939	0.863297	0.387981	0.47395	1	1	0.999763	0.992627	0.769481	1
0.047956	1.70295	0.0885874	0.170754	1	1	0.793388	0.70057	0.301197	1
0.02518	0.889736	0.373615	0.449092	1	1	0.999648	0.992992	0.793931	1
0.0199967	0.702688	0.482255	0.543496	1	1	0.999986	0.994837	0.719988	1
0.0301626	1.0693	0.284944	0.346488	1	1	0.99666	0.975012	0.692007	1
-0.0121177	-0.450129	0.652621	0.710326	1	1	1	0.99939	0.908594	1
-0.0219627	-0.825405	0.409148	0.426399	1	1	0.99987	0.998075	0.793379	1
-0.00884853	-0.332296	0.739668	0.792113	1	1	1	0.997073	0.785897	1
0.00383152	0.144929	0.884768	0.890181	1	1	1	0.999765	0.940081	1
0.0163719	0.562811	0.573568	0.750722	1	1	0.999999	0.997436	0.864742	1
-0.0182298	-0.620289	0.535072	0.536767	1	1	0.999998	0.997965	0.784216	1
0.0343546	1.16993	0.242037	0.531875	1	1	0.991005	0.87504	0.369717	1
0.0347725	1.17992	0.23804	0.424557	1	1	0.990163	0.949736	0.506535	1
0.00152152	0.0523569	0.958245	0.958245	1	1	1	0.999134	0.971157	1
0.0320741	1.11315	0.265655	0.49736	1	1	0.994748	0.954396	0.506292	1
0.0173212	0.593176	0.553068	0.553068	1	1	0.999999	0.998819	0.777535	1
0.0250287	0.867797	0.385512	0.385512	1	1	0.999746	0.995283	0.936244	1
-0.0592039	-2.15971	0.0308031	0.103773	0.523653	0.49285	0.412505	0.393834	0.261827	0.900567
-0.032609	-1.13938	0.254555	0.290127	1	1	0.993223	0.977558	0.631001	1
0.0302635	1.19039	0.233901	0.307138	1	1	0.989214	0.959129	0.662719	1
-0.00421196	-0.171564	0.863782	0.893348	1	1	1	0.995459	0.874164	1
0.0189869	0.715769	0.474139	0.499499	1	1	0.999982	0.996925	0.783457	1
0.0165691	0.677216	0.498274	0.632451	1	1	0.999992	0.995299	0.77006	1
-0.0230883	-0.787951	0.430732	0.561383	1	1	0.999931	0.988971	0.732244	1
-0.0276969	-0.942513	0.345937	0.345937	1	1	0.999266	0.990628	0.840134	1
-0.0097348	-0.355607	0.722137	0.814936	1	1	1	0.98765	0.748362	1
-0.0267579	-1.00138	0.316651	0.425878	1	1	0.998455	0.989632	0.741859	1
-0.0384688	-1.34132	0.179826	0.384478	1	1	0.965612	0.924006	0.457115	1
-0.0601215	-2.17264	0.029815	0.100864	0.506855	0.47704	0.402239	0.383869	0.253427	0.871677
-0.055767	-2.04728	0.0406393	0.167072	0.690868	0.650228	0.506039	0.485114	0.262846	0.904074
-0.0140382	-0.530244	0.595947	0.655814	1	1	1	0.998674	0.902691	1
-0.0481265	-1.79057	0.0733716	0.0733716	1	1	0.726224	0.726224	0.752432	1
0.0210422	0.756016	0.449645	0.540331	1	1	0.999961	0.991583	0.66407	1
-0.0183724	-0.700595	0.483561	0.552582	1	1	0.999987	0.99494	0.710842	1
-0.0160076	-0.58757	0.556825	0.556825	1	1	0.999999	0.999341	0.988434	1
0.032629	1.28816	0.197701	0.197701	1	1	0.976356	0.963268	0.913602	1
0.0203728	0.768666	0.442098	0.442098	1	1	0.999951	0.999842	0.901456	1
-0.00240055	-0.0879049	0.929953	0.949021	1	1	1	0.999656	0.981583	1
0.0290004	1.0213	0.307121	0.42972	1	1	0.998045	0.974498	0.652631	1
-0.00270872	-0.10442	0.916837	0.923285	1	1	1	0.999876	0.916837	1
0.0197754	0.76447	0.444593	0.628755	1	1	0.999954	0.970646	0.618124	1
-0.0203624	-0.879446	0.379166	0.499499	1	1	0.999698	0.986298	0.697378	1
-0.00103484	-0.041985	0.966511	0.976633	1	1	1	0.999819	0.978779	1
-0.00381687	-0.150482	0.880385	0.90402	1	1	1	0.993858	0.935409	1
0.0165812	0.62592	0.531372	0.531372	1	1	0.999997	0.99891	0.760047	1
-0.00709446	-0.268326	0.78845	0.894481	1	1	1	0.955247	0.837728	1
0.0083193	0.307004	0.758843	0.818756	1	1	1	0.999762	0.918337	1
0.000181423	0.00694494	0.994459	0.995982	1	1	1	0.994459	0.994459	1
-0.0102917	-0.372732	0.709351	0.815464	1	1	1	0.999397	0.977877	1
-0.0213833	-0.779426	0.435735	0.557367	1	1	0.99994	0.989723	0.73764	1
-0.00252737	-0.0905405	0.927858	0.927858	1	1	1	0.999906	0.987595	1
-0.0311228	-1.16638	0.243469	0.243469	1	1	0.991289	0.964851	0.68983	1
-0.0352291	-1.30776	0.190965	0.426874	1	1	0.972745	0.948531	0.503178	1
-0.0264695	-0.922281	0.356389	0.357631	1	1	0.999442	0.99215	0.845815	1
0.00067741	0.0241488	0.980734	0.980734	1	1	1	0.999998	0.99958	1
-0.0249938	-0.958613	0.337761	0.496461	1	1	0.999094	0.986931	0.644444	1
-0.031056	-1.1981	0.230888	0.368644	1	1	0.98847	0.944296	0.552383	1
0.00584885	0.232054	0.816498	0.844993	1	1	1	0.998923	0.867529	1
0.0441175	1.59083	0.111659	0.111659	1	1	0.866386	0.809404	0.474551	1
-0.00345055	-0.129979	0.896584	0.896584	1	1	1	0.999838	0.971268	1
0.000104699	0.00387253	0.99691	0.997707	1	1	1	0.99999	0.997391	1
0.037918	1.30762	0.191012	0.191012	1	1	0.972772	0.948573	0.811802	1
0.0258955	0.890848	0.373018	0.437162	1	1	0.999642	0.990612	0.792663	1
-0.00436845	-0.153922	0.877673	0.877673	1	1	1	0.999985	0.990985	1
-0.0166104	-0.574613	0.565557	0.565557	1	1	0.999999	0.99997	0.991541	1
-0.0120012	-0.416121	0.677324	0.677324	1	1	1	0.999859	0.874159	1
0.00150447	0.0520322	0.958503	0.958503	1	1	1	0.999956	0.958503	1
-0.00560555	-0.192645	0.847238	0.880892	1	1	1	0.994572	0.847238	1
-0.0101157	-0.354808	0.722736	0.722736	1	1	1	0.99977	0.877608	1
-0.0210636	-0.726354	0.467628	0.540712	1	1	0.999978	0.9954	0.70248	1
-0.017613	-0.607897	0.543261	0.555642	1	1	0.999998	0.998106	0.804111	1
-0.0356815	-1.22339	0.221193	0.471235	1	1	0.985734	0.917908	0.470035	1
-0.0487462	-1.72859	0.0838922	0.0838922	1	1	0.774528	0.774528	0.840993	1
-0.0116822	-0.402642	0.687214	0.758314	1	1	1	0.997939	0.834474	1
0.0173446	0.599905	0.548574	0.548574	1	1	0.999999	0.998972	0.63575	1
-0.0296777	-1.0248	0.305466	0.305466	1	1	0.997964	0.99125	0.879956	1
0.00480811	0.166893	0.867455	0.867455	1	1	1	0.999772	0.95992	1
-0.00665884	-0.228217	0.819479	0.819479	1	1	1	0.999965	0.889026	1
0.00660098	0.233979	0.815003	0.815003	1	1	1	0.999785	0.839812	1
0.0191207	0.67276	0.501105	0.501105	1	1	0.999993	0.998816	0.831054	1
-0.0116404	-0.41645	0.677083	0.753325	1	1	1	0.999634	0.912334	1
-0.0183352	-0.645457	0.518636	0.518636	1	1	0.999996	0.998612	0.89727	1
-0.0132802	-0.477147	0.633261	0.71768	1	1	1	0.999108	0.894598	1
-0.0101077	-0.357769	0.720519	0.720519	1	1	1	0.99999	0.953065	1
-0.00369041	-0.129172	0.897223	0.90993	1	1	1	0.999682	0.947608	1
-0.0173906	-0.603887	0.545923	0.707332	1	1	0.999999	0.991235	0.772286	1
0.015441	0.546819	0.584507	0.584507	1	1	1	0.999631	0.986698	1
-0.018597	-0.683386	0.494368	0.494368	1	1	0.999991	0.998908	0.903828	1
-0.0201489	-0.72905	0.465977	0.465977	1	1	0.999977	0.998114	0.858593	1
-0.00987417	-0.353553	0.723676	0.723676	1	1	1	0.999555	0.961935	1
-0.00698633	-0.258609	0.795939	0.869925	1	1	1	0.998355	0.877631	1
-0.0293947	-1.00385	0.315458	0.315458	1	1	0.998409	0.996604	0.900925	1
-0.0147561	-0.540414	0.588916	0.701439	1	1	1	0.995392	0.801249	1
-0.00369013	-0.132769	0.894377	0.89605	1	1	1	0.999929	0.96197	1
-0.0129283	-0.465537	0.641551	0.680908	1	1	1	0.996815	0.799185	1
-0.0211936	-0.762877	0.445542	0.499499	1	1	0.999956	0.995614	0.771963	1
-0.00560154	-0.202012	0.839909	0.864225	1	1	1	0.993131	0.892403	1
-0.0165809	-0.58855	0.556168	0.681575	1	1	0.999999	0.981722	0.675347	1
-0.0657652	-2.41044	0.0159392	0.0489251	0.270967	0.255027	0.239021	0.226695	0.0982915	0.338079
-0.0332696	-1.20872	0.226779	0.226779	1	1	0.987377	0.983675	0.980739	1
0.00978206	0.366134	0.714267	0.790578	1	1	1	0.985025	0.809503	1
0.0102302	0.35912	0.719507	0.719507	1	1	1	0.999863	0.989962	1
0.0149968	0.551078	0.581584	0.698036	1	1	1	0.989961	0.659129	1
-0.0224279	-0.806109	0.420186	0.550106	1	1	0.999905	0.982575	0.649379	1
-0.0180667	-0.65719	0.511064	0.59445	1	1	0.999995	0.996393	0.770119	1
0.0298418	1.02283	0.306395	0.495411	1	1	0.99801	0.97423	0.587433	1
-0.00745453	-0.276319	0.782305	0.84825	1	1	1	0.984113	0.831199	1
-0.00141135	-0.0507381	0.959535	0.959535	1	1	1	0.999934	0.993221	1
0.0189711	0.720632	0.471141	0.552583	1	1	0.99998	0.996324	0.80094	1
-0.0109713	-0.396655	0.691625	0.758777	1	1	1	0.998978	0.846969	1
-0.0161526	-0.57128	0.567814	0.567814	1	1	0.999999	0.998343	0.721238	1
-0.031048	-1.10024	0.271236	0.499499	1	1	0.995387	0.942019	0.471117	1
0.018018	0.639222	0.522683	0.522683	1	1	0.999997	0.999386	0.935909	1
-0.0395268	-1.3768	0.168585	0.210022	1	1	0.956659	0.924587	0.601327	1
-0.0261752	-0.941558	0.346426	0.499499	1	1	0.999276	0.97824	0.61947	1
-0.00198357	-0.0693436	0.944717	0.947239	1	1	1	0.999372	0.949002	1
-0.0198317	-0.725367	0.468232	0.615515	1	1	0.999978	0.987665	0.663329	1
0.0201033	0.699289	0.484377	0.499499	1	1	0.999987	0.998428	0.799926	1
-0.0220159	-0.783379	0.433411	0.600691	1	1	0.999936	0.973865	0.613999	1
-0.0190793	-0.679753	0.496666	0.634169	1	1	0.999991	0.99588	0.844332	1
0.00591127	0.211744	0.832308	0.832308	1	1	1	0.999998	0.923439	1
-0.0399791	-1.43488	0.151331	0.320156	1	1	0.938545	0.881532	0.514524	1
-0.0412901	-1.48005	0.138869	0.422752	1	1	0.921264	0.853812	0.315559	1
-0.0169103	-0.683997	0.493982	0.499499	1	1	0.999991	0.998005	0.702521	1
-0.00658709	-0.237174	0.812523	0.86433	1	1	1	0.999135	0.932457	1
-0.0214538	-0.775573	0.438007	0.574939	1	1	0.999944	0.979391	0.510451	1
0.00605299	0.217765	0.827613	0.849061	1	1	1	0.99456	0.879339	1
-0.028901	-1.05604	0.290956	0.290956	1	1	0.997106	0.983854	0.761081	1
-0.00475465	-0.181259	0.856166	0.884736	1	1	1	0.997459	0.909676	1
0.013084	0.479803	0.631371	0.631371	1	1	1	0.998798	0.802958	1
-0.0440135	-1.61637	0.106024	0.142	1	1	0.851222	0.739438	0.300401	1
-0.0517928	-1.87579	0.0606936	0.0801754	1	0.84971	0.655076	0.5838	0.257948	0.887225
-0.00597213	-0.224532	0.822345	0.892554	1	1	1	0.998502	0.822345	1
-0.0168878	-0.602821	0.546632	0.546632	1	1	0.999999	0.99842	0.807429	1
-0.0298949	-1.08999	0.275725	0.499499	1	1	0.995847	0.945156	0.520813	1
-0.0255066	-0.958339	0.337899	0.424802	1	1	0.999097	0.993863	0.682803	1
0.0102894	0.414318	0.678644	0.678644	1	1	1	0.998613	0.87771	1
-0.00476396	-0.191776	0.847919	0.847919	1	1	1	0.999941	0.935529	1
-0.0119438	-0.423615	0.671849	0.671849	1	1	1	0.999726	0.897008	1
0.0232614	0.907452	0.364175	0.424058	1	1	0.999546	0.995534	0.697091	1
-0.0181306	-0.747025	0.455054	0.455054	1	1	0.999967	0.99769	0.876905	1
-0.0285196	-0.815714	0.414672	0.53424	1	1	0.999889	0.990842	0.704942	1
-0.0732684	-2.08899	0.0367201	0.0367201	0.624242	0.587522	0.47059	0.450409	0.312121	1
0.0169413	0.477913	0.632716	0.755598	1	1	1	0.968362	0.671753	1
-0.0279531	-0.789012	0.430113	0.528918	1	1	0.999929	0.989532	0.641708	1
0.0120871	0.343164	0.731478	0.774407	1	1	1	0.999709	0.894868	1
0.0343338	0.966591	0.333759	0.333759	1	1	0.998996	0.988678	0.810557	1
0.013777	0.393601	0.693879	0.693879	1	1	1	0.999651	0.842568	1
-0.0109311	-0.309975	0.756583	0.768989	1	1	1	0.999145	0.857461	1
0.00271918	0.0771228	0.938527	0.95567	1	1	1	0.991231	0.938527	1
0.0237762	0.674291	0.500133	0.555868	1	1	0.999992	0.996102	0.807846	1
-0.0104826	-0.297562	0.76604	0.76604	1	1	1	0.999185	0.861603	1
-0.00965762	-0.273294	0.78463	0.807431	1	1	1	0.999537	0.942127	1
-0.0163524	-0.462752	0.643546	0.643546	1	1	1	0.999739	0.919154	1
0.0183521	0.522387	0.601406	0.601406	1	1	1	0.999634	0.885224	1
-0.0256004	-0.721959	0.470327	0.498777	1	1	0.99998	0.998262	0.804757	1
0.0215746	0.616054	0.537865	0.537865	1	1	0.999998	0.999039	0.984946	1
0.0507491	1.45527	0.145608	0.331626	1	1	0.931107	0.88954	0.574232	1
0.00631763	0.180006	0.857149	0.857149	1	1	1	0.999382	0.968254	1
-0.0296499	-0.840375	0.400707	0.400707	1	1	0.999834	0.997854	0.988065	1
-0.0418769	-1.18287	0.236873	0.236873	1	1	0.989904	0.977475	0.871718	1
-0.0074433	-0.209741	0.833872	0.865	1	1	1	0.999116	0.904211	1
-0.0366615	-1.03641	0.300024	0.523609	1	1	0.997675	0.942927	0.510041	1
-0.0246619	-0.698672	0.484764	0.484764	1	1	0.999987	0.999321	0.849906	1
0.0287339	0.810786	0.417497	0.417497	1	1	0.999898	0.99738	0.943355	1
-0.011981	-0.337779	0.735533	0.786688	1	1	1	0.999658	0.8842	1
0.0495659	1.41422	0.15731	0.382233	1	1	0.945506	0.890855	0.434694	1
0.0301163	0.850828	0.394874	0.499499	1	1	0.999804	0.991888	0.644633	1
0.00387586	0.111638	0.911111	0.911111	1	1	1	0.999951	0.968056	1
0.0642785	1.82928	0.0673702	0.0673702	1	1	0.694467	0.672397	0.382735	1
-0.00626336	-0.177945	0.858768	0.892581	1	1	1	0.997183	0.964175	1
-0.0852276	-2.41335	0.0158143	0.10802	0.268843	0.253028	0.237377	0.225123	0.134421	0.462349
-0.00533229	-0.150916	0.880043	0.931633	1	1	1	0.997769	0.935046	1
0.0454379	1.28862	0.197544	0.262376	1	1	0.976277	0.954091	0.826446	1
-0.02766	-0.780312	0.435215	0.435215	1	1	0.999939	0.999362	0.854373	1
0.0202775	0.576513	0.564274	0.564274	1	1	0.999999	0.999857	0.922274	1
0.00544692	0.153918	0.877676	0.89826	1	1	1	0.999674	0.93253	1
0.00773402	0.21951	0.826255	0.826255	1	1	1	0.999851	0.9873	1
0.0200764	0.576992	0.56395	0.714536	1	1	0.999999	0.983282	0.639144	1
-0.037706	-1.06562	0.286605	0.499499	1	1	0.996789	0.964827	0.520214	1
-0.00936283	-0.267792	0.788862	0.788862	1	1	1	0.99958	0.974704	1
-0.0574831	-1.61955	0.105343	0.216679	1	1	0.849282	0.831536	0.590574	1
0.0203659	0.574933	0.565342	0.565342	1	1	0.999999	0.999945	0.982399	1
0.0743336	2.08974	0.0366519	0.0366519	0.623083	0.623083	0.469952	0.469952	0.623083	1
0.00382368	0.109626	0.912707	0.912707	1	1	1	0.999994	0.978876	1
-0.0197227	-0.565105	0.572008	0.596484	1	1	0.999999	0.997369	0.852547	1
-0.00821869	-0.232988	0.815773	0.816708	1	1	1	0.999784	0.972017	1
0.00336379	0.0952752	0.924097	0.924097	1	1	1	0.999968	0.999844	1
0.024395	0.688056	0.491424	0.499499	1	1	0.99999	0.997724	0.928246	1
0.0307198	0.871035	0.383744	0.383744	1	1	0.999733	0.998625	0.992242	1
-0.034104	-0.959266	0.337435	0.364901	1	1	0.999086	0.989198	0.819485	1
0.0309606	0.874548	0.381829	0.496656	1	1	0.999719	0.991851	0.727178	1
0.0403618	1.13398	0.256817	0.48667	1	1	0.993564	0.948601	0.511862	1
0.0315225	0.903517	0.366261	0.448532	1	1	0.999571	0.991785	0.734822	1
-0.0203524	-0.577752	0.563438	0.563438	1	1	0.999999	0.999749	0.983694	1
0.0097332	0.276596	0.782093	0.843401	1	1	1	0.997409	0.85152	1
-0.0701606	-2.01515	0.0439011	0.0892205	0.746318	0.746318	0.533826	0.533826	0.469536	1
0.051687	1.46965	0.141671	0.229216	1	1	0.925507	0.898887	0.655021	1
0.0509741	1.47522	0.140166	0.140166	1	1	0.923256	0.923256	0.839256	1
0.0441744	1.24755	0.212209	0.37104	1	1	0.982663	0.964539	0.61058	1
-0.0173622	-0.490222	0.623982	0.623982	1	1	1	0.999147	0.883974	1
0.012166	0.344944	0.730139	0.768375	1	1	1	0.999614	0.910045	1
0.0159163	0.45225	0.651093	0.651093	1	1	1	0.999506	0.898504	1
0.0270411	0.773636	0.439154	0.499499	1	1	0.999946	0.997032	0.802915	1
-0.100399	-2.83066	0.00464931	0.00464931	0.0790383	0.0790383	0.0761658	0.0761658	0.0790383	0.271857
0.0179135	0.508864	0.610853	0.687649	1	1	1	0.997501	0.813808	1
-0.0119183	-0.339514	0.734226	0.734226	1	1	1	0.999982	0.912174	1
-0.0414889	-1.17434	0.24027	0.481528	1	1	0.990641	0.949501	0.490906	1
0.00962832	0.274171	0.783955	0.783955	1	1	1	0.999771	0.893454	1
0.019575	0.554877	0.578985	0.724542	1	1	1	0.975192	0.674427	1
-0.0388095	-1.1032	0.269953	0.269953	1	1	0.995247	0.980259	0.764866	1
-0.00827068	-0.237283	0.812439	0.812439	1	1	1	0.99998	0.920764	1
-0.0121774	-0.343889	0.730933	0.730933	1	1	1	0.999958	0.994284	1
0.0192007	0.543236	0.586973	0.586973	1	1	1	0.99978	0.854268	1
-0.0433028	-1.23065	0.218467	0.226031	1	1	0.984861	0.933996	0.530562	1
-0.00251545	-0.0714314	0.943055	0.948995	1	1	1	0.997582	0.943055	1
0.039934	1.13393	0.256836	0.381472	1	1	0.993567	0.961812	0.623745	1
-0.028307	-0.797213	0.425336	0.499499	1	1	0.999919	0.993165	0.742796	1
-0.0528518	-1.51029	0.130984	0.130984	1	1	0.908067	0.908067	0.914198	1
0.0246191	0.712086	0.476419	0.476419	1	1	0.999983	0.999189	0.963588	1
0.0377887	1.05966	0.289311	0.362753	1	1	0.99699	0.983398	0.798792	1
-0.0646144	-1.84391	0.0652099	0.0652099	1	0.978149	0.682211	0.636327	0.369523	1
0.037053	1.04298	0.296967	0.296967	1	1	0.997496	0.992795	0.829338	1
-0.00144082	-0.0408927	0.967382	0.974647	1	1	1	0.995905	0.967382	1
-0.0328763	-0.929686	0.352544	0.414745	1	1	0.999383	0.993564	0.794678	1
-0.00337827	-0.0961128	0.923432	0.923432	1	1	1	0.999977	0.953563	1
0.0352628	0.989149	0.322601	0.431331	1	1	0.998668	0.986941	0.716984	1
0.00923272	0.260441	0.794526	0.794526	1	1	1	0.999985	0.933063	1
-0.00342165	-0.0971017	0.922646	0.922646	1	1	1	0.999795	0.922646	1
0.0121825	0.348153	0.727729	0.788703	1	1	1	0.996677	0.831203	1
-0.0545682	-1.55239	0.120582	0.120582	1	1	0.887456	0.854477	0.475483	1
0.00200316	0.0570693	0.954491	0.960954	1	1	1	0.997929	0.970524	1
-0.00832751	-0.243815	0.807377	0.8438	1	1	1	0.99774	0.857838	1
0.0105066	0.302691	0.762128	0.762128	1	1	1	0.999938	0.936671	1
0.000935749	0.0271624	0.97833	0.981041	1	1	1	0.998194	0.97833	1
0.0709258	2.01384	0.0440377	0.139183	0.748641	0.733064	0.534957	0.527321	0.354278	1
-0.0265599	-0.755673	0.449853	0.449853	1	1	0.999961	0.999231	0.871072	1
-0.0278139	-0.789991	0.429542	0.429542	1	1	0.999928	0.997918	0.987954	1
-0.0660778	-1.87937	0.0602074	0.0940623	1	0.963319	0.652028	0.629735	0.511763	1
0.0630366	1.77726	0.0755386	0.289218	1	1	0.736907	0.736907	0.486379	1
-0.0594711	-1.7312	0.0834302	0.176967	1	1	0.772587	0.772587	0.719586	1
-0.0273407	-0.782387	0.433995	0.433995	1	1	0.999937	0.999146	0.924126	1
-0.00746015	-0.212432	0.831772	0.831772	1	1	1	0.999918	0.942674	1
0.0115785	0.334836	0.737752	0.737752	1	1	1	0.999915	0.95662	1
0.00253017	0.0719462	0.942645	0.954992	1	1	1	0.998743	0.942645	1
-0.0357616	-1.031	0.302551	0.387576	1	1	0.997814	0.986752	0.716189	1
0.0341617	0.968944	0.332583	0.499499	1	1	0.998965	0.987677	0.572821	1
0.0401304	1.14245	0.253278	0.253278	1	1	0.993023	0.983242	0.985336	1
-0.0320302	-0.905759	0.365073	0.503216	1	1	0.999557	0.982214	0.568348	1
0.0209775	0.594268	0.552339	0.552339	1	1	0.999999	0.999962	0.91621	1
-0.0403421	-1.13858	0.254891	0.254891	1	1	0.993274	0.986213	0.935831	1
-0.0411171	-1.15834	0.246737	0.246737	1	1	0.991907	0.981066	0.928807	1
-0.0362004	-1.02007	0.307708	0.307708	1	1	0.998073	0.991352	0.847063	1
0.0283438	0.799082	0.424251	0.424251	1	1	0.999916	0.996621	0.901534	1
-0.0191043	-0.543894	0.58652	0.58652	1	1	1	0.99994	0.926693	1
0.00301505	0.0856937	0.931711	0.931711	1	1	1	0.999942	0.939255	1
0.0212077	0.599447	0.548881	0.548881	1	1	0.999999	0.999651	0.989097	1
0.0105119	0.299823	0.764315	0.775003	1	1	1	0.999137	0.812085	1
0.0384309	1.08925	0.276057	0.276057	1	1	0.995879	0.984998	0.84951	1
-0.0212704	-0.604203	0.545715	0.643054	1	1	0.999999	0.996007	0.823798	1
-0.0178955	-0.506887	0.612239	0.612239	1	1	1	0.999817	0.979276	1
-0.00738697	-0.213942	0.830595	0.830595	1	1	1	0.999873	0.958399	1
0.000514535	0.0149826	0.988046	0.988046	1	1	1	0.999892	0.988046	1
-0.000437261	-0.0126126	0.989937	0.990435	1	1	1	0.99945	0.989937	1
-0.00340876	-0.0964571	0.923158	0.923158	1	1	1	0.999656	0.940571	1
0.0461625	1.31349	0.18903	0.18903	1	1	0.971615	0.919079	0.474534	1
0.0832279	2.35532	0.018515	0.018515	0.314756	0.314756	0.272183	0.272183	0.18588	0.639344
-0.0229331	-0.648554	0.516633	0.541275	1	1	0.999996	0.99702	0.878276	1
0.00761876	0.218836	0.82678	0.82678	1	1	1	0.99959	0.904116	1
-0.0199978	-0.57968	0.562136	0.562136	1	1	0.999999	0.999168	0.81779	1
0.00305998	0.086752	0.930869	0.95049	1	1	1	0.989103	0.930869	1
-0.0218195	-0.616012	0.537893	0.537893	1	1	0.999998	0.999059	0.831289	1
-0.0281668	-0.794068	0.427164	0.427164	1	1	0.999923	0.996195	0.863588	1
-0.00959064	-0.273197	0.784705	0.801832	1	1	1	0.9999	0.925292	1
-0.008897	-0.256524	0.797548	0.850862	1	1	1	0.99173	0.89669	1
-0.00786601	-0.225287	0.821758	0.851682	1	1	1	0.994817	0.914278	1
-0.0575299	-1.62445	0.104294	0.372735	1	1	0.846251	0.786048	0.397143	1
0.0044309	0.130217	0.896396	0.907558	1	1	1	0.995311	0.896396	1
0.0357781	1.01811	0.308635	0.308635	1	1	0.998116	0.9943	0.88044	1
-0.0064662	-0.188672	0.850351	0.850351	1	1	1	0.999696	0.928815	1
0.072605	2.05722	0.0396766	0.0396766	0.674503	0.674503	0.497545	0.497545	0.674503	1
-0.0779502	-2.21144	0.0270156	0.135054	0.459266	0.43225	0.372231	0.354801	0.166508	0.572714
-0.0589028	-1.67318	0.094306	0.094306	1	1	0.814354	0.814354	0.841268	1
-0.0868453	-2.45659	0.0140335	0.0140335	0.23857	0.224536	0.213576	0.202383	0.119285	0.410287
0.0746126	2.09937	0.0357949	0.0357949	0.608514	0.572719	0.461879	0.441902	0.304257	1
-0.0660422	-1.9351	0.052991	0.052991	0.900847	0.900847	0.603704	0.603704	0.530923	1
0.0136683	0.389791	0.696695	0.696695	1	1	1	0.999764	0.905876	1
-0.00297446	-0.0841076	0.932972	0.932972	1	1	1	0.999915	0.932972	1
0.0543905	1.55862	0.1191	0.1191	1	1	0.884189	0.850756	0.655477	1
-0.0137122	-0.391591	0.695364	0.695364	1	1	1	0.999956	0.996794	1
-0.0257668	-0.751398	0.452421	0.452421	1	1	0.999964	0.998673	0.935802	1
-0.0357669	-1.02346	0.306103	0.306103	1	1	0.997995	0.996796	0.857387	1
-0.0561136	-1.58133	0.113817	0.301025	1	1	0.871797	0.83675	0.551697	1
0.0181157	0.515025	0.606541	0.619483	1	1	1	0.998827	0.793169	1
0.00129389	0.0366249	0.970784	0.970784	1	1	1	0.999932	0.970784	1
-0.000267151	-0.00756415	0.993965	0.996118	1	1	1	0.999471	0.993965	1
0.0174896	0.498057	0.618448	0.618448	1	1	1	0.999551	0.925434	1
0.00486019	0.13818	0.890099	0.909056	1	1	1	0.999912	0.945731	1
-0.000284699	-0.00804445	0.993582	0.993582	1	1	1	0.999816	0.993582	1
0.0127225	0.358618	0.719884	0.719884	1	1	1	0.999764	0.940688	1
-0.0285302	-0.811126	0.417302	0.417302	1	1	0.999897	0.998468	0.87837	1
0.00472439	0.133059	0.894148	0.901684	1	1	1	0.999647	0.95496	1
-0.0138331	-0.39025	0.696355	0.798743	1	1	1	0.989982	0.789203	1
0.00557419	0.159189	0.873522	0.873522	1	1	1	0.99982	0.873522	1
0.0251474	0.716531	0.473671	0.473671	1	1	0.999982	0.999392	0.976582	1
0.027114	0.776969	0.437185	0.498701	1	1	0.999943	0.99806	0.719841	1
-0.00287476	-0.0808921	0.935529	0.935529	1	1	1	0.99996	0.987163	1
-0.0107328	-0.301744	0.76285	0.76285	1	1	1	0.999944	0.888929	1
0.0328866	0.927918	0.35346	0.465667	1	1	0.999397	0.991748	0.726371	1
0.00870183	0.245582	0.806008	0.806008	1	1	1	0.999929	0.940652	1
0.000266505	0.00756504	0.993964	0.993964	1	1	1	0.999989	0.993964	1
0.0219723	0.618395	0.536321	0.536321	1	1	0.999998	0.999787	0.782218	1
0.067486	2.00686	0.0447763	0.12405	0.761197	0.71642	0.541027	0.519513	0.380598	1
0.00581132	0.166174	0.868022	0.868022	1	1	1	0.999628	0.90734	1
-0.0524308	-1.50339	0.132752	0.30429	1	1	0.911195	0.897602	0.595766	1
-0.0249401	-0.712068	0.47643	0.499499	1	1	0.999983	0.997044	0.899924	1
0.039826	1.12702	0.259746	0.466028	1	1	0.993982	0.979958	0.503934	1
0.0548847	1.55629	0.119653	0.369627	1	1	0.885418	0.817816	0.343955	1
0.0311176	0.88981	0.373577	0.439347	1	1	0.999648	0.997239	0.694698	1
-0.0209051	-0.592245	0.553692	0.553692	1	1	0.999999	0.999297	0.989451	1
0.0405559	1.18478	0.236116	0.509085	1	1	0.989733	0.899877	0.401398	1
-0.00188609	-0.0533183	0.957479	0.963279	1	1	1	0.99969	0.999758	1
0.00741341	0.208673	0.834706	0.834706	1	1	1	0.999765	0.892726	1
-0.0371632	-1.04894	0.294219	0.294219	1	1	0.997325	0.991208	0.9711	1
0.0264275	0.760732	0.446825	0.446825	1	1	0.999957	0.999546	0.998099	1
-0.0133815	-0.379397	0.704397	0.704397	1	1	1	0.999463	0.82375	1
-0.0615864	-1.78028	0.0750443	0.239376	1	1	0.734505	0.712965	0.48367	1
-0.0655038	-1.86762	0.0618279	0.0684965	1	0.989246	0.662089	0.639819	0.525537	1
-0.0568983	-1.6	0.109614	0.109614	1	1	0.861058	0.843953	0.577185	1
-0.072493	-2.07096	0.0383741	0.0383741	0.65236	0.638693	0.485833	0.478476	0.32618	1
-0.0110986	-0.316353	0.751738	0.758921	1	1	1	0.999022	0.81596	1
-0.0132373	-0.37203	0.709874	0.764657	1	1	1	0.996436	0.804524	1
-0.0303077	-0.855256	0.392418	0.460858	1	1	0.99979	0.995835	0.74739	1
0.0222039	0.626028	0.531303	0.531303	1	1	0.999997	0.999488	0.918439	1
-0.035005	-0.988714	0.322814	0.322814	1	1	0.998676	0.993034	0.832747	1
0.0670391	1.89871	0.0576156	0.0576156	0.979466	0.979466	0.635349	0.635349	0.497667	1
0.0215592	0.613546	0.539522	0.594881	1	1	0.999998	0.99561	0.760318	1
-0.0309504	-0.876432	0.380804	0.380804	1	1	0.999711	0.995284	0.813612	1
0.002393	0.0671836	0.946436	0.946436	1	1	1	0.999912	0.982171	1
0.000383321	0.0108606	0.991335	0.991335	1	1	1	0.999901	0.991335	1
-0.022796	-0.646783	0.517779	0.572333	1	1	0.999996	0.995742	0.770948	1
-0.0411644	-1.16535	0.24389	0.30734	1	1	0.991371	0.984907	0.786714	1
-0.0203646	-0.580382	0.561663	0.561663	1	1	0.999999	0.999403	0.937033	1
-0.00907966	-0.256993	0.797187	0.797187	1	1	1	0.999658	0.903478	1
-0.018872	-0.535298	0.592449	0.592449	1	1	1	0.99969	0.898143	1
0.00658046	0.18652	0.852039	0.852039	1	1	1	0.99984	0.938403	1
0.0144523	0.410341	0.681559	0.763719	1	1	1	0.996726	0.89127	1
-0.026795	-0.766337	0.443484	0.444423	1	1	0.999953	0.999117	0.928837	1
-0.00803231	-0.227724	0.819863	0.834098	1	1	1	0.998576	0.883852	1
-0.018622	-0.523752	0.600456	0.740156	1	1	1	0.996254	0.785212	1
-0.0362819	-1.02251	0.306549	0.398345	1	1	0.998017	0.984822	0.725528	1
0.01604	0.538032	0.590559	0.590559	1	1	1	0.999953	0.971574	1
-0.0150292	-0.506805	0.612296	0.689589	1	1	1	0.996604	0.867419	1
-0.0534692	-1.79242	0.073076	0.305983	1	1	0.724735	0.679622	0.364459	1
0.0217717	0.729719	0.465568	0.520618	1	1	0.999976	0.994843	0.791465	1
0.0378974	1.26828	0.204708	0.28479	1	1	0.979632	0.974389	0.6536	1
0.00438969	0.146117	0.88383	0.88383	1	1	1	0.999951	0.983247	1
0.0345252	1.15108	0.24971	0.526979	1	1	0.992433	0.899577	0.424507	1
-0.0299259	-0.998477	0.318056	0.336704	1	1	0.998508	0.993102	0.863052	1
0.0293237	0.978511	0.327829	0.510312	1	1	0.998833	0.967032	0.506645	1
-0.0173693	-0.584956	0.558581	0.558581	1	1	0.999999	0.999339	0.860758	1
-0.00191792	-0.0642746	0.948752	0.969134	1	1	1	0.998035	0.948752	1
-0.0238859	-0.801065	0.4231	0.529536	1	1	0.999913	0.988233	0.627078	1
-0.012978	-0.432446	0.66542	0.745768	1	1	1	0.999843	0.985164	1
-0.00322678	-0.109277	0.912983	0.925616	1	1	1	0.998012	0.936747	1
-0.0129209	-0.430752	0.666652	0.666652	1	1	1	0.998776	0.758263	1
-0.000571532	-0.0192129	0.984671	0.986039	1	1	1	0.999693	0.984671	1
0.0551724	1.8516	0.0640925	0.200745	1	1	0.67569	0.653481	0.312586	1
0.0205678	0.684648	0.493571	0.499499	1	1	0.999991	0.997809	0.907823	1
-0.0221402	-0.740168	0.459204	0.459204	1	1	0.999971	0.998283	0.926627	1
-0.0240917	-0.800723	0.423298	0.485558	1	1	0.999914	0.99869	0.71878	1
-0.00612183	-0.20409	0.838285	0.865233	1	1	1	0.999446	0.890678	1
-0.0337422	-1.1229	0.261491	0.386611	1	1	0.994218	0.980563	0.668941	1
0.0184122	0.617884	0.536656	0.620454	1	1	0.999998	0.993825	0.681034	1
0.0203654	0.687709	0.491641	0.491641	1	1	0.99999	0.999414	0.885972	1
-0.0258272	-0.871033	0.383743	0.533828	1	1	0.999733	0.979198	0.59387	1
0.0892844	2.99035	0.00278876	0.0239999	0.0474089	0.0474089	0.0463658	0.0463658	0.0474089	0.163065
0.01353	0.453053	0.650514	0.78778	1	1	1	0.985082	0.789909	1
-0.00372621	-0.126099	0.899655	0.91693	1	1	1	0.99899	0.956789	1
0.0143118	0.481935	0.629856	0.629856	1	1	1	0.99987	0.986822	1
0.0188284	0.642972	0.520247	0.520247	1	1	0.999996	0.998873	0.964892	1
-0.0277734	-0.926539	0.354173	0.354173	1	1	0.999408	0.9966	0.982828	1
-0.00771245	-0.260422	0.79454	0.816776	1	1	1	0.999925	0.970853	1
0.0604158	2.05184	0.0401941	0.136765	0.683299	0.683299	0.502127	0.502127	0.441438	1
-0.0354756	-1.19599	0.231708	0.319602	1	1	0.988677	0.971632	0.787808	1
0.0239037	0.800447	0.423458	0.423458	1	1	0.999914	0.99766	0.978631	1
0.0029382	0.0981092	0.921846	0.921846	1	1	1	0.999906	0.921846	1
0.00790544	0.265165	0.790884	0.790884	1	1	1	0.999995	0.991577	1
-0.00803891	-0.271457	0.786042	0.78761	1	1	1	0.999822	0.954479	1
-0.0285567	-0.953582	0.340303	0.499499	1	1	0.999151	0.976335	0.586064	1
0.00621688	0.209064	0.8344	0.898802	1	1	1	0.998316	0.837533	1
-0.0236947	-0.787769	0.430838	0.468444	1	1	0.999931	0.998078	0.829876	1
0.00672731	0.224024	0.82274	0.868397	1	1	1	0.993167	0.874161	1
0.0504649	1.68528	0.0919449	0.112359	1	1	0.805953	0.786305	0.758087	1
-0.00651609	-0.219027	0.826631	0.826631	1	1	1	0.999973	0.987034	1
-0.0385589	-1.29308	0.195993	0.235452	1	1	0.975486	0.944331	0.628006	1
0.0109811	0.366662	0.713874	0.713874	1	1	1	0.999994	0.935291	1
-0.0312283	-1.04012	0.298292	0.298292	1	1	0.997575	0.996545	0.980506	1
0.028837	0.958129	0.338005	0.482824	1	1	0.999099	0.983836	0.603245	1
0.00654093	0.218132	0.827328	0.828281	1	1	1	0.999512	0.937638	1
-0.0416372	-1.38762	0.165262	0.165262	1	1	0.953617	0.953617	0.865644	1
-0.00551386	-0.183442	0.854452	0.893288	1	1	1	0.999719	0.933175	1
0.00264282	0.0882033	0.929716	0.953882	1	1	1	0.99506	0.963425	1
0.0527503	1.77776	0.0754536	0.104468	1	1	0.736496	0.714991	0.389149	1
-0.0384735	-1.28419	0.199084	0.337228	1	1	0.977039	0.964206	0.628031	1
0.0196812	0.659458	0.509607	0.654428	1	1	0.999995	0.985983	0.618808	1
0.0065764	0.220636	0.825377	0.825377	1	1	1	0.999955	0.876963	1
0.00351989	0.118288	0.90584	0.90584	1	1	1	0.999988	0.998188	1
0.0235989	0.821161	0.411561	0.411561	1	1	0.999878	0.999782	0.998932	1
-0.0122212	-0.41179	0.680496	0.762428	1	1	1	0.998635	0.88988	1
-0.0220887	-0.739654	0.459516	0.59669	1	1	0.999971	0.992718	0.781177	1
0.0452991	1.52266	0.127853	0.359105	1	1	0.902271	0.831086	0.4347	1
0.00531302	0.178588	0.858262	0.877477	1	1	1	0.996316	0.911904	1
0.0177146	0.597566	0.550134	0.550134	1	1	0.999999	0.99989	0.998007	1
-0.0191951	-0.646081	0.518231	0.518231	1	1	0.999996	0.999684	0.764138	1
0.0291115	0.977864	0.328149	0.437839	1	1	0.998842	0.992421	0.629852	1
-0.00798444	-0.270558	0.786733	0.786733	1	1	1	0.999948	0.798907	1
-0.0335481	-1.12553	0.260373	0.415501	1	1	0.994068	0.967784	0.632334	1
0.00806525	0.270246	0.786973	0.786973	1	1	1	0.999481	0.942696	1
0.0133143	0.446318	0.655371	0.730243	1	1	1	0.996981	0.846895	1
-0.0393472	-1.3167	0.18795	0.18795	1	1	0.970966	0.955971	0.956156	1
0.00330182	0.112754	0.910226	0.910226	1	1	1	0.99999	0.982694	1
-0.00319982	-0.106436	0.915237	0.915237	1	1	1	0.999921	0.97244	1
-0.00505132	-0.169791	0.865175	0.873459	1	1	1	0.998284	0.941006	1
-0.0188174	-0.633099	0.526673	0.526673	1	1	0.999997	0.998581	0.895345	1
0.0182985	0.617913	0.536637	0.536637	1	1	0.999998	0.998794	0.827042	1
0.0411216	1.38113	0.167248	0.36838	1	1	0.955458	0.907794	0.473869	1
-0.0132179	-0.441011	0.659208	0.659208	1	1	1	0.999377	0.862042	1
-0.0154096	-0.518531	0.604092	0.604092	1	1	1	0.999761	0.889177	1
-0.0202253	-0.709561	0.477982	0.545637	1	1	0.999984	0.994486	0.784285	1
-0.0138667	-0.462647	0.643621	0.650448	1	1	1	0.998244	0.717546	1
-0.0129683	-0.434142	0.664188	0.664188	1	1	1	0.999217	0.895491	1
0.0406859	1.35492	0.175453	0.193708	1	1	0.962359	0.944636	0.737485	1
-0.0388436	-1.29631	0.194879	0.194879	1	1	0.974902	0.962563	0.962797	1
-0.0299643	-1.00283	0.315951	0.388638	1	1	0.998428	0.99282	0.816297	1
-0.0364137	-1.2133	0.225024	0.433507	1	1	0.986881	0.928021	0.478177	1
0.000974602	0.0325034	0.974071	0.974071	1	1	1	0.999949	0.974071	1
0.0352024	1.17653	0.239393	0.239393	1	1	0.990456	0.986353	0.900789	1
-0.0742133	-2.50253	0.0123359	0.0339399	0.20971	0.20971	0.190238	0.190238	0.20971	0.72131
-0.0215048	-0.725001	0.468457	0.650624	1	1	0.999978	0.977446	0.62809	1
-0.017092	-0.574753	0.565463	0.628792	1	1	0.999999	0.996355	0.801072	1
-0.00726855	-0.243224	0.807834	0.807834	1	1	1	0.999811	0.915545	1
0.0313529	1.07878	0.280696	0.280696	1	1	0.996306	0.991666	0.833469	1
-0.0206991	-0.700568	0.483578	0.495011	1	1	0.999987	0.999496	0.885362	1
0.00702699	0.235686	0.813678	0.813678	1	1	1	0.999972	0.924837	1
0.0350754	1.17939	0.238252	0.349752	1	1	0.99021	0.961829	0.625864	1
-0.00157525	-0.0529203	0.957796	0.970485	1	1	1	0.998219	0.968386	1
-0.018307	-0.619065	0.535878	0.59199	1	1	0.999998	0.997847	0.804526	1
-0.0159928	-0.532853	0.594139	0.677492	1	1	1	0.99553	0.817367	1
0.0108284	0.359967	0.718875	0.718875	1	1	1	0.999876	0.912842	1
-0.017162	-0.588277	0.55635	0.73823	1	1	0.999999	0.970017	0.651009	1
-0.0456359	-1.54432	0.122522	0.122522	1	1	0.891603	0.876468	0.93373	1
-0.0217495	-0.733245	0.463415	0.463415	1	1	0.999975	0.998938	0.833329	1
-0.0313118	-1.06958	0.284815	0.377446	1	1	0.99665	0.990841	0.778139	1
-0.00383096	-0.128271	0.897935	0.897935	1	1	1	0.999989	0.978285	1
-0.00407309	-0.137895	0.890325	0.890325	1	1	1	0.999986	0.890325	1
0.0177707	0.599643	0.548749	0.548749	1	1	0.999999	0.999224	0.821563	1
0.00129858	0.0435557	0.965259	0.966147	1	1	1	0.999809	0.965259	1
-0.00395958	-0.13296	0.894226	0.894226	1	1	1	0.999995	0.997916	1
-0.0289005	-0.97769	0.328235	0.328235	1	1	0.998845	0.99744	0.987148	1
0.0152248	0.51111	0.609278	0.74132	1	1	1	0.996442	0.805742	1
-0.00530459	-0.177206	0.859348	0.859348	1	1	1	0.999761	0.949073	1
-0.0321513	-1.07977	0.280253	0.313573	1	1	0.996267	0.989988	0.861481	1
-0.0252766	-0.845323	0.397937	0.499499	1	1	0.999821	0.992581	0.751659	1
-0.0566852	-1.89686	0.0578556	0.0578556	0.983545	0.925689	0.636924	0.614628	0.491772	1
-0.0222001	-0.745139	0.456193	0.499499	1	1	0.999968	0.997383	0.705733	1
-0.00017228	-0.00574074	0.99542	0.99542	1	1	1	0.999999	0.99542	1
0.0191393	0.646277	0.518105	0.518105	1	1	0.999996	0.999924	0.91722	1
-0.0124888	-0.417382	0.676402	0.728655	1	1	1	0.997486	0.76164	1
-0.0162332	-0.554895	0.578971	0.587925	1	1	1	0.999013	0.949867	1
0.0216512	0.730333	0.465192	0.48619	1	1	0.999976	0.998274	0.904449	1
-0.0094307	-0.317487	0.750876	0.780811	1	1	1	0.997829	0.797806	1
0.000769387	0.0262166	0.979085	0.979085	1	1	1	0.999892	0.990707	1
0.00018101	0.00604804	0.995174	0.995174	1	1	1	0.999775	0.995174	1
-0.0198144	-0.659925	0.509307	0.509307	1	1	0.999994	0.998351	0.820508	1
0.0453157	1.51282	0.130335	0.189115	1	1	0.906892	0.892938	0.824735	1
0.05813	1.93787	0.0526486	0.0695158	0.895025	0.895025	0.601261	0.601261	0.460072	1
-0.00334466	-0.111712	0.911053	0.919026	1	1	1	0.997351	0.911053	1
-0.00999482	-0.336577	0.736438	0.736438	1	1	1	0.99924	0.894246	1
-0.0106109	-0.359898	0.718926	0.742012	1	1	1	0.997708	0.8508	1
-0.0130992	-0.439296	0.66045	0.66045	1	1	1	0.999187	0.816168	1
-0.0479022	-1.60508	0.108487	0.108487	1	1	0.858039	0.821386	0.61476	1
-0.0204007	-0.683353	0.494389	0.499499	1	1	0.999991	0.998818	0.876432	1
-0.00519515	-0.175908	0.860367	0.899956	1	1	1	0.99962	0.967447	1
0.0268383	0.906553	0.36465	0.499499	1	1	0.999552	0.989038	0.658442	1
-0.0048612	-0.163844	0.869855	0.869855	1	1	1	0.999503	0.883984	1
-0.0482801	-1.61247	0.106871	0.284345	1	1	0.853599	0.816466	0.564643	1
0.0428662	1.46211	0.14372	0.230384	1	1	0.928474	0.916468	0.552445	1
-0.0213074	-0.707107	0.479505	0.536462	1	1	0.999985	0.997568	0.815159	1
-0.00757637	-0.255872	0.798051	0.798051	1	1	1	0.999996	0.962115	1
0.0165497	0.557038	0.577506	0.577506	1	1	1	0.999516	0.920673	1
-0.0414791	-1.39304	0.163617	0.373897	1	1	0.952039	0.931439	0.540428	1
-0.0568031	-1.89915	0.0575539	0.0575539	0.978417	0.863309	0.634943	0.588994	0.326139	1
-0.0428155	-1.42243	0.154913	0.154913	1	1	0.942809	0.91992	0.850735	1
0.0127309	0.424162	0.671451	0.671451	1	1	1	0.9999	0.993954	1
-0.0246404	-0.857761	0.391031	0.391031	1	1	0.999782	0.997399	0.913711	1
-0.00662432	-0.224155	0.822638	0.822638	1	1	1	0.999994	0.9825	1
-0.0387933	-1.29644	0.194834	0.194834	1	1	0.974878	0.968799	0.901177	1
0.00274681	0.0929572	0.925938	0.927174	1	1	1	0.999965	0.925938	1
-0.0146428	-0.492459	0.622399	0.703691	1	1	1	0.996478	0.813906	1
0.0240267	0.828754	0.40725	0.40725	1	1	0.999862	0.996826	0.946504	1
-0.0241824	-0.822722	0.410672	0.410672	1	1	0.999875	0.998245	0.941257	1
-0.0500955	-1.66629	0.0956657	0.0956657	1	1	0.819036	0.778724	0.542106	1
0.00837384	0.281597	0.778255	0.778255	1	1	1	0.999778	0.969474	1
0.0454213	1.51535	0.129693	0.129693	1	1	0.905717	0.905717	0.75292	1
-0.0149683	-0.502197	0.615533	0.615533	1	1	1	0.999816	0.963231	1
0.00263935	0.0891063	0.928998	0.935174	1	1	1	0.999546	0.932068	1
0.00846549	0.288194	0.7732	0.7732	1	1	1	0.999918	0.851103	1
0.00204376	0.0681553	0.945662	0.945662	1	1	1	0.999508	0.991204	1
-0.0117259	-0.391705	0.695279	0.718643	1	1	1	0.998596	0.843465	1
-0.00212097	-0.070971	0.943421	0.943421	1	1	1	0.999978	0.981687	1
0.0127238	0.431688	0.665971	0.665971	1	1	1	0.999941	0.912017	1
-0.01172	-0.395861	0.692211	0.692211	1	1	1	0.999919	0.9456	1
-0.0163909	-0.549645	0.582567	0.701913	1	1	1	0.982228	0.618977	1
-0.00429443	-0.143315	0.886042	0.886042	1	1	1	0.999999	0.954595	1
0.00757428	0.255548	0.798302	0.798302	1	1	1	0.999966	0.986162	1
0.00242978	0.0807952	0.935605	0.935605	1	1	1	0.999988	0.944878	1
-0.0326547	-1.08851	0.276377	0.276377	1	1	0.99591	0.979387	0.628751	1
0.0483737	1.61817	0.105637	0.105637	1	1	0.850123	0.850123	0.953744	1
-0.0145533	-0.491432	0.623124	0.623124	1	1	1	0.999905	0.958948	1
-0.0551179	-1.83924	0.06589	0.120498	1	1	0.686118	0.663978	0.560065	1
0.0178198	0.594671	0.552068	0.552068	1	1	0.999999	0.998641	0.807447	1
0.0209862	0.72159	0.470552	0.660956	1	1	0.99998	0.979737	0.615337	1
0.0076683	0.256942	0.797225	0.863071	1	1	1	0.994299	0.797225	1
0.0100898	0.335583	0.737187	0.737187	1	1	1	0.999673	0.908162	1
-0.013132	-0.442486	0.658141	0.658141	1	1	1	0.99841	0.836563	1
0.0537559	1.79861	0.0720896	0.0720896	1	1	0.719713	0.697938	0.459681	1
0.0358268	1.19574	0.231808	0.240159	1	1	0.988702	0.975078	0.767072	1
0.0031787	0.10691	0.914861	0.914861	1	1	1	0.999383	0.999112	1
0.00252062	0.0837896	0.933224	0.938703	1	1	1	0.999702	0.955217	1
0.0246817	0.84117	0.400259	0.468795	1	1	0.999832	0.993979	0.787839	1
-0.00231881	-0.0773231	0.938367	0.948913	1	1	1	0.999586	0.970193	1
0.00185062	0.0617512	0.950761	0.950761	1	1	1	0.999422	0.950761	1
0.0117206	0.392497	0.694694	0.702736	1	1	1	0.998794	0.787319	1
0.00813921	0.272873	0.784953	0.784953	1	1	1	0.999982	0.870636	1
0.000837037	0.0280771	0.977601	0.978856	1	1	1	0.997142	0.977601	1
-0.0268058	-0.909525	0.36308	0.36308	1	1	0.999533	0.995543	0.973377	1
-0.00285924	-0.0964916	0.923131	0.937873	1	1	1	0.999982	0.937497	1
-0.020552	-0.684717	0.493528	0.493528	1	1	0.999991	0.998889	0.951755	1
-0.00349794	-0.11677	0.907043	0.919553	1	1	1	0.998456	0.907043	1
-0.0214459	-0.723445	0.469412	0.548309	1	1	0.999979	0.993719	0.798	1
-0.0409932	-1.36618	0.171893	0.233598	1	1	0.959499	0.92056	0.584436	1
-0.0398891	-1.32786	0.184236	0.318071	1	1	0.968624	0.920207	0.522001	1
-0.00348786	-0.11616	0.907527	0.907527	1	1	1	0.999992	0.953279	1
-0.0500683	-1.6671	0.0955037	0.0955037	1	1	0.818484	0.754702	0.343017	1
0.0274326	0.924559	0.355203	0.355203	1	1	0.999424	0.993451	0.862635	1
-0.00607318	-0.204407	0.838037	0.838037	1	1	1	0.999998	0.970551	1
-0.0360189	-1.20584	0.227888	0.281826	1	1	0.987681	0.973237	0.716152	1
0.0332303	1.1027	0.270167	0.358065	1	1	0.995271	0.968706	0.656119	1
0.0134843	0.453006	0.650547	0.660601	1	1	1	0.998464	0.850716	1
-0.0231623	-0.775259	0.438193	0.499499	1	1	0.999945	0.994424	0.827697	1
0.0301052	1.00496	0.314923	0.354007	1	1	0.998387	0.990903	0.796429	1
0.025189	0.850949	0.394804	0.474712	1	1	0.999804	0.996011	0.796136	1
-0.0195466	-0.655096	0.512411	0.60562	1	1	0.999995	0.996805	0.822919	1
-0.0159068	-0.5365	0.591617	0.591617	1	1	1	0.999683	0.896015	1
-0.0259669	-0.875051	0.381553	0.381553	1	1	0.999717	0.999074	0.932586	1
0.0302081	1.0229	0.306365	0.484663	1	1	0.998008	0.986252	0.567463	1
-0.0278552	-0.931505	0.3516	0.3516	1	1	0.999367	0.994478	0.917713	1
0.0231608	0.778101	0.436516	0.436516	1	1	0.999942	0.999295	0.890741	1
0.000506191	0.0168799	0.986533	0.986533	1	1	1	0.999959	0.986533	1
-0.0566342	-1.88333	0.0596655	0.0596655	1	0.894983	0.648601	0.602593	0.273993	0.942414
0.0139068	0.43799	0.661397	0.768104	1	1	1	0.99293	0.778629	1
0.018722	0.604822	0.545302	0.675723	1	1	0.999998	0.985064	0.713088	1
0.0149007	0.474929	0.634841	0.779551	1	1	1	0.993914	0.692921	1
0.0170452	0.545464	0.585439	0.710047	1	1	1	0.976525	0.663497	1
0.00170021	0.0535512	0.957293	0.970793	1	1	1	0.997715	0.957293	1
0.00269257	0.0877284	0.930093	0.930093	1	1	1	0.999983	0.97176	1
0.00267029	0.0857406	0.931673	0.953011	1	1	1	0.992639	0.931673	1
0.0021803	0.0707436	0.943602	0.961733	1	1	1	0.991998	0.943602	1
-0.0335903	-1.0644	0.287157	0.499499	1	1	0.996831	0.969458	0.542408	1
-0.0400175	-1.28004	0.200541	0.327543	1	1	0.977739	0.945505	0.555361	1
-0.0340279	-1.12944	0.258724	0.327033	1	1	0.993839	0.972473	0.688243	1
-0.0296322	-0.996633	0.318952	0.318952	1	1	0.998541	0.986099	0.774597	1
-0.00135025	-0.0423601	0.966212	0.976133	1	1	1	0.999508	0.966212	1
-0.00381494	-0.120782	0.903865	0.916202	1	1	1	0.999621	0.907103	1
-0.00217184	-0.0700394	0.944163	0.955897	1	1	1	0.997304	0.944163	1
-0.0149474	-0.472159	0.636817	0.751025	1	1	1	0.999167	0.92112	1
