0	0	0	0	0	0	0	0	0	0
0.00304518	0.526394	0.598618	0.598618	1	1	1	0.999843	0.955276	1
0.00250739	0.626968	0.530684	0.530684	1	1	0.999997	0.998895	0.976735	1
-0.00569946	-0.877619	0.380157	0.462472	1	1	0.999706	0.991628	0.793208	1
-0.0052239	-0.873854	0.382204	0.454551	1	1	0.999722	0.991901	0.812184	1
0.00468517	0.855156	0.392471	0.450108	1	1	0.999791	0.997293	0.839619	1
0.0034882	0.946043	0.344134	0.344134	1	1	0.999231	0.993664	0.910238	1
0.00704464	0.970555	0.331777	0.518325	1	1	0.998944	0.971635	0.564021	1
0.00360966	0.95823	0.337954	0.502845	1	1	0.999098	0.976462	0.528184	1
0.00723081	1.15698	0.24729	0.28875	1	1	0.992008	0.959028	0.600562	1
0.00364627	1.13665	0.255695	0.333714	1	1	0.993397	0.961162	0.620974	1
0.00889953	1.64326	0.100339	0.340386	1	1	0.834293	0.718845	0.284294	0.977844
0.00853226	1.60577	0.108335	0.333714	1	1	0.857626	0.72457	0.263099	0.904941
-0.00643563	-0.997995	0.318289	0.499499	1	1	0.998517	0.976698	0.601213	1
-0.000815286	-0.125327	0.900265	0.907185	1	1	1	0.999366	0.929423	1
0.00967971	1.57895	0.114357	0.114357	1	1	0.873118	0.817348	0.486015	1
0.000494169	0.0817278	0.934864	0.948717	1	1	1	0.999861	0.946763	1
-0.00482009	-0.712727	0.47602	0.47602	1	1	0.999983	0.99844	0.727666	1
0.00186097	0.277076	0.781723	0.849791	1	1	1	0.998333	0.830581	1
0.00377964	0.539122	0.589806	0.589806	1	1	1	0.999671	0.932667	1
0.00941951	1.3671	0.171604	0.418665	1	1	0.959258	0.895563	0.439657	1
0.00257034	0.350398	0.726042	0.726042	1	1	1	0.999044	0.822848	1
-0.00206023	-0.27633	0.782296	0.783049	1	1	1	0.999894	0.952232	1
0.0124939	1.79739	0.0722827	0.0984318	1	1	0.720703	0.675485	0.368532	1
0.0133324	1.92123	0.0547118	0.0547118	0.930101	0.820677	0.61577	0.570005	0.310034	1
0.0104706	1.76531	0.0775206	0.178907	1	1	0.746333	0.676858	0.329079	1
-0.0014419	-0.266458	0.789888	0.816306	1	1	1	0.998816	0.899499	1
0.00291228	0.541553	0.58813	0.58813	1	1	1	0.999342	0.914329	1
0.00205966	0.369668	0.711632	0.807384	1	1	1	0.997083	0.864125	1
0.00412902	0.73481	0.462461	0.557864	1	1	0.999974	0.993029	0.720955	1
0.00923202	1.38752	0.165292	0.165292	1	1	0.953646	0.944467	0.887629	1
0.00554644	0.824429	0.409702	0.409702	1	1	0.999872	0.998943	0.909115	1
0.00541179	0.817124	0.413864	0.452895	1	1	0.999886	0.998356	0.826454	1
-0.000100464	-0.0152564	0.987828	0.987828	1	1	1	0.999424	0.987828	1
-0.00811291	-1.09469	0.273662	0.440888	1	1	0.995641	0.970316	0.621188	1
0.00315054	0.425227	0.670674	0.670674	1	1	1	0.999962	0.975012	1
0.0172426	2.36754	0.0179125	0.0699072	0.304512	0.304512	0.26455	0.26455	0.154505	0.53143
-0.00709368	-0.962823	0.335644	0.335644	1	1	0.999043	0.995088	0.931599	1
0.00495185	0.79802	0.424865	0.450357	1	1	0.999918	0.997642	0.89775	1
0.00674579	1.06996	0.284645	0.408775	1	1	0.996636	0.980407	0.616973	1
-0.0053345	-0.842237	0.399661	0.399661	1	1	0.999829	0.995882	0.849281	1
0.0108562	1.70266	0.0886418	0.0886418	1	1	0.793597	0.727324	0.376728	1
0.00565211	0.806732	0.419827	0.45877	1	1	0.999904	0.997493	0.835351	1
0.00207481	0.294611	0.768293	0.778672	1	1	1	0.998034	0.870732	1
0.00676802	0.975596	0.329272	0.391499	1	1	0.998875	0.99171	0.809874	1
0.000739769	0.109499	0.912808	0.912808	1	1	1	0.999881	0.912808	1
-0.00441396	-0.646325	0.518074	0.518074	1	1	0.999996	0.999674	0.988689	1
0.00441218	0.629875	0.528781	0.534077	1	1	0.999997	0.998139	0.752665	1
0.0138101	2.12422	0.0336597	0.0336597	0.572214	0.538555	0.441257	0.421795	0.286107	0.984081
0.00689334	1.04408	0.296458	0.296458	1	1	0.997465	0.983931	0.71997	1
0.0044951	0.611628	0.540788	0.674243	1	1	0.999998	0.99344	0.766117	1
-0.000884225	-0.127803	0.898306	0.898306	1	1	1	0.999989	0.986543	1
0.00635524	0.886769	0.37521	0.569998	1	1	0.999663	0.976779	0.637857	1
-0.0042249	-0.588621	0.556119	0.570737	1	1	0.999999	0.998452	0.762538	1
0.00410236	0.604072	0.5458	0.600582	1	1	0.999999	0.997058	0.773217	1
-0.0043065	-0.631866	0.527479	0.527479	1	1	0.999997	0.998826	0.872969	1
0.00813373	1.14553	0.252	0.27165	1	1	0.992817	0.977053	0.711069	1
-0.00479889	-0.700177	0.483822	0.561354	1	1	0.999987	0.99496	0.726313	1
-0.00347399	-0.525429	0.599289	0.635686	1	1	1	0.999335	0.98207	1
-0.000863094	-0.128481	0.897769	0.911641	1	1	1	0.998932	0.91345	1
-0.00521871	-0.716767	0.473523	0.535107	1	1	0.999982	0.994149	0.731808	1
-0.00223616	-0.305626	0.759892	0.797843	1	1	1	0.996676	0.87667	1
-6.91398e-05	-0.00955536	0.992376	0.992376	1	1	1	0.999806	0.992376	1
-0.00313326	-0.427775	0.668818	0.751263	1	1	1	0.987559	0.719459	1
-0.00355579	-0.498204	0.618343	0.618343	1	1	1	0.99882	0.906916	1
-0.00779496	-1.08063	0.279872	0.491104	1	1	0.996233	0.962494	0.546358	1
-0.00696122	-0.951349	0.341435	0.341435	1	1	0.999176	0.993344	0.72194	1
-0.0133747	-1.86279	0.062501	0.062501	1	0.937514	0.666186	0.620193	0.354172	1
0.00117287	0.179919	0.857217	0.912599	1	1	1	0.999604	0.932864	1
0.00705866	1.08978	0.275818	0.364367	1	1	0.995856	0.979195	0.696766	1
0.00177395	0.254835	0.798853	0.837457	1	1	1	0.999555	0.848781	1
0.00258696	0.39306	0.694278	0.694278	1	1	1	0.999993	0.996035	1
-0.00342572	-0.482769	0.629263	0.629263	1	1	1	0.998482	0.82549	1
-0.00418789	-0.598388	0.549586	0.549586	1	1	0.999999	0.99832	0.890716	1
0.00577893	0.815774	0.414636	0.414636	1	1	0.999889	0.997235	0.912212	1
0.00225656	0.315737	0.752204	0.752204	1	1	1	0.999996	0.870011	1
-0.000583608	-0.0813381	0.935174	0.948516	1	1	1	0.999639	0.975401	1
0.00264479	0.367089	0.713555	0.713555	1	1	1	0.999992	0.901914	1
0.00140557	0.250319	0.802342	0.802342	1	1	1	0.999963	0.979519	1
0.000520901	0.0918048	0.926854	0.926854	1	1	1	0.999965	0.938432	1
-0.001407	-0.223144	0.823425	0.823425	1	1	1	0.999946	0.962448	1
0.00542456	0.839391	0.401256	0.401256	1	1	0.999837	0.996455	0.827431	1
-0.00164709	-0.23837	0.811596	0.811596	1	1	1	0.999903	0.867174	1
0.00523389	0.755208	0.45013	0.45013	1	1	0.999962	0.999236	0.999248	1
0.00150544	0.269375	0.787643	0.787643	1	1	1	0.999977	0.977677	1
0.00116679	0.207492	0.835627	0.835627	1	1	1	0.999552	0.85919	1
0.00116	0.196107	0.844528	0.844528	1	1	1	0.999849	0.966407	1
0.00749882	1.27178	0.20346	0.319194	1	1	0.979081	0.932686	0.437136	1
0.00668697	0.951897	0.341156	0.421586	1	1	0.99917	0.997096	0.80055	1
0.0104289	1.53829	0.123987	0.141068	1	1	0.89464	0.850139	0.526946	1
-0.00186093	-0.314714	0.752981	0.798291	1	1	1	0.998594	0.883123	1
-0.000613378	-0.10045	0.919987	0.927393	1	1	1	0.999699	0.980634	1
0.00235852	0.367047	0.713586	0.713586	1	1	1	0.999891	0.936229	1
0.00441018	0.691224	0.48943	0.523213	1	1	0.999989	0.996391	0.752768	1
0.0120124	1.7089	0.0874798	0.0874798	1	1	0.789078	0.768858	0.666696	1
0.00503033	0.710971	0.477108	0.509623	1	1	0.999984	0.997483	0.769853	1
-0.00163011	-0.278057	0.78097	0.78097	1	1	1	0.999664	0.879774	1
-0.00422549	-0.729736	0.465557	0.465557	1	1	0.999976	0.999612	0.924952	1
-0.0123166	-1.84423	0.065159	0.065159	1	0.977386	0.681916	0.63603	0.369235	1
-0.00508104	-0.764298	0.444696	0.498533	1	1	0.999955	0.997212	0.780778	1
-0.00214169	-0.339371	0.734332	0.76391	1	1	1	0.996314	0.832243	1
0.00322196	0.504322	0.614038	0.703541	1	1	1	0.98737	0.652416	1
0.00569131	0.834162	0.404196	0.439135	1	1	0.99985	0.998679	0.803438	1
0.00990664	1.489	0.136496	0.136496	1	1	0.917493	0.904451	0.906999	1
-0.00385361	-0.566292	0.571199	0.571199	1	1	0.999999	0.999464	0.799943	1
0.00162202	0.236087	0.813367	0.85654	1	1	1	0.9977	0.813367	1
-0.0140454	-2.0252	0.0428554	0.154955	0.728542	0.642831	0.525082	0.481602	0.216137	0.743415
0.000110262	0.0155455	0.987597	0.989229	1	1	1	0.998005	0.987597	1
0.00749554	1.20449	0.228408	0.228408	1	1	0.987822	0.984216	0.976991	1
0.001897	0.304135	0.761027	0.761027	1	1	1	0.999715	0.862497	1
0.00228835	0.338259	0.73517	0.754553	1	1	1	0.99888	0.921173	1
-0.00163153	-0.245488	0.80608	0.857978	1	1	1	0.999336	0.85646	1
0.00653933	1.00563	0.3146	0.3146	1	1	0.998374	0.996539	0.975769	1
0.00485545	0.768211	0.442367	0.445221	1	1	0.999951	0.997439	0.938416	1
0.00524688	0.786967	0.431307	0.431307	1	1	0.999932	0.998856	0.935128	1
0.000276461	0.043019	0.965687	0.971364	1	1	1	0.999302	0.965687	1
0.00111754	0.168117	0.866492	0.909343	1	1	1	0.998394	0.936091	1
-0.00151517	-0.232975	0.815783	0.870673	1	1	1	0.999424	0.911207	1
-0.000840649	-0.120336	0.904218	0.904218	1	1	1	0.999984	0.960185	1
0.00576934	0.832542	0.405109	0.405109	1	1	0.999854	0.996886	0.889486	1
0.000298949	0.0446924	0.964353	0.979324	1	1	1	0.998531	0.964353	1
-0.00592174	-0.901398	0.367384	0.387965	1	1	0.999584	0.993854	0.892217	1
-0.00464924	-0.6726	0.501207	0.665489	1	1	0.999993	0.985523	0.651087	1
-0.00965885	-1.45278	0.146296	0.373488	1	1	0.932045	0.850139	0.414505	1
-0.00640677	-0.90595	0.364969	0.499499	1	1	0.999556	0.98841	0.689386	1
-0.00658394	-0.955414	0.339376	0.499499	1	1	0.999131	0.980461	0.641043	1
-0.00579311	-0.779563	0.435654	0.671364	1	1	0.99994	0.981769	0.673283	1
-0.00752387	-1.03008	0.302979	0.485524	1	1	0.997836	0.972932	0.601813	1
-0.012892	-1.71848	0.0857181	0.135777	1	1	0.782047	0.714818	0.364302	1
-0.00131055	-0.17697	0.859533	0.86887	1	1	1	0.997754	0.895453	1
0.00905565	1.48239	0.138246	0.302298	1	1	0.920289	0.875443	0.533922	1
0.00682434	1.10481	0.269249	0.269249	1	1	0.995169	0.983057	0.915447	1
-0.00120556	-0.19541	0.845073	0.887721	1	1	1	0.998275	0.915452	1
0.00540301	0.892551	0.372104	0.441964	1	1	0.999633	0.994019	0.818096	1
-0.00827687	-1.26183	0.207018	0.207018	1	1	0.980614	0.950974	0.70386	1
-0.00763684	-1.16985	0.242072	0.344743	1	1	0.991012	0.964063	0.68587	1
0.0102757	1.55765	0.119327	0.210222	1	1	0.884694	0.832537	0.507139	1
0.00304587	0.433137	0.664919	0.664919	1	1	1	0.998157	0.820579	1
0.00409601	0.586883	0.557286	0.557286	1	1	0.999999	0.999233	0.945148	1
0.00325649	0.481289	0.630315	0.630315	1	1	1	0.99967	0.976125	1
0.00273541	0.40916	0.682425	0.682425	1	1	1	0.999713	0.762116	1
0.00346756	0.54497	0.585778	0.585778	1	1	1	0.999867	0.973302	1
-0.00294857	-0.405991	0.684752	0.752652	1	1	1	0.996886	0.895444	1
0.0127204	1.99019	0.046579	0.046579	0.791843	0.745264	0.555532	0.533818	0.395921	1
0.0100724	1.44856	0.147469	0.147469	1	1	0.933615	0.890494	0.501395	1
0.0195436	2.52637	0.0115297	0.0115297	0.196005	0.184475	0.178927	0.16935	0.0980026	0.337085
0.00654143	0.968355	0.332874	0.333772	1	1	0.998973	0.982539	0.707358	1
0.00761641	1.09079	0.275373	0.478157	1	1	0.995813	0.974759	0.56485	1
0.00307778	0.406272	0.684545	0.684545	1	1	1	0.999507	0.795932	1
0.0108422	1.54474	0.122418	0.122418	1	1	0.891386	0.839297	0.520279	1
0.00734384	1.07393	0.282861	0.431505	1	1	0.99649	0.964022	0.601079	1
-0.00890693	-1.22046	0.2223	0.2223	1	1	0.986075	0.969579	0.75582	1
0.0128522	1.87855	0.0603151	0.122875	1	0.904726	0.652705	0.606691	0.304051	1
0.00906744	1.39059	0.164359	0.499499	1	1	0.952757	0.801309	0.310455	1
-0.00375912	-0.550142	0.582226	0.715253	1	1	1	0.990258	0.706988	1
0.0137201	2.11347	0.0345686	0.221933	0.587666	0.488119	0.450125	0.391183	0.146917	0.505327
0.00976998	1.48064	0.138712	0.499499	1	1	0.921019	0.774532	0.262011	0.901201
0.00258626	0.369674	0.711628	0.794946	1	1	1	0.996595	0.815286	1
0.00825184	1.2439	0.213547	0.319338	1	1	0.983156	0.928813	0.518614	1
0.00311411	0.452003	0.65127	0.74323	1	1	1	0.997712	0.85166	1
-0.008264	-1.19168	0.233395	0.419337	1	1	0.989093	0.958803	0.529448	1
0.00353536	0.511522	0.608989	0.63925	1	1	1	0.996426	0.862735	1
0.000745152	0.107671	0.914257	0.938205	1	1	1	0.993506	0.971399	1
0.00164879	0.225925	0.821261	0.901302	1	1	1	0.998979	0.944492	1
0.00103976	0.149713	0.880992	0.909732	1	1	1	0.999699	0.983229	1
-8.76246e-05	-0.0142754	0.98861	0.990974	1	1	1	0.998668	0.98861	1
0.00515969	0.787634	0.430917	0.430917	1	1	0.999931	0.997973	0.95697	1
-0.00557715	-0.802879	0.42205	0.499499	1	1	0.99991	0.992805	0.717894	1
-0.00323706	-0.440721	0.659418	0.732265	1	1	1	0.991503	0.75593	1
-0.00858816	-1.45054	0.146919	0.419325	1	1	0.932883	0.851447	0.364817	1
0.00116891	0.184441	0.853669	0.853669	1	1	1	0.999944	0.886934	1
0.00588617	0.998823	0.317888	0.369305	1	1	0.998502	0.985127	0.772014	1
0.00162038	0.266917	0.789535	0.855059	1	1	1	0.996838	0.894806	1
-0.00103508	-0.164443	0.869384	0.915559	1	1	1	0.995484	0.92372	1
0.00247945	0.455597	0.648683	0.648683	1	1	1	0.999768	0.981219	1
-0.000226414	-0.0324767	0.974092	0.974092	1	1	1	0.999998	0.985345	1
0.00237981	0.422161	0.67291	0.67291	1	1	1	0.999869	0.847752	1
0.00651108	1.13777	0.255224	0.255224	1	1	0.993325	0.983843	0.821009	1
0.00546223	0.815221	0.414952	0.414952	1	1	0.99989	0.998851	0.901231	1
0.00397251	0.626187	0.531197	0.61385	1	1	0.999997	0.996366	0.752529	1
0.000503513	0.0723897	0.942292	0.958911	1	1	1	0.999808	0.986576	1
0.00274961	0.421669	0.67327	0.718434	1	1	1	0.999372	0.910064	1
-0.00548308	-0.795991	0.426043	0.499499	1	1	0.99992	0.993241	0.804748	1
-0.00832113	-1.11205	0.266124	0.388771	1	1	0.994805	0.954687	0.565514	1
-0.00194356	-0.345549	0.729684	0.729684	1	1	1	0.999916	0.971022	1
0.00208468	0.331123	0.740554	0.740554	1	1	1	0.999854	0.968417	1
0.00752977	1.29879	0.194026	0.375954	1	1	0.974446	0.924863	0.547366	1
0.00220691	0.371299	0.710417	0.797534	1	1	1	0.99007	0.720367	1
0.00346222	0.604279	0.545662	0.629458	1	1	0.999999	0.998184	0.815046	1
-0.00265544	-0.46127	0.644608	0.715464	1	1	1	0.994331	0.842949	1
0.0126094	2.4297	0.0151168	0.0200714	0.256986	0.241869	0.228137	0.21629	0.128493	0.441958
-0.00340719	-0.516254	0.60568	0.60568	1	1	1	0.999149	0.844399	1
-0.00275144	-0.515286	0.606357	0.606357	1	1	1	0.999243	0.893126	1
-0.00115514	-0.188159	0.850753	0.874245	1	1	1	0.999953	0.964187	1
-0.0033488	-0.478364	0.632395	0.717977	1	1	1	0.99438	0.767908	1
0.00332239	0.60545	0.544885	0.607458	1	1	0.999998	0.995322	0.77192	1
0.0128928	1.78794	0.0737952	0.0880586	1	1	0.728344	0.683331	0.418173	1
-0.000353086	-0.0535915	0.957261	0.960537	1	1	1	0.999845	0.957261	1
2.79706e-05	0.00420738	0.996643	0.996883	1	1	1	0.999987	0.996643	1
-0.00159693	-0.217817	0.827573	0.827573	1	1	1	0.999319	0.882085	1
0.00125092	0.215214	0.829602	0.877051	1	1	1	0.99911	0.881452	1
0.00282844	0.460432	0.64521	0.713721	1	1	1	0.996219	0.666844	1
0.0034398	0.602617	0.546768	0.546768	1	1	0.999999	0.999634	0.883685	1
0.000242138	0.0387141	0.969119	0.972846	1	1	1	0.99993	0.999442	1
-0.0062414	-0.992741	0.320844	0.501751	1	1	0.998608	0.976228	0.545434	1
0.00331205	0.614974	0.538576	0.597918	1	1	0.999998	0.99638	0.762885	1
-0.00249331	-0.358772	0.719768	0.800198	1	1	1	0.998892	0.80508	1
0.00694529	1.23655	0.216262	0.216262	1	1	0.984118	0.984118	0.986308	1
0.00588587	1.07492	0.28242	0.305744	1	1	0.996454	0.993113	0.872542	1
0.00112375	0.168664	0.866062	0.874254	1	1	1	0.996796	0.920191	1
0.00254448	0.396587	0.691675	0.798178	1	1	1	0.999141	0.856222	1
0.00122888	0.180319	0.856904	0.885737	1	1	1	0.998702	0.856904	1
0.00333103	0.497111	0.619114	0.713235	1	1	1	0.996947	0.877078	1
0.00310645	0.446882	0.654963	0.716454	1	1	1	0.990802	0.795312	1
-0.0023041	-0.312698	0.754512	0.816742	1	1	1	0.996294	0.855114	1
-0.000415361	-0.0711971	0.943241	0.962519	1	1	1	0.998322	0.943241	1
0.0100832	1.59187	0.111423	0.321096	1	1	0.865781	0.727326	0.2706	0.930741
0.0115293	1.98432	0.0472292	0.0472292	0.802897	0.661209	0.560657	0.49203	0.200724	0.690401
0.0106884	1.8696	0.0615488	0.116021	1	0.923233	0.660376	0.614366	0.33279	1
0.00227231	0.351312	0.725356	0.797011	1	1	1	0.999571	0.946227	1
0.00520924	0.88672	0.375237	0.452844	1	1	0.999663	0.990939	0.675656	1
0.00388123	0.766719	0.443254	0.443254	1	1	0.999953	0.998407	0.916263	1
-0.00492333	-0.758889	0.447924	0.447924	1	1	0.999959	0.998548	0.909306	1
-0.000593247	-0.112524	0.910409	0.928291	1	1	1	0.999425	0.938989	1
-0.00973558	-1.58546	0.112872	0.317897	1	1	0.869453	0.789223	0.383765	1
-0.0005459	-0.0810405	0.93541	0.93541	1	1	1	0.999185	0.976661	1
0.00701245	1.26593	0.205547	0.239109	1	1	0.979994	0.92043	0.499186	1
0.00419911	0.542088	0.587762	0.621538	1	1	1	0.997558	0.801913	1
0.00309306	0.417353	0.676423	0.676423	1	1	1	0.998857	0.865421	1
0.0104462	1.34481	0.178697	0.201397	1	1	0.964799	0.93646	0.636141	1
0.00898011	1.15968	0.24619	0.309545	1	1	0.991807	0.974625	0.787971	1
-0.00410473	-0.538464	0.590261	0.590261	1	1	1	0.999872	0.918867	1
0.00640709	0.870209	0.384193	0.499499	1	1	0.999737	0.987265	0.653738	1
0.0085454	1.11038	0.266843	0.455496	1	1	0.994891	0.975881	0.595064	1
-0.00911523	-1.18179	0.2373	0.467261	1	1	0.99	0.949196	0.51435	1
0.00935055	1.21463	0.224515	0.254683	1	1	0.986734	0.939003	0.545252	1
-0.00110508	-0.14245	0.886725	0.886725	1	1	1	0.99999	0.965567	1
0.00136659	0.177577	0.859056	0.861959	1	1	1	0.999724	0.859056	1
-0.0080274	-1.03291	0.301654	0.407709	1	1	0.997765	0.993439	0.754682	1
0.00366904	0.48019	0.631096	0.690014	1	1	1	0.99907	0.851506	1
-0.0095134	-1.22007	0.222447	0.29878	1	1	0.986119	0.962026	0.656737	1
0.00304976	0.403939	0.68626	0.71514	1	1	1	0.997077	0.889474	1
-0.00300367	-0.401793	0.687839	0.687839	1	1	1	0.999554	0.974439	1
0.0105015	1.37591	0.168858	0.168858	1	1	0.9569	0.9569	0.978436	1
0.00189556	0.254967	0.79875	0.79875	1	1	1	0.999098	0.90525	1
0.0104274	1.34992	0.177052	0.241703	1	1	0.963581	0.903513	0.501647	1
0.0113601	1.51138	0.130702	0.223853	1	1	0.907559	0.838121	0.444387	1
0.0037186	0.482636	0.629357	0.652145	1	1	1	0.99768	0.827045	1
0.00999001	1.34114	0.179884	0.260933	1	1	0.965653	0.898145	0.43686	1
0.00291604	0.390899	0.695874	0.695874	1	1	1	0.999662	0.818962	1
-0.000225516	-0.029443	0.976511	0.976511	1	1	1	0.999931	0.984753	1
0.00159837	0.218143	0.827319	0.866745	1	1	1	0.996954	0.923387	1
0.00414944	0.582371	0.560321	0.560321	1	1	0.999999	0.998924	0.919076	1
0.00905156	1.21449	0.224568	0.275424	1	1	0.986749	0.963351	0.763533	1
0.00661996	0.886715	0.375239	0.537437	1	1	0.999663	0.97772	0.637906	1
0.00557942	0.758276	0.448291	0.499499	1	1	0.999959	0.996345	0.813317	1
0.00552531	0.70228	0.48251	0.499499	1	1	0.999986	0.997339	0.849673	1
0.00722145	0.941996	0.346202	0.567126	1	1	0.999271	0.948937	0.535039	1
0.0169459	2.18223	0.0290997	0.0770879	0.494696	0.436496	0.394703	0.357875	0.164899	0.567177
-0.00290241	-0.392283	0.694852	0.774481	1	1	1	0.999193	0.931221	1
0.00435711	0.556275	0.578027	0.599551	1	1	1	0.998995	0.901128	1
0.0010288	0.132464	0.894618	0.904728	1	1	1	0.997276	0.894618	1
-0.00893032	-1.16876	0.242509	0.257657	1	1	0.9911	0.984488	0.828414	1
0.000880849	0.119292	0.905045	0.905045	1	1	1	0.999525	0.96161	1
0.0012927	0.167743	0.866787	0.866787	1	1	1	0.998915	0.920961	1
-0.00804803	-1.04683	0.295185	0.42951	1	1	0.997386	0.978678	0.700615	1
0.00448284	0.584246	0.559059	0.59361	1	1	0.999999	0.998571	0.882436	1
-0.00669943	-0.865536	0.386751	0.386751	1	1	0.999755	0.998936	0.890832	1
-0.00343952	-0.443327	0.657532	0.657532	1	1	1	0.998976	0.85985	1
0.00112806	0.144686	0.88496	0.88496	1	1	1	0.999825	0.984872	1
0.00622967	0.815606	0.414731	0.424679	1	1	0.999889	0.99544	0.839468	1
0.000378868	0.0487337	0.961132	0.974245	1	1	1	0.999985	0.976414	1
0.00175343	0.231349	0.817045	0.817045	1	1	1	0.999979	0.925984	1
-0.00769999	-1.02759	0.30415	0.445376	1	1	0.997897	0.989618	0.619835	1
-0.00100335	-0.131932	0.895039	0.895039	1	1	1	0.999996	0.966311	1
-0.00778076	-1.04605	0.295545	0.295545	1	1	0.997409	0.992588	0.999562	1
0.00514258	0.663009	0.507329	0.507329	1	1	0.999994	0.99829	0.834178	1
0.0119904	1.58694	0.112535	0.150397	1	1	0.868608	0.812019	0.478275	1
0.00646312	0.843092	0.399184	0.499499	1	1	0.999827	0.989798	0.736703	1
0.00333602	0.448396	0.65387	0.655536	1	1	1	0.999767	0.902722	1
-0.000364817	-0.0488478	0.961041	0.961119	1	1	1	0.999996	0.999284	1
0.002888	0.371769	0.710067	0.710067	1	1	1	0.999101	0.928549	1
-0.00146445	-0.199556	0.841829	0.88085	1	1	1	0.989728	0.894443	1
0.00893514	1.24946	0.211507	0.343404	1	1	0.982398	0.964094	0.704929	1
0.0127424	1.71395	0.0865482	0.0865482	1	1	0.785387	0.785387	0.557876	1
0.00596889	0.809277	0.418362	0.418362	1	1	0.9999	0.998501	0.867337	1
0.00689147	0.930026	0.352365	0.490858	1	1	0.99938	0.990922	0.678226	1
0.00201331	0.255703	0.798182	0.798182	1	1	1	0.999977	0.997391	1
-0.00586153	-0.762035	0.446045	0.492219	1	1	0.999956	0.997279	0.856992	1
-0.00391975	-0.48394	0.628432	0.628432	1	1	1	0.999739	0.96303	1
-0.00731984	-0.899479	0.368405	0.420742	1	1	0.999595	0.991656	0.772976	1
-0.0110177	-1.37066	0.17049	0.433428	1	1	0.958316	0.872051	0.414048	1
0.00480643	0.597036	0.550488	0.702913	1	1	0.999999	0.963312	0.66845	1
0.000414697	0.0521156	0.958437	0.977948	1	1	1	0.965511	0.958437	1
-0.00854875	-1.06541	0.286699	0.638817	1	1	0.996796	0.868285	0.406157	1
-0.00280294	-0.339962	0.733888	0.804407	1	1	1	0.999435	0.89115	1
-0.0101444	-1.23026	0.218609	0.518492	1	1	0.984907	0.880658	0.371635	1
0.0041775	0.553994	0.579587	0.579587	1	1	1	0.999877	0.985518	1
0.00870446	1.17304	0.240791	0.240791	1	1	0.99075	0.978062	0.691119	1
0.0120704	1.53696	0.124313	0.353786	1	1	0.895303	0.84583	0.496841	1
0.00272216	0.349633	0.726617	0.726617	1	1	1	0.999891	0.982441	1
0.0031753	0.393903	0.693655	0.693655	1	1	1	0.999751	0.943259	1
0.00828112	1.01649	0.309404	0.309404	1	1	0.998152	0.994388	0.707836	1
0.0069131	1.07362	0.283001	0.445129	1	1	0.996502	0.974254	0.608335	1
-0.0119661	-1.65504	0.0979265	0.206398	1	1	0.826575	0.786878	0.554917	1
0.0120412	1.59035	0.111766	0.136359	1	1	0.866659	0.785783	0.380006	1
-0.00627117	-0.851553	0.394469	0.394469	1	1	0.999802	0.99757	0.95022	1
-0.00216246	-0.284791	0.775807	0.790414	1	1	1	0.999756	0.942051	1
0.00169307	0.216858	0.828321	0.828321	1	1	1	0.999655	0.900618	1
0.00296287	0.438649	0.660919	0.731959	1	1	1	0.998472	0.864278	1
0.0074598	0.988001	0.32316	0.486876	1	1	0.998687	0.985698	0.637084	1
0.00226894	0.296443	0.766894	0.766894	1	1	1	0.999963	0.984371	1
0.00381509	0.520617	0.602638	0.602638	1	1	1	0.999875	0.93343	1
0.00205741	0.280122	0.779386	0.779386	1	1	1	0.999976	0.98363	1
-0.00287701	-0.394391	0.693295	0.728116	1	1	1	0.999745	0.964742	1
0.00179044	0.248119	0.804044	0.849117	1	1	1	0.999987	0.985729	1
-0.00900113	-1.21423	0.224668	0.400122	1	1	0.986778	0.939135	0.545622	1
-0.0140812	-1.89867	0.057617	0.0936126	0.979488	0.806637	0.635358	0.564303	0.244872	0.84225
0.00913192	1.24511	0.2131	0.2131	1	1	0.982993	0.928366	0.517527	1
0.00446789	0.614031	0.5392	0.726934	1	1	0.999998	0.980374	0.703384	1
-0.00477132	-0.623116	0.533213	0.600961	1	1	0.999998	0.997746	0.77604	1
0.000708512	0.0930098	0.925896	0.925896	1	1	1	0.999833	0.93802	1
0.00169619	0.219657	0.82614	0.841287	1	1	1	0.999882	0.88045	1
9.5225e-05	0.012297	0.990189	0.990551	1	1	1	0.999991	0.990189	1
0.00741742	0.96015	0.336987	0.460785	1	1	0.999076	0.989117	0.716582	1
0.000976591	0.126358	0.899449	0.899449	1	1	1	0.999987	0.977793	1
-0.00104777	-0.142704	0.886525	0.886525	1	1	1	0.999993	0.96004	1
-0.00166563	-0.232793	0.815923	0.815923	1	1	1	0.999602	0.840914	1
0.00321331	0.41542	0.677838	0.762593	1	1	1	0.99653	0.857339	1
0.00668321	0.866862	0.386024	0.547086	1	1	0.99975	0.979807	0.549644	1
0.00963185	1.21756	0.2234	0.2234	1	1	0.986406	0.966737	0.75956	1
0.00255727	0.327362	0.743396	0.743396	1	1	1	0.999789	0.873641	1
-0.00484103	-0.655283	0.51229	0.51229	1	1	0.999995	0.998439	0.896669	1
-0.0021115	-0.284772	0.775821	0.775821	1	1	1	0.999618	0.888289	1
-0.00256735	-0.331197	0.740498	0.749973	1	1	1	0.999595	0.856843	1
-0.000173524	-0.0224777	0.982067	0.982067	1	1	1	0.999991	0.982067	1
0.00324544	0.442177	0.658364	0.793552	1	1	1	0.993533	0.699512	1
0.0026726	0.363926	0.715916	0.735397	1	1	1	0.998768	0.873493	1
0.00814794	1.06088	0.288755	0.343687	1	1	0.99695	0.988081	0.76044	1
0.0077969	1.02551	0.305132	0.473738	1	1	0.997947	0.977115	0.630394	1
-0.000918419	-0.119785	0.904655	0.922918	1	1	1	0.995748	0.961196	1
-0.00480096	-0.626986	0.530673	0.663846	1	1	0.999997	0.994984	0.786494	1
-0.00675143	-0.978879	0.327648	0.514019	1	1	0.998827	0.965953	0.557001	1
-0.0081619	-1.19148	0.233476	0.36742	1	1	0.989112	0.968462	0.649076	1
0.00297361	0.380681	0.703443	0.770538	1	1	1	0.999259	0.866858	1
0.00494884	0.634537	0.525736	0.525736	1	1	0.999997	0.999424	0.892837	1
-0.0140583	-1.87203	0.0612116	0.146745	1	0.918174	0.658295	0.612282	0.346866	1
-0.00115756	-0.155446	0.876471	0.876471	1	1	1	0.999993	0.985376	1
-0.000468883	-0.0594235	0.952615	0.952615	1	1	1	0.999619	0.98787	1
-0.00594556	-0.75074	0.452815	0.499499	1	1	0.999965	0.997756	0.74256	1
-0.00575828	-0.759346	0.447652	0.499499	1	1	0.999959	0.995215	0.756105	1
-0.00891201	-1.14077	0.253974	0.47713	1	1	0.993132	0.96936	0.503858	1
-0.00184567	-0.262328	0.793071	0.821726	1	1	1	0.996914	0.842637	1
-0.00480311	-0.636463	0.52448	0.611775	1	1	0.999997	0.992202	0.743013	1
0.00964564	1.39783	0.162173	0.162173	1	1	0.950612	0.916023	0.689236	1
0.00379629	0.542004	0.58782	0.58782	1	1	1	0.999792	0.899734	1
0.00629269	0.887906	0.374598	0.499499	1	1	0.999657	0.990103	0.707575	1
-0.00608256	-0.916694	0.35931	0.458515	1	1	0.999484	0.991067	0.719966	1
-0.00463653	-0.596317	0.550968	0.605652	1	1	0.999999	0.998347	0.890108	1
0.00217628	0.278044	0.78098	0.78098	1	1	1	0.999541	0.814183	1
0.00260626	0.349732	0.726542	0.76911	1	1	1	0.995251	0.874319	1
0.00440854	0.591764	0.554013	0.624951	1	1	0.999999	0.998435	0.794824	1
0.00996737	1.37802	0.168206	0.345841	1	1	0.956322	0.890305	0.458968	1
0.00569802	0.758723	0.448024	0.579131	1	1	0.999959	0.980849	0.548725	1
-0.00353981	-0.511877	0.608741	0.733464	1	1	1	0.990831	0.796046	1
0.00179391	0.264045	0.791747	0.813628	1	1	1	0.999608	0.874971	1
-0.00318994	-0.446854	0.654984	0.805586	1	1	1	0.997247	0.830097	1
0.00780581	1.05029	0.293591	0.515772	1	1	0.997284	0.944748	0.499105	1
0.000609732	0.0904185	0.927955	0.95657	1	1	1	0.99481	0.93283	1
-0.0116788	-1.67896	0.0931708	0.108853	1	1	0.810358	0.745694	0.395976	1
-0.00351043	-0.51467	0.606787	0.606787	1	1	1	0.999199	0.937762	1
-0.00264577	-0.376199	0.706771	0.752698	1	1	1	0.995682	0.858222	1
-0.0099625	-1.37372	0.169538	0.447008	1	1	0.957495	0.892394	0.41718	1
-0.00659573	-0.888551	0.374252	0.401933	1	1	0.999654	0.996737	0.795284	1
-0.00101263	-0.148227	0.882165	0.882165	1	1	1	0.999472	0.882165	1
0.00311501	0.455328	0.648876	0.648876	1	1	1	0.999972	0.920471	1
-0.00636577	-0.976047	0.329049	0.361867	1	1	0.998868	0.987595	0.799119	1
-0.010098	-1.52361	0.127617	0.312626	1	1	0.901821	0.870995	0.582234	1
-0.0056818	-0.828226	0.407549	0.492575	1	1	0.999864	0.996844	0.784014	1
-0.0064757	-0.923016	0.356006	0.499499	1	1	0.999436	0.980948	0.672457	1
-0.00419811	-0.588817	0.555988	0.555988	1	1	0.999999	0.999329	0.97237	1
-0.00167741	-0.238054	0.811841	0.822539	1	1	1	0.999899	0.870762	1
-0.00240779	-0.340401	0.733557	0.733557	1	1	1	0.999973	0.961121	1
-0.000164744	-0.0234171	0.981318	0.986651	1	1	1	1	0.991682	1
-0.0136821	-2.00313	0.0451724	0.0451724	0.767931	0.721706	0.544252	0.522165	0.255977	0.880446
-0.0101823	-1.49044	0.13612	0.13612	1	1	0.91688	0.871072	0.57851	1
-0.0112711	-1.62715	0.103715	0.243219	1	1	0.844553	0.759121	0.341134	1
-0.00359119	-0.508242	0.611287	0.611287	1	1	1	0.999479	0.935004	1
-0.000107735	-0.0148314	0.988167	0.990713	1	1	1	0.999836	0.988167	1
-0.00335438	-0.447933	0.654205	0.671115	1	1	1	0.99892	0.787629	1
0.000349971	0.0515302	0.958903	0.958903	1	1	1	0.999832	0.958903	1
-0.000377807	-0.0546226	0.95644	0.95644	1	1	1	0.999486	0.956523	1
-0.00689876	-0.972971	0.330576	0.330576	1	1	0.998911	0.991901	0.936631	1
-0.00933409	-1.2826	0.199643	0.199643	1	1	0.97731	0.944704	0.678785	1
-0.00677078	-1.03443	0.300945	0.440306	1	1	0.997727	0.99048	0.643519	1
-0.00613671	-0.910448	0.362593	0.362593	1	1	0.999527	0.992944	0.847657	1
-0.0147053	-2.03856	0.041503	0.145246	0.705552	0.664048	0.513545	0.492481	0.352776	1
-0.0112154	-1.61322	0.106708	0.409014	1	1	0.853145	0.769371	0.323569	1
0.0028814	0.392196	0.694916	0.694916	1	1	1	0.999897	0.992071	1
0.00694606	0.912063	0.361743	0.361743	1	1	0.999516	0.99543	0.867889	1
-0.0130619	-1.66174	0.0965758	0.393459	1	1	0.822107	0.78204	0.356127	1
-0.000658549	-0.0884169	0.929546	0.952507	1	1	1	0.999942	0.98538	1
0.0102	1.32635	0.184734	0.347048	1	1	0.968948	0.942695	0.5723	1
-0.00412024	-0.56421	0.572616	0.572616	1	1	0.999999	0.999389	0.828273	1
0.00689352	0.926924	0.353973	0.353973	1	1	0.999405	0.996586	0.963471	1
-0.00993378	-1.32084	0.186565	0.235833	1	1	0.970113	0.931736	0.55152	1
-0.00263142	-0.333577	0.738701	0.765414	1	1	1	0.999682	0.941427	1
0.0051737	0.65495	0.512505	0.559329	1	1	0.999995	0.995299	0.726049	1
-0.00971551	-1.27356	0.202828	0.204404	1	1	0.978798	0.947498	0.689615	1
-0.00813953	-1.06851	0.2853	0.365225	1	1	0.996688	0.984918	0.803775	1
-0.00394691	-0.560483	0.575154	0.589429	1	1	1	0.998069	0.762138	1
0.000359966	0.049651	0.960401	0.960401	1	1	1	0.999996	0.993432	1
-0.0166493	-2.12739	0.0333956	0.0432283	0.567725	0.534329	0.438656	0.419262	0.283862	0.97636
-0.0100924	-1.30329	0.192487	0.192487	1	1	0.973604	0.922445	0.467469	1
-0.00267569	-0.345257	0.729903	0.729903	1	1	1	0.999965	0.975112	1
-0.00557766	-0.730564	0.465051	0.465051	1	1	0.999976	0.999035	0.946285	1
-0.00158393	-0.220687	0.825337	0.894003	1	1	1	0.992318	0.825337	1
-0.00568845	-0.778115	0.436507	0.556016	1	1	0.999942	0.984842	0.66522	1
-0.00823711	-1.0401	0.298302	0.439724	1	1	0.997576	0.97106	0.609006	1
-0.0107039	-1.36718	0.171578	0.269671	1	1	0.959236	0.847765	0.364604	1
0.005872	0.741118	0.458628	0.458628	1	1	0.999971	0.998829	0.955518	1
-0.0048745	-0.621445	0.534311	0.534311	1	1	0.999998	0.999918	0.930059	1
0.0131275	1.64389	0.10021	0.132735	1	1	0.833887	0.796389	0.497253	1
0.0107511	1.3522	0.176323	0.361771	1	1	0.963028	0.933839	0.598272	1
-0.00134212	-0.17411	0.86178	0.882281	1	1	1	0.993363	0.915642	1
0.000555068	0.0726966	0.942048	0.960559	1	1	1	0.996588	0.942048	1
0.0106469	1.41921	0.155848	0.155848	1	1	0.943875	0.900062	0.523271	1
0.000710238	0.0932492	0.925706	0.925706	1	1	1	0.99997	0.976094	1
-0.00215002	-0.274462	0.783732	0.854717	1	1	1	0.99928	0.899913	1
0.00738917	0.950973	0.341625	0.499499	1	1	0.99918	0.976759	0.645293	1
0.00202537	0.255269	0.798517	0.861804	1	1	1	0.998352	0.969628	1
0.00341281	0.431961	0.665773	0.665773	1	1	1	0.999948	0.955616	1
-0.00320448	-0.425242	0.670663	0.798481	1	1	1	0.998724	0.906375	1
-0.00168407	-0.219122	0.826556	0.848167	1	1	1	0.999631	0.966928	1
0.00867612	1.11353	0.265489	0.342854	1	1	0.994728	0.974133	0.644758	1
0.0161048	2.07584	0.0379174	0.0918043	0.644596	0.644596	0.481666	0.481666	0.339487	1
0.0069254	0.881519	0.378044	0.405885	1	1	0.999688	0.991338	0.803343	1
-0.00101016	-0.127189	0.898791	0.899165	1	1	1	0.999198	0.940066	1
-0.0142229	-1.90019	0.0574177	0.16607	0.976101	0.803848	0.634045	0.563012	0.244025	0.839337
-0.0106489	-1.44181	0.149367	0.338912	1	1	0.936083	0.911665	0.575021	1
0.00824595	1.04174	0.29754	0.39957	1	1	0.997531	0.985564	0.695166	1
0.00874154	1.09018	0.275641	0.380166	1	1	0.995839	0.984885	0.722408	1
-0.00967152	-1.19981	0.230221	0.437558	1	1	0.988299	0.957021	0.505957	1
-0.00466343	-0.583124	0.559814	0.559814	1	1	0.999999	0.99938	0.914989	1
0.0084679	1.06071	0.288831	0.288831	1	1	0.996955	0.983263	0.767987	1
-0.00813718	-1.02601	0.304896	0.499499	1	1	0.997935	0.977346	0.575915	1
-0.0101484	-1.2946	0.195469	0.430904	1	1	0.975213	0.9268	0.451187	1
-0.00361008	-0.472885	0.636299	0.714813	1	1	1	0.99255	0.676067	1
-0.0102726	-1.68772	0.0914746	0.252619	1	1	0.804237	0.762832	0.402377	1
-4.45472e-05	-0.00609429	0.995138	0.995978	1	1	1	0.999921	0.995138	1
0.0116208	1.68226	0.0925284	0.0925284	1	1	0.808062	0.74316	0.393246	1
0.00419155	0.592923	0.553237	0.553237	1	1	0.999999	0.999683	0.910479	1
0.00799842	1.1254	0.260429	0.30253	1	1	0.994075	0.987253	0.8135	1
-0.00849388	-1.28082	0.200267	0.282351	1	1	0.977609	0.914415	0.486362	1
-0.000521356	-0.0675733	0.946126	0.952824	1	1	1	0.998696	0.947001	1
0.00409771	0.52873	0.596997	0.701565	1	1	1	0.995716	0.845746	1
0.00426186	0.558925	0.576217	0.676707	1	1	1	0.997545	0.805118	1
0.00535736	0.701851	0.482777	0.499499	1	1	0.999986	0.998347	0.911913	1
0.00367221	0.56146	0.574488	0.574488	1	1	1	0.999917	0.932271	1
0.00498517	0.701569	0.482953	0.605915	1	1	0.999987	0.994442	0.684184	1
-0.0111128	-1.8795	0.0601865	0.2	1	0.782425	0.651896	0.553787	0.181043	0.622706
-0.00783869	-1.27942	0.200759	0.426883	1	1	0.977842	0.945699	0.522994	1
0.00213771	0.29831	0.765468	0.839117	1	1	1	0.998909	0.867531	1
0.00941973	1.26213	0.206912	0.302395	1	1	0.98057	0.96105	0.728082	1
-0.00543678	-0.812499	0.416512	0.48836	1	1	0.999895	0.995712	0.809343	1
-0.0137743	-1.98562	0.0470843	0.107176	0.800433	0.753349	0.55952	0.537755	0.400216	1
-0.00120175	-0.163663	0.869998	0.908883	1	1	1	0.998565	0.942854	1
-0.00121113	-0.162331	0.871046	0.871046	1	1	1	0.999592	0.926911	1
-0.00647167	-0.919031	0.358087	0.490051	1	1	0.999467	0.988121	0.675556	1
-0.00858426	-1.20464	0.228352	0.242491	1	1	0.987807	0.973462	0.75124	1
-0.000593489	-0.0825702	0.934194	0.934194	1	1	1	0.999711	0.967188	1
0.0046649	0.643225	0.520083	0.549414	1	1	0.999996	0.997186	0.773297	1
-0.00499838	-0.737376	0.4609	0.4609	1	1	0.999973	0.999155	0.940102	1
-0.00613187	-0.901724	0.367211	0.491812	1	1	0.999582	0.991838	0.630344	1
-0.00125964	-0.193512	0.84656	0.84656	1	1	1	0.999942	0.904444	1
-0.00594088	-0.883405	0.377024	0.499499	1	1	0.999679	0.985867	0.695373	1
-0.0105681	-1.46598	0.142665	0.223644	1	1	0.92696	0.864806	0.374157	1
-0.00404533	-0.564363	0.572511	0.572511	1	1	0.999999	0.999601	0.825538	1
-0.00458712	-0.672208	0.501456	0.597354	1	1	0.999993	0.98833	0.65575	1
3.33041e-05	0.00486993	0.996114	0.997826	1	1	1	0.996808	0.996114	1
-0.0157627	-2.24713	0.0246386	0.204175	0.418856	0.394217	0.345643	0.329113	0.209428	0.720338
-0.0115588	-1.64298	0.100398	0.292886	1	1	0.834478	0.795471	0.549708	1
-0.00239956	-0.320881	0.748303	0.777369	1	1	1	0.998813	0.860306	1
0.00340076	0.454352	0.649578	0.75595	1	1	1	0.984921	0.788774	1
7.88354e-05	0.0110977	0.991146	0.994425	1	1	1	0.998162	0.991146	1
-0.0062009	-0.854556	0.392804	0.540526	1	1	0.999793	0.987124	0.607061	1
-0.00496115	-0.70363	0.481669	0.481669	1	1	0.999986	0.999274	0.825711	1
-0.00824919	-1.16274	0.244942	0.244942	1	1	0.991573	0.980424	0.837495	1
-0.00505123	-0.718249	0.472609	0.499499	1	1	0.999981	0.99883	0.707123	1
-0.00573842	-0.780503	0.435101	0.440476	1	1	0.999939	0.999066	0.853957	1
-0.0182412	-2.61676	0.00888128	0.112453	0.150982	0.1421	0.140716	0.133016	0.0754909	0.259655
-0.0108471	-1.54256	0.122948	0.122948	1	1	0.892494	0.860241	0.547296	1
-0.0145525	-1.95721	0.0503318	0.0503318	0.85564	0.805308	0.584355	0.562326	0.341973	1
-0.0172815	-2.39181	0.0167716	0.0447685	0.285117	0.251574	0.24989	0.224081	0.0950392	0.326892
-0.00276121	-0.374398	0.708111	0.708111	1	1	1	0.999988	0.988931	1
0.000804598	0.10647	0.91521	0.91521	1	1	1	0.999985	0.970896	1
0.00517422	0.685669	0.492927	0.492927	1	1	0.99999	0.999205	0.911694	1
-0.00541501	-0.699021	0.484545	0.699388	1	1	0.999987	0.988093	0.686438	1
0.00495147	0.681186	0.495759	0.495759	1	1	0.999991	0.999464	0.886629	1
0.0039858	0.540165	0.589087	0.589087	1	1	1	0.999716	0.80052	1
-0.00179662	-0.230936	0.817366	0.817366	1	1	1	0.999797	0.999006	1
-0.00477816	-0.716682	0.473576	0.560282	1	1	0.999982	0.993856	0.73189	1
-0.00430286	-0.551871	0.581041	0.581041	1	1	1	0.999151	0.827107	1
0.00110962	0.140831	0.888005	0.913878	1	1	1	0.998595	0.979482	1
0.00523958	0.713105	0.475786	0.499499	1	1	0.999983	0.997011	0.81641	1
0.00672199	0.912483	0.361522	0.361522	1	1	0.999513	0.998129	0.864331	1
0.00604101	0.806611	0.419897	0.493949	1	1	0.999905	0.995684	0.804434	1
0.000349317	0.0472718	0.962297	0.967431	1	1	1	0.999412	0.962297	1
0.0046379	0.607784	0.543335	0.635303	1	1	0.999998	0.993944	0.769725	1
0.0107528	1.43384	0.151629	0.226217	1	1	0.938912	0.882073	0.51554	1
-0.0053908	-0.732226	0.464037	0.464037	1	1	0.999975	0.99916	0.814253	1
0.00406807	0.54654	0.584699	0.7411	1	1	1	0.994869	0.828324	1
0.00309316	0.409105	0.682465	0.826032	1	1	1	0.99404	0.828708	1
-0.00517549	-0.682159	0.495144	0.495144	1	1	0.999991	0.998924	0.917206	1
0.00270781	0.352388	0.72455	0.72455	1	1	1	0.99988	0.940188	1
0.00626213	0.816931	0.413974	0.498309	1	1	0.999887	0.995223	0.71364	1
-0.0111785	-1.46596	0.14267	0.388573	1	1	0.926968	0.864817	0.473972	1
-0.00280927	-0.362466	0.717006	0.717006	1	1	1	0.999924	0.937623	1
-0.00438744	-0.62654	0.530966	0.556113	1	1	0.999997	0.996826	0.74685	1
-0.0010623	-0.152796	0.87856	0.879626	1	1	1	0.999565	0.987004	1
-0.00635047	-0.868506	0.385124	0.511996	1	1	0.999743	0.984614	0.654711	1
-0.0111076	-1.48886	0.136536	0.280919	1	1	0.917557	0.826891	0.331587	1
-0.0112713	-1.47258	0.140875	0.192069	1	1	0.924325	0.88066	0.579331	1
-0.00617536	-0.811643	0.417003	0.523539	1	1	0.999896	0.988346	0.708905	1
0.00101246	0.1393	0.889214	0.889214	1	1	1	0.999989	0.990519	1
-0.000565787	-0.0782117	0.93766	0.947369	1	1	1	0.999318	0.93766	1
-0.00310655	-0.416229	0.677245	0.688563	1	1	1	0.99842	0.788131	1
-0.00442838	-0.586318	0.557666	0.557666	1	1	0.999999	0.999352	0.936551	1
-0.0110932	-1.62787	0.103564	0.163992	1	1	0.844106	0.826096	0.681716	1
-0.00827339	-1.20321	0.228905	0.228905	1	1	0.987954	0.980869	0.892357	1
-0.0141853	-1.92841	0.0538136	0.120833	0.914832	0.753391	0.609516	0.539029	0.228708	0.786653
-0.0113051	-1.52469	0.127347	0.152168	1	1	0.901302	0.858693	0.541224	1
-0.00515062	-0.680497	0.496195	0.499499	1	1	0.999991	0.998716	0.805626	1
-5.49027e-05	-0.00717981	0.994271	0.994697	1	1	1	0.999848	0.994271	1
0.00666651	0.990756	0.321813	0.555897	1	1	0.998642	0.95525	0.547081	1
0.00463768	0.685497	0.493036	0.519218	1	1	0.99999	0.996846	0.746126	1
-0.00907778	-1.2081	0.227019	0.351361	1	1	0.987444	0.972813	0.720392	1
-0.0111167	-1.45319	0.146183	0.158095	1	1	0.931891	0.890577	0.621277	1
0.00296673	0.428956	0.667958	0.667958	1	1	1	0.999946	0.869754	1
-0.00102426	-0.145844	0.884045	0.884045	1	1	1	0.999687	0.939298	1
-0.00961502	-1.26485	0.205935	0.316636	1	1	0.980159	0.955427	0.697569	1
-0.00107483	-0.144239	0.885313	0.900883	1	1	1	0.99998	0.988858	1
0.00728112	0.927682	0.35358	0.392167	1	1	0.999399	0.991765	0.792089	1
0.00704466	0.929675	0.352547	0.413951	1	1	0.999383	0.98991	0.749162	1
0.00104436	0.136936	0.891082	0.891082	1	1	1	0.999926	0.920073	1
-0.0091832	-1.22507	0.220557	0.264865	1	1	0.985535	0.960808	0.663521	1
0.00979256	1.37733	0.168419	0.168419	1	1	0.956511	0.909059	0.572625	1
0.00353508	0.478143	0.632552	0.632552	1	1	1	0.999914	0.924828	1
0.00412518	0.563628	0.573011	0.633728	1	1	0.999999	0.997412	0.817442	1
-0.00552446	-0.827813	0.407783	0.489852	1	1	0.999864	0.994694	0.723525	1
-0.00813305	-1.04648	0.295349	0.295349	1	1	0.997396	0.98944	0.862826	1
-0.000339795	-0.0434615	0.965334	0.965334	1	1	1	0.999284	0.965334	1
-0.00394173	-0.538451	0.590269	0.590269	1	1	1	0.999675	0.961087	1
-0.00117532	-0.160796	0.872255	0.872255	1	1	1	0.999868	0.982073	1
0.00623541	0.829036	0.40709	0.499499	1	1	0.999862	0.990945	0.739001	1
0.00224692	0.298417	0.765387	0.782983	1	1	1	0.999795	0.929399	1
0.00107841	0.140092	0.888588	0.935946	1	1	1	0.998204	0.944125	1
0.00685123	0.913471	0.361002	0.434158	1	1	0.999506	0.991435	0.76713	1
-0.00846671	-1.15791	0.246912	0.337229	1	1	0.991939	0.948385	0.524687	1
0.000674281	0.0921441	0.926584	0.951587	1	1	1	0.99461	0.975788	1
0.000415949	0.0602387	0.951966	0.951966	1	1	1	0.99916	0.987854	1
-0.0105094	-1.50362	0.132689	0.256265	1	1	0.911085	0.881798	0.653362	1
-0.00789858	-1.11003	0.266993	0.499499	1	1	0.994909	0.96185	0.50432	1
-0.00949046	-1.29754	0.194455	0.311372	1	1	0.974677	0.884947	0.413218	1
-0.00712376	-0.941027	0.346698	0.480896	1	1	0.999281	0.98842	0.693815	1
-0.00559135	-0.731114	0.464715	0.499499	1	1	0.999976	0.998186	0.798733	1
0.00216555	0.310381	0.756274	0.756274	1	1	1	0.999808	0.85711	1
0.00491524	0.71296	0.475876	0.475876	1	1	0.999983	0.999496	0.960596	1
-0.0057226	-0.842749	0.399376	0.47918	1	1	0.999828	0.994022	0.726804	1
-0.0090136	-1.32221	0.186109	0.206542	1	1	0.969826	0.944034	0.594496	1
-0.00542196	-0.765904	0.44374	0.44374	1	1	0.999953	0.998422	0.970739	1
-0.00561339	-0.783846	0.433137	0.433137	1	1	0.999936	0.998058	0.851805	1
0.000158713	0.0219474	0.98249	0.98663	1	1	1	0.99998	0.98249	1
0.00162202	0.225861	0.821311	0.863218	1	1	1	0.992692	0.821311	1
0.00187986	0.250999	0.801816	0.801816	1	1	1	0.998937	0.879521	1
0.00193647	0.262608	0.792855	0.804889	1	1	1	0.998835	0.830968	1
-0.0112415	-1.57727	0.114745	0.114745	1	1	0.87406	0.794936	0.390133	1
-0.00895167	-1.26036	0.207549	0.207549	1	1	0.980834	0.961486	0.841673	1
-0.00841229	-1.14257	0.253226	0.421117	1	1	0.993014	0.946062	0.538105	1
-0.00436502	-0.588877	0.555948	0.643452	1	1	0.999999	0.995358	0.787593	1
0.00339333	0.444813	0.656458	0.67167	1	1	1	0.998894	0.858445	1
-0.000677049	-0.0873372	0.930404	0.953119	1	1	1	0.999871	0.942682	1
-0.000435114	-0.0633188	0.949513	0.95694	1	1	1	0.999781	0.949513	1
0.00201019	0.291744	0.770485	0.835889	1	1	1	0.998164	0.775844	1
-0.00382354	-0.515447	0.606244	0.65153	1	1	1	0.994751	0.736154	1
-0.00580221	-0.778757	0.436129	0.436129	1	1	0.999941	0.996751	0.926775	1
0.000230012	0.0334543	0.973313	0.973313	1	1	1	0.999962	0.973313	1
-0.00541787	-0.783872	0.433121	0.499499	1	1	0.999936	0.993955	0.818118	1
-0.0066446	-0.859693	0.389965	0.475905	1	1	0.999776	0.992863	0.716536	1
-0.00570385	-0.755519	0.449944	0.474902	1	1	0.999961	0.997464	0.729197	1
0.00187366	0.256155	0.797833	0.797833	1	1	1	0.999233	0.904211	1
0.00706476	0.933344	0.35065	0.487234	1	1	0.999351	0.988832	0.688108	1
0.000800225	0.106711	0.915019	0.915019	1	1	1	0.999998	0.972208	1
0.010061	1.34398	0.178964	0.229006	1	1	0.964993	0.922962	0.608479	1
-0.0109592	-1.43191	0.152179	0.152179	1	1	0.939581	0.900857	0.646759	1
-0.00707455	-0.894144	0.371252	0.517788	1	1	0.999625	0.981233	0.631128	1
-0.0121375	-1.61131	0.107122	0.172312	1	1	0.854299	0.795315	0.45527	1
-0.0163734	-2.10424	0.0353655	0.0760506	0.601213	0.565848	0.45779	0.437911	0.300606	1
0.0029697	0.394005	0.69358	0.713143	1	1	1	0.999746	0.936679	1
-0.00416891	-0.549067	0.582964	0.665914	1	1	1	0.994369	0.762337	1
0.00571339	0.858188	0.390795	0.456772	1	1	0.999781	0.995711	0.823822	1
0.0062429	0.965425	0.33434	0.496868	1	1	0.999011	0.982918	0.63712	1
-0.00136151	-0.184979	0.853247	0.853247	1	1	1	0.999695	0.967013	1
0.00687024	0.940782	0.346824	0.516364	1	1	0.999283	0.98711	0.584785	1
-0.0105948	-1.4146	0.157195	0.157195	1	1	0.945379	0.908761	0.668078	1
-0.00713714	-0.927046	0.35391	0.401868	1	1	0.999404	0.994952	0.800234	1
0.00542463	0.705521	0.480492	0.480492	1	1	0.999985	0.998568	0.82318	1
0.0051924	0.665669	0.505628	0.596761	1	1	0.999994	0.992946	0.651237	1
-0.000376956	-0.0513176	0.959073	0.959073	1	1	1	0.999959	0.983558	1
0.000938563	0.126971	0.898964	0.898964	1	1	1	0.999954	0.98768	1
-0.000539758	-0.0714526	0.943038	0.943038	1	1	1	0.999976	0.982873	1
0.000649722	0.0848451	0.932385	0.932385	1	1	1	0.999999	0.932385	1
-0.00532477	-0.701055	0.483274	0.483274	1	1	0.999987	0.999299	0.851116	1
-0.0035286	-0.455614	0.648671	0.690455	1	1	1	0.998119	0.91895	1
-0.00638406	-0.879905	0.378918	0.378918	1	1	0.999696	0.994696	0.866622	1
-0.00917076	-1.25853	0.208211	0.208211	1	1	0.981104	0.939282	0.58993	1
-0.00117619	-0.160041	0.87285	0.873217	1	1	1	0.998343	0.87285	1
0.00291617	0.400512	0.688782	0.688782	1	1	1	0.998778	0.836378	1
-0.00164532	-0.222031	0.824292	0.824292	1	1	1	0.999997	0.996354	1
-0.00116434	-0.156228	0.875854	0.875854	1	1	1	0.999857	0.932709	1
-0.00363682	-0.48643	0.626666	0.626666	1	1	1	0.998989	0.933044	1
-0.00396455	-0.533308	0.593824	0.653468	1	1	1	0.996069	0.841251	1
-0.00499253	-0.657882	0.510619	0.510619	1	1	0.999995	0.99839	0.818711	1
-0.00480921	-0.638904	0.52289	0.615249	1	1	0.999997	0.994372	0.808103	1
0.00515415	0.723477	0.469393	0.527516	1	1	0.999979	0.995083	0.797967	1
-0.000724395	-0.102102	0.918676	0.918676	1	1	1	0.999933	0.984268	1
0.00516336	0.690142	0.49011	0.499499	1	1	0.999989	0.99767	0.805886	1
0.00187632	0.250409	0.802273	0.81618	1	1	1	0.999698	0.973952	1
-0.00182575	-0.245795	0.805843	0.805843	1	1	1	0.999499	0.913288	1
0.00096502	0.12726	0.898735	0.91342	1	1	1	0.999978	0.996402	1
0.00301229	0.391886	0.695145	0.695145	1	1	1	0.999755	0.991678	1
0.00300135	0.394364	0.693315	0.693315	1	1	1	0.999811	0.887112	1
-0.00158159	-0.206642	0.836291	0.836291	1	1	1	0.999786	0.938487	1
0.000976761	0.129478	0.896981	0.916613	1	1	1	0.999826	0.986329	1
0.00143696	0.206114	0.836703	0.836703	1	1	1	0.999985	0.953963	1
0.00242037	0.350447	0.726006	0.732912	1	1	1	0.999108	0.8748	1
0.00321152	0.432658	0.665266	0.665266	1	1	1	0.999569	0.903358	1
-0.00420631	-0.575396	0.565028	0.565028	1	1	0.999999	0.998719	0.835478	1
-0.00495681	-0.6783	0.497587	0.499499	1	1	0.999992	0.998234	0.868073	1
-0.010446	-1.41882	0.155962	0.312664	1	1	0.944004	0.906875	0.544273	1
0.00940205	1.46671	0.142466	0.142466	1	1	0.926671	0.900283	0.807307	1
-0.00510395	-0.731414	0.464532	0.540695	1	1	0.999976	0.993469	0.658087	1
-0.0149223	-1.97693	0.0480584	0.210325	0.816993	0.672818	0.567113	0.498184	0.204248	0.702523
0.00198632	0.257923	0.796468	0.806852	1	1	1	0.999921	0.922188	1
-0.0112774	-1.53826	0.123995	0.123995	1	1	0.894656	0.862723	0.702639	1
0.00180973	0.248449	0.803789	0.833051	1	1	1	0.99518	0.854026	1
0.00294538	0.379243	0.70451	0.773834	1	1	1	0.999942	0.968795	1
-0.00796124	-1.01531	0.309964	0.499499	1	1	0.998177	0.967801	0.554856	1
0.00218339	0.288617	0.772877	0.859694	1	1	1	0.998782	0.89823	1
-0.00377515	-0.4945	0.620957	0.699437	1	1	1	0.998876	0.818331	1
-7.09739e-05	-0.0103913	0.991709	0.991709	1	1	1	0.99988	0.991709	1
-0.00552664	-0.785048	0.432432	0.555628	1	1	0.999934	0.987621	0.58006	1
0.0147042	2.06991	0.038469	0.038469	0.653974	0.615505	0.486695	0.466158	0.249221	0.857209
0.0136675	1.89567	0.0580129	0.07755	0.986219	0.754167	0.637953	0.540183	0.197244	0.67843
-0.00031864	-0.0432017	0.965541	0.971233	1	1	1	0.998567	0.965541	1
0.00104017	0.139059	0.889404	0.891277	1	1	1	0.999714	0.889404	1
0.00231784	0.30029	0.763958	0.763958	1	1	1	0.999679	0.848739	1
0.00796337	1.02573	0.305028	0.347402	1	1	0.997942	0.991178	0.746108	1
0.0027788	0.356695	0.721323	0.805351	1	1	1	0.984501	0.817499	1
0.00132263	0.169252	0.8656	0.878123	1	1	1	0.99995	0.996299	1
-0.00969883	-1.30389	0.192282	0.274603	1	1	0.973489	0.949692	0.746408	1
0.000370227	0.0499594	0.960155	0.961095	1	1	1	0.999734	0.960155	1
-0.0037186	-0.471634	0.637191	0.637191	1	1	1	0.998714	0.72215	1
-0.00721744	-0.921384	0.356858	0.403058	1	1	0.999449	0.993957	0.754128	1
0.00133279	0.173069	0.862598	0.862598	1	1	1	0.999909	0.942554	1
0.00104835	0.136732	0.891243	0.927998	1	1	1	0.999853	0.928805	1
-0.00718538	-0.999763	0.317433	0.317433	1	1	0.998485	0.99302	0.941624	1
-0.000678776	-0.0921095	0.926612	0.926612	1	1	1	0.999993	0.94556	1
0.00545518	0.712467	0.476181	0.658249	1	1	0.999983	0.979342	0.67459	1
0.000747224	0.0979654	0.92196	0.946427	1	1	1	0.99884	0.931203	1
0.00138814	0.185797	0.852605	0.880711	1	1	1	0.999528	0.981682	1
0.00506078	0.676911	0.498467	0.574477	1	1	0.999992	0.992627	0.770359	1
0.00918033	1.21269	0.225256	0.329335	1	1	0.986948	0.939641	0.54705	1
0.00493447	0.648197	0.516862	0.581329	1	1	0.999996	0.997031	0.822119	1
-0.00327439	-0.427989	0.668662	0.711357	1	1	1	0.994837	0.757817	1
-0.0072204	-0.951727	0.341243	0.402078	1	1	0.999171	0.984609	0.725141	1
-0.00240382	-0.331807	0.740037	0.784249	1	1	1	0.99939	0.908594	1
0.0048515	0.677423	0.498143	0.513903	1	1	0.999992	0.998278	0.793379	1
0.00609784	0.851369	0.394571	0.499499	1	1	0.999803	0.989071	0.727956	1
0.0110373	1.55219	0.120627	0.139205	1	1	0.887554	0.872129	0.661573	1
-0.00317927	-0.406233	0.684574	0.818632	1	1	1	0.997679	0.864742	1
-0.00319237	-0.404133	0.686118	0.687351	1	1	1	0.997965	0.833143	1
0.0250352	3.16941	0.00152899	0.090373	0.0259928	0.0259802	0.0256773	0.025665	0.0129964	0.0447018
0.0151887	1.91598	0.0553767	0.194748	0.941404	0.941404	0.620338	0.620338	0.496571	1
0.00126577	0.162066	0.871255	0.871255	1	1	1	0.999134	0.971157	1
0.0130871	1.69023	0.0909933	0.30279	1	1	0.802467	0.76094	0.506292	1
0.0037636	0.479093	0.631876	0.631876	1	1	1	0.998819	0.777535	1
0.00231116	0.297849	0.765821	0.765821	1	1	1	0.999961	0.962237	1
0.00300374	0.407233	0.68384	0.759021	1	1	1	0.990131	0.8209	1
-0.00205876	-0.267327	0.78922	0.80398	1	1	1	0.9978	0.847574	1
0.00421053	0.616289	0.537708	0.596998	1	1	0.999998	0.996303	0.737056	1
-0.0025088	-0.379963	0.703976	0.766524	1	1	1	0.995459	0.854827	1
-0.00350762	-0.491575	0.623024	0.642815	1	1	1	0.997619	0.814723	1
-0.00640186	-0.973066	0.330529	0.491944	1	1	0.99891	0.981915	0.640336	1
-0.00490742	-0.622544	0.533589	0.646328	1	1	0.999998	0.993153	0.747977	1
-0.000323905	-0.0409772	0.967314	0.967314	1	1	1	0.999826	0.967314	1
0.00600925	0.816139	0.414427	0.59114	1	1	0.999888	0.976392	0.613883	1
0.00796425	1.10877	0.267537	0.377962	1	1	0.994972	0.987159	0.741859	1
0.0101518	1.31588	0.188224	0.393559	1	1	0.971132	0.924006	0.457115	1
0.00914135	1.22869	0.219198	0.353473	1	1	0.9851	0.923723	0.465795	1
-0.00732416	-1.00056	0.317048	0.499499	1	1	0.99847	0.974624	0.598869	1
0.00176106	0.247345	0.804643	0.835301	1	1	1	0.998837	0.916325	1
-0.00079159	-0.109533	0.91278	0.91278	1	1	1	0.99999	0.967519	1
0.0117919	1.57575	0.115094	0.201881	1	1	0.874902	0.819466	0.482464	1
-0.00342281	-0.485658	0.627213	0.680564	1	1	1	0.99578	0.710842	1
-0.0124551	-1.69946	0.0892429	0.0892429	1	1	0.7959	0.753941	0.50571	1
-0.00584749	-0.858468	0.390641	0.390641	1	1	0.99978	0.998403	0.985333	1
-0.00409342	-0.574481	0.565647	0.565647	1	1	0.999999	0.999969	0.901456	1
-0.0223468	-3.04356	0.00233997	0.0268628	0.0397794	0.0397794	0.0390434	0.0390434	0.0234635	0.0807038
-0.0140032	-1.83512	0.0664973	0.15593	1	1	0.689569	0.689569	0.433902	1
-0.0195012	-2.79766	0.0051507	0.0098842	0.0875619	0.0824112	0.0840451	0.0793029	0.043781	0.150587
-0.0134551	-1.93485	0.0530183	0.221088	0.901311	0.742256	0.603898	0.533575	0.174785	0.601184
-0.0124691	-2.00364	0.0451174	0.12394	0.766996	0.721878	0.543806	0.522251	0.383498	1
-0.0146097	-2.20509	0.027455	0.123982	0.466736	0.466736	0.377033	0.377033	0.373808	1
-0.0163305	-2.39471	0.0166394	0.0550049	0.28287	0.266231	0.248174	0.235452	0.116193	0.399652
-0.0145552	-2.04275	0.0410858	0.0410858	0.698459	0.575202	0.509933	0.444203	0.174615	0.600597
-0.0113474	-1.59639	0.110412	0.430057	1	1	0.863161	0.754379	0.28156	0.968442
-0.00982617	-1.34915	0.1773	0.313945	1	1	0.963767	0.920907	0.602821	1
-0.0166692	-2.37452	0.0175782	0.0851291	0.298829	0.263672	0.260282	0.233574	0.0996095	0.342612
-0.00789749	-1.06363	0.287505	0.505425	1	1	0.996857	0.948537	0.488758	1
-0.0169857	-2.30276	0.0212991	0.0830133	0.362085	0.362085	0.306495	0.306495	0.362085	1
-0.0151855	-2.02265	0.0431175	0.0431175	0.732998	0.68988	0.527288	0.505988	0.362394	1
-0.00960964	-1.3398	0.180321	0.180321	1	1	0.965964	0.936461	0.613092	1
-0.00325234	-0.448589	0.653731	0.785198	1	1	1	0.985623	0.793816	1
-0.00522495	-0.677032	0.498391	0.499499	1	1	0.999992	0.99799	0.845815	1
-0.0054107	-0.716936	0.473419	0.473419	1	1	0.999982	0.999545	0.99958	1
0.00268826	0.383292	0.701506	0.785683	1	1	1	0.99763	0.807695	1
0.00161136	0.231158	0.817194	0.862293	1	1	1	0.998452	0.868269	1
-0.0148283	-2.18898	0.0286062	0.0651559	0.486305	0.486305	0.389451	0.389451	0.314472	1
-0.0149338	-2.0032	0.0451644	0.0451644	0.767794	0.72263	0.544187	0.522627	0.383897	1
-0.011382	-1.59502	0.110718	0.110718	1	1	0.863958	0.827974	0.627401	1
-0.00291988	-0.402049	0.687651	0.765462	1	1	1	0.999071	0.91413	1
-0.0188453	-2.41701	0.0156544	0.0156544	0.266125	0.262227	0.235268	0.232234	0.133062	0.457675
-0.0173099	-2.21613	0.02669	0.0532562	0.453729	0.427039	0.36865	0.351337	0.226865	0.780313
-0.00197371	-0.258632	0.795921	0.795921	1	1	1	0.999985	0.990985	1
-8.23668e-05	-0.0106027	0.991541	0.991541	1	1	1	0.999973	0.991541	1
0.00483636	0.624043	0.532604	0.532604	1	1	0.999998	0.999767	0.874159	1
0.00135853	0.17484	0.861206	0.861206	1	1	1	0.999948	0.958503	1
0.00613517	0.784828	0.432561	0.541575	1	1	0.999934	0.987468	0.668503	1
-0.000748317	-0.0977158	0.922159	0.922159	1	1	1	0.99977	0.979794	1
0.0160274	2.05702	0.0396927	0.0832071	0.674775	0.555697	0.497687	0.43279	0.168694	0.580231
0.00930358	1.19508	0.232066	0.246634	1	1	0.988767	0.957938	0.65752	1
0.00145001	0.185005	0.853226	0.913239	1	1	1	0.998726	0.96699	1
-0.00200611	-0.264699	0.791243	0.791243	1	1	1	0.999835	0.971277	1
0.00688734	0.883657	0.376889	0.499499	1	1	0.999678	0.990868	0.707024	1
0.00674242	0.867438	0.385709	0.385709	1	1	0.999747	0.9953	0.63575	1
0.0113814	1.46208	0.14373	0.14373	1	1	0.928488	0.916484	0.879956	1
0.007241	0.934576	0.350014	0.350014	1	1	0.99934	0.994313	0.955624	1
0.0122131	1.5575	0.119363	0.119363	1	1	0.884774	0.865535	0.676388	1
-0.00174355	-0.230049	0.818055	0.818055	1	1	1	0.999785	0.839812	1
0.00470806	0.61624	0.537741	0.537741	1	1	0.999998	0.998816	0.831054	1
0.00247695	0.329874	0.741497	0.803418	1	1	1	0.999634	0.912334	1
0.00684931	0.897358	0.369535	0.369535	1	1	0.999607	0.995088	0.89727	1
0.00707136	0.945275	0.344526	0.473816	1	1	0.999239	0.98536	0.704274	1
-0.00655588	-0.863878	0.387662	0.387662	1	1	0.999761	0.998958	0.953065	1
0.00678913	0.884853	0.376243	0.438376	1	1	0.999672	0.991084	0.799516	1
-0.000595677	-0.0769488	0.938665	0.961844	1	1	1	0.995334	0.938665	1
0.00500613	0.660027	0.509242	0.509242	1	1	0.999994	0.999351	0.986698	1
0.0144966	1.98163	0.0475292	0.0475292	0.807996	0.760467	0.563003	0.541196	0.403998	1
0.0135007	1.81721	0.069195	0.069195	1	1	0.704472	0.682503	0.588157	1
0.00794454	1.05873	0.289733	0.289733	1	1	0.99702	0.994464	0.926716	1
0.00549726	0.757207	0.448931	0.631605	1	1	0.99996	0.984567	0.693803	1
0.0138065	1.75388	0.0794605	0.0794605	1	1	0.755251	0.755251	0.900925	1
0.00832968	1.13555	0.256154	0.420489	1	1	0.993466	0.971079	0.544327	1
0.0106302	1.42261	0.15486	0.161539	1	1	0.942748	0.932257	0.930432	1
0.006259	0.838775	0.401602	0.458744	1	1	0.999838	0.994113	0.799185	1
0.00317496	0.424997	0.670842	0.706771	1	1	1	0.999581	0.916536	1
0.00594847	0.797752	0.42502	0.499499	1	1	0.999918	0.993131	0.672198	1
0.0132673	1.75188	0.0798037	0.221964	1	1	0.756798	0.687876	0.339166	1
-0.00045284	-0.0617829	0.950736	0.959742	1	1	1	0.998599	0.970863	1
0.00603185	0.815743	0.414653	0.414653	1	1	0.999889	0.998382	0.980739	1
0.00730513	1.0177	0.308829	0.46043	1	1	0.998125	0.982804	0.609644	1
-0.0053162	-0.694273	0.487516	0.487516	1	1	0.999988	0.9996	0.989962	1
0.0143623	1.96344	0.0496044	0.166889	0.843275	0.773599	0.57891	0.54695	0.281092	0.966829
0.00681013	0.910889	0.362361	0.499499	1	1	0.999524	0.982575	0.649379	1
0.00375924	0.508809	0.61089	0.680197	1	1	1	0.996393	0.798856	1
0.00465008	0.592685	0.553396	0.692819	1	1	0.999999	0.992065	0.783978	1
-0.00132484	-0.182851	0.854916	0.899237	1	1	1	0.984113	0.854916	1
0.00337705	0.451812	0.651408	0.651408	1	1	1	0.999782	0.993221	1
0.00260465	0.368151	0.712763	0.761581	1	1	1	0.998045	0.932075	1
0.00303866	0.408903	0.682614	0.75157	1	1	1	0.998978	0.846969	1
0.0142179	1.8713	0.0613136	0.0613136	1	0.981018	0.658926	0.636647	0.500085	1
0.0107006	1.41031	0.158459	0.386722	1	1	0.946755	0.847314	0.336725	1
0.0111437	1.47162	0.141134	0.141134	1	1	0.924711	0.881163	0.599821	1
0.0104197	1.35051	0.176861	0.218856	1	1	0.963437	0.924587	0.601327	1
0.0085481	1.14362	0.252789	0.412106	1	1	0.992944	0.949914	0.537177	1
0.00991227	1.28937	0.197279	0.218537	1	1	0.976144	0.942543	0.574405	1
0.00973007	1.32406	0.185494	0.35929	1	1	0.969437	0.930558	0.622211	1
0.00551128	0.713367	0.475624	0.490904	1	1	0.999983	0.998428	0.799926	1
0.00160631	0.212717	0.831549	0.886981	1	1	1	0.99522	0.88453	1
0.0166996	2.21286	0.0269146	0.121363	0.457548	0.354346	0.371122	0.301345	0.0915096	0.314752
0.00822073	1.09557	0.273276	0.273276	1	1	0.995602	0.984231	0.793457	1
0.00441166	0.58898	0.555879	0.683221	1	1	0.999999	0.984189	0.715011	1
0.0111668	1.48881	0.136547	0.420013	1	1	0.917576	0.853812	0.315559	1
0.00388107	0.584274	0.55904	0.564057	1	1	0.999999	0.998005	0.702521	1
0.0147258	1.97417	0.048371	0.15497	0.822307	0.773936	0.569523	0.547641	0.245798	0.845437
0.00593935	0.798906	0.424351	0.563491	1	1	0.999916	0.979391	0.510451	1
0.00710544	0.951471	0.341373	0.40567	1	1	0.999174	0.993337	0.745676	1
-0.00031746	-0.0431862	0.965553	0.965553	1	1	1	1	0.965553	1
0.0039926	0.56623	0.571242	0.650648	1	1	0.999999	0.996167	0.747009	1
0.00903478	1.23344	0.217423	0.217423	1	1	0.984513	0.934574	0.528027	1
0.00198218	0.270906	0.786465	0.805598	1	1	1	0.999905	0.973757	1
0.0181948	2.45058	0.0142684	0.0222682	0.242562	0.228294	0.216755	0.205417	0.121281	0.417153
0.00284143	0.397269	0.691172	0.811116	1	1	1	0.998502	0.761092	1
0.00750541	0.997188	0.318681	0.318681	1	1	0.998531	0.989995	0.807429	1
0.00631747	0.856225	0.39188	0.595797	1	1	0.999787	0.969244	0.605633	1
0.00452795	0.632484	0.527075	0.598372	1	1	0.999997	0.993863	0.689252	1
0.00808402	1.21135	0.225771	0.225771	1	1	0.987094	0.964083	0.697467	1
0.00328737	0.492301	0.62251	0.62251	1	1	1	0.999941	0.935529	1
0.00496241	0.654431	0.512839	0.512839	1	1	0.999995	0.999726	0.897008	1
0.00476753	0.691665	0.489153	0.542319	1	1	0.999989	0.995534	0.697091	1
-0.00101001	-0.154895	0.876905	0.876905	1	1	1	0.999824	0.876905	1
0.0151857	1.64824	0.0993171	0.209161	1	1	0.831064	0.791753	0.562797	1
-0.00573683	-0.619704	0.535459	0.535459	1	1	0.999998	0.999143	0.91028	1
-0.0129637	-1.38656	0.165589	0.366496	1	1	0.953925	0.904952	0.536608	1
0.00995439	1.06596	0.286454	0.394955	1	1	0.996778	0.982579	0.641708	1
0.00400539	0.43079	0.666625	0.718996	1	1	1	0.999709	0.894868	1
0.00354225	0.377985	0.705445	0.705445	1	1	1	0.999943	0.887325	1
-0.00553992	-0.599498	0.548847	0.548847	1	1	0.999999	0.999651	0.842568	1
0.00128029	0.137541	0.890604	0.896314	1	1	1	0.999145	0.946267	1
-0.00617041	-0.663269	0.507165	0.632601	1	1	0.999994	0.991094	0.623074	1
0.00870528	0.935431	0.349576	0.413877	1	1	0.999333	0.994758	0.807846	1
-0.0034131	-0.367129	0.713527	0.713527	1	1	1	0.999185	0.861603	1
-0.00706249	-0.757156	0.448964	0.499499	1	1	0.99996	0.995763	0.785237	1
-0.00288775	-0.309492	0.756951	0.756951	1	1	1	0.999829	0.919154	1
0.00676949	0.730041	0.465373	0.465373	1	1	0.999976	0.999455	0.885224	1
-0.00133413	-0.142585	0.886619	0.893726	1	1	1	0.999905	0.942033	1
0.000878742	0.094985	0.924328	0.924328	1	1	1	0.999967	0.995338	1
0.00882369	0.958574	0.337784	0.522502	1	1	0.999094	0.965269	0.574232	1
0.00482411	0.520153	0.602962	0.602962	1	1	1	0.999382	0.927416	1
0.0096559	1.03666	0.299905	0.299905	1	1	0.997668	0.990294	0.988065	1
-0.000648248	-0.0693789	0.944689	0.944689	1	1	1	0.999973	0.961005	1
-0.00354375	-0.377932	0.705485	0.759341	1	1	1	0.999116	0.904211	1
0.0178788	1.91653	0.0553103	0.238249	0.940276	0.829655	0.619884	0.574071	0.313425	1
-0.00408747	-0.438688	0.660892	0.660892	1	1	1	0.999474	0.849906	1
-0.00209802	-0.224285	0.822537	0.822537	1	1	1	0.999936	0.943355	1
-0.00456688	-0.488221	0.625398	0.695693	1	1	1	0.998965	0.8842	1
0.0117367	1.2687	0.204562	0.433111	1	1	0.979568	0.898594	0.434694	1
0.0081597	0.874041	0.382105	0.48787	1	1	0.999721	0.991888	0.644633	1
0.00139584	0.152311	0.878943	0.878943	1	1	1	0.999951	0.968056	1
-0.0157099	-1.69518	0.0900552	0.0900552	1	1	0.798972	0.733185	0.382735	1
0.00558534	0.601559	0.547474	0.648023	1	1	0.999999	0.996114	0.747612	1
0.017532	1.88127	0.0599485	0.210261	1	0.873873	0.650395	0.593577	0.254781	0.876333
-0.0169594	-1.82019	0.0687433	0.300824	1	1	0.702025	0.671486	0.384664	1
-0.0072486	-0.778412	0.436334	0.49838	1	1	0.999941	0.997832	0.826446	1
0.00629002	0.672845	0.501053	0.501053	1	1	0.999993	0.999523	0.854373	1
-0.0116058	-1.25049	0.211133	0.211133	1	1	0.982255	0.971486	0.922274	1
-0.00144626	-0.155019	0.876808	0.897536	1	1	1	0.999674	0.93253	1
-0.0132136	-1.42044	0.155493	0.155493	1	1	0.943473	0.926241	0.726866	1
0.0228893	2.49394	0.0126405	0.113907	0.214889	0.214889	0.194473	0.194473	0.214889	0.739123
3.93326e-05	0.00420981	0.996641	0.997871	1	1	1	0.996641	0.996641	1
0.0262969	2.85194	0.00434931	0.00434931	0.0739383	0.0739383	0.0714208	0.0714208	0.0739383	0.254315
-0.0229411	-2.45107	0.0142506	0.0615352	0.242261	0.242261	0.216515	0.216515	0.242261	0.833269
-0.0386243	-4.13179	3.61251e-05	3.61251e-05	0.000614126	0.000614126	0.000613949	0.000613949	0.000614126	0.00211232
0.00206186	0.219551	0.826223	0.826223	1	1	1	0.999951	0.970683	1
0.0320533	3.48604	0.00049116	0.00049116	0.00834972	0.00834972	0.00831699	0.00831699	0.00834972	0.0287193
-0.020273	-2.20086	0.0277562	0.0392133	0.471856	0.471856	0.380305	0.380305	0.253661	0.872482
-0.0116909	-1.25745	0.208602	0.210964	1	1	0.981263	0.952233	0.694738	1
-0.00188686	-0.202414	0.839595	0.839595	1	1	1	0.999968	0.999844	1
-0.00359315	-0.384588	0.700546	0.705841	1	1	1	0.999784	0.98901	1
0.0130765	1.40521	0.159972	0.159972	1	1	0.948359	0.926817	0.906506	1
0.00340114	0.362533	0.716957	0.732027	1	1	1	0.999577	0.870591	1
-0.00811978	-0.868781	0.384976	0.499499	1	1	0.999742	0.991851	0.727178	1
0.00348805	0.371135	0.71054	0.819904	1	1	1	0.997968	0.881238	1
0.00740759	0.805055	0.420796	0.499499	1	1	0.999907	0.992664	0.734822	1
0.00372071	0.400381	0.68888	0.68888	1	1	1	0.999749	0.983694	1
0.00233657	0.251499	0.801431	0.85745	1	1	1	0.997409	0.85152	1
0.00212335	0.231143	0.817206	0.845433	1	1	1	0.999037	0.83368	1
0.00173854	0.187376	0.851367	0.878159	1	1	1	0.999903	0.92911	1
-0.00806002	-0.883871	0.376775	0.376775	1	1	0.999677	0.99786	0.839256	1
0.0107104	1.14695	0.251415	0.410852	1	1	0.992721	0.964539	0.61058	1
-0.0142591	-1.52546	0.127159	0.127159	1	1	0.900941	0.866972	0.540427	1
-0.000989895	-0.106362	0.915296	0.927645	1	1	1	0.999614	0.972353	1
-0.000239083	-0.0257118	0.979487	0.979487	1	1	1	0.999506	0.979487	1
0.00751045	0.815002	0.41508	0.476846	1	1	0.99989	0.997032	0.802915	1
0.00530989	0.567151	0.570617	0.570617	1	1	0.999999	0.999139	0.803829	1
0.0134448	1.44708	0.14789	0.252916	1	1	0.934169	0.922744	0.741826	1
0.00252647	0.272678	0.785103	0.785103	1	1	1	0.999982	0.912174	1
0.0025745	0.276101	0.782473	0.868563	1	1	1	0.997192	0.886803	1
0.0106812	1.15277	0.249016	0.249016	1	1	0.992314	0.981852	0.858611	1
-0.00786005	-0.843767	0.398808	0.592053	1	1	0.999825	0.971615	0.61634	1
0.0104416	1.12499	0.260607	0.260607	1	1	0.9941	0.980259	0.764866	1
-0.00331796	-0.36086	0.718208	0.718208	1	1	1	0.99998	0.920764	1
0.00486266	0.520385	0.602801	0.602801	1	1	1	0.999917	0.994284	1
-0.000918552	-0.098497	0.921538	0.921538	1	1	1	0.99978	0.967887	1
0.0210088	2.262	0.0237072	0.026072	0.403022	0.403022	0.334938	0.334938	0.403022	1
-0.00225474	-0.242555	0.808353	0.828041	1	1	1	0.997582	0.916133	1
-0.0223989	-2.40972	0.0159728	0.0629182	0.271538	0.271538	0.239462	0.239462	0.159803	0.549651
-0.0112304	-1.1999	0.230191	0.309456	1	1	0.988291	0.956689	0.63965	1
-0.00121387	-0.131541	0.895348	0.895348	1	1	1	0.999976	0.960996	1
-0.00044801	-0.0490996	0.96084	0.96084	1	1	1	0.999971	0.963588	1
-0.00846153	-0.89939	0.368455	0.439829	1	1	0.999596	0.993625	0.798792	1
0.00933877	1.00948	0.312754	0.312754	1	1	0.998298	0.988899	0.886138	1
-0.00665691	-0.709772	0.477853	0.477853	1	1	0.999984	0.99931	0.829338	1
-0.00465926	-0.501095	0.616309	0.696958	1	1	1	0.988453	0.724012	1
0.00503877	0.539803	0.589338	0.635822	1	1	1	0.99803	0.795661	1
0.0105592	1.13745	0.255362	0.255362	1	1	0.993346	0.970937	0.723526	1
-0.013707	-1.45817	0.144807	0.246036	1	1	0.930001	0.918148	0.716984	1
-0.0016782	-0.179436	0.857597	0.857597	1	1	1	0.999985	0.933063	1
-0.00669966	-0.72104	0.470892	0.470892	1	1	0.99998	0.99828	0.914692	1
-0.0127874	-1.38454	0.166206	0.286536	1	1	0.954501	0.93392	0.653804	1
-0.00884836	-0.954583	0.339799	0.339799	1	1	0.99914	0.989614	0.825225	1
0.00803061	0.866317	0.386325	0.45739	1	1	0.999752	0.995351	0.698568	1
-0.0022255	-0.246897	0.80499	0.841851	1	1	1	0.99774	0.857838	1
-0.00816818	-0.891752	0.372535	0.372535	1	1	0.999638	0.994064	0.904728	1
0.00919591	1.01163	0.311725	0.37614	1	1	0.998254	0.991304	0.761108	1
-0.0173114	-1.86268	0.0625196	0.17136	1	0.937794	0.666299	0.620307	0.354278	1
0.00434832	0.468986	0.639084	0.639084	1	1	1	0.999757	0.871072	1
0.0104454	1.12452	0.260803	0.260803	1	1	0.994126	0.974019	0.738943	1
-0.000774191	-0.0834234	0.933516	0.940751	1	1	1	0.999662	0.940153	1
-0.012859	-1.37467	0.169248	0.412347	1	1	0.957242	0.92995	0.486379	1
0.00631091	0.696225	0.486295	0.587131	1	1	0.999988	0.993397	0.739003	1
-0.00318072	-0.344826	0.730228	0.730228	1	1	1	0.999972	0.924126	1
-0.00457473	-0.49375	0.621488	0.621488	1	1	1	0.999918	0.887052	1
0.000557776	0.061112	0.951271	0.951271	1	1	1	0.999935	0.95662	1
-0.00864571	-0.932375	0.351153	0.464531	1	1	0.99936	0.994432	0.735428	1
0.00737302	0.805778	0.420379	0.499499	1	1	0.999906	0.992616	0.786248	1
-0.00893866	-0.960223	0.336953	0.503368	1	1	0.999075	0.987677	0.572821	1
-0.00332593	-0.358336	0.720095	0.720095	1	1	1	0.99997	0.985336	1
0.0138271	1.4828	0.138141	0.273119	1	1	0.920125	0.875231	0.435234	1
-0.00639499	-0.686202	0.492593	0.492593	1	1	0.99999	0.999962	0.91621	1
-0.0107939	-1.15418	0.248438	0.248438	1	1	0.992212	0.986213	0.935831	1
0.0012535	0.133815	0.89355	0.89355	1	1	1	0.999901	0.928807	1
0.0044449	0.474167	0.635386	0.635386	1	1	1	0.998958	0.847063	1
-0.00781657	-0.834749	0.403868	0.403868	1	1	0.999848	0.996621	0.901534	1
-0.000878935	-0.0947912	0.924482	0.924482	1	1	1	0.999992	0.926693	1
-0.0221741	-2.388	0.0169483	0.0169483	0.288121	0.271173	0.252178	0.239285	0.14406	0.495503
0.00304663	0.326044	0.744394	0.744394	1	1	1	0.999982	0.989097	1
-0.0195408	-2.11042	0.0348332	0.044233	0.592165	0.522498	0.452681	0.412463	0.197388	0.678927
-0.00601665	-0.645762	0.51844	0.51844	1	1	0.999996	0.999142	0.938565	1
-0.00637538	-0.686198	0.492595	0.598663	1	1	0.99999	0.995606	0.823798	1
0.0237267	2.54743	0.0108586	0.0108586	0.184596	0.184596	0.169399	0.169399	0.184596	0.634929
-0.0171082	-1.8781	0.0603809	0.0603809	1	0.966095	0.653118	0.630828	0.442605	1
0.00138638	0.153058	0.878354	0.878354	1	1	1	0.999892	0.988046	1
0.0144695	1.58121	0.113844	0.132859	1	1	0.871863	0.855402	0.588934	1
0.00327469	0.351261	0.725396	0.725396	1	1	1	0.999656	0.91252	1
0.00248797	0.268459	0.788348	0.788348	1	1	1	0.999827	0.850342	1
-0.000831809	-0.0891442	0.928968	0.928968	1	1	1	0.999983	0.928968	1
0.000972489	0.104289	0.916941	0.921748	1	1	1	0.999786	0.942191	1
0.0031243	0.340215	0.733698	0.733698	1	1	1	0.99959	0.904116	1
-0.00550385	-0.604942	0.545223	0.545223	1	1	0.999998	0.999168	0.81779	1
0.00677129	0.728115	0.466551	0.602271	1	1	0.999977	0.989103	0.660947	1
0.00148998	0.159407	0.873349	0.873349	1	1	1	0.999059	0.97648	1
0.0114712	1.22581	0.220285	0.220285	1	1	0.985448	0.981337	0.754014	1
-0.00771127	-0.83279	0.404972	0.444241	1	1	0.999853	0.996689	0.873246	1
-0.00743078	-0.812761	0.416364	0.551372	1	1	0.999894	0.99173	0.643188	1
-0.00759866	-0.825352	0.40918	0.493358	1	1	0.99987	0.994817	0.728939	1
0.0116298	1.24361	0.213656	0.494988	1	1	0.983196	0.919638	0.41267	1
-0.00737809	-0.8219	0.411142	0.463614	1	1	0.999877	0.995195	0.714896	1
-0.0061035	-0.658157	0.510444	0.510444	1	1	0.999995	0.999739	0.88044	1
0.0122174	1.34978	0.177099	0.177099	1	1	0.963616	0.94627	0.641045	1
-0.0063284	-0.679297	0.496957	0.496957	1	1	0.999992	0.999907	0.919611	1
0.0202596	2.17844	0.0293838	0.140975	0.499525	0.440758	0.397707	0.360688	0.166508	0.572714
0.0153094	1.64992	0.0989727	0.0989727	1	1	0.829962	0.814354	0.841268	1
0.00196212	0.210056	0.833626	0.833626	1	1	1	0.999907	0.965838	1
-0.017642	-1.88219	0.0598231	0.0598231	1	0.897347	0.649601	0.603591	0.338998	1
0.00284438	0.315882	0.752095	0.752095	1	1	1	0.999899	0.913258	1
-0.0109004	-1.17746	0.239026	0.239026	1	1	0.990377	0.983383	0.905876	1
-0.00427318	-0.45765	0.647208	0.647208	1	1	1	0.999915	0.932972	1
-0.000339901	-0.0368902	0.970573	0.970573	1	1	1	0.999997	0.98949	1
-0.0156831	-1.69823	0.0894784	0.0894784	1	1	0.796795	0.776826	0.467613	1
0.00428476	0.4734	0.635932	0.635932	1	1	1	0.999506	0.935802	1
0.00757079	0.820126	0.412153	0.412153	1	1	0.99988	0.997724	0.857387	1
0.0109187	1.16639	0.243469	0.445544	1	1	0.991289	0.955074	0.570187	1
0.00306636	0.330107	0.741322	0.750267	1	1	1	0.998827	0.844644	1
0.00978556	1.05094	0.293298	0.293298	1	1	0.997265	0.989033	0.847262	1
-0.00169442	-0.181745	0.855785	0.906933	1	1	1	0.999471	0.969889	1
-0.00980305	-1.05895	0.289635	0.289635	1	1	0.997013	0.976757	0.7034	1
0.00197887	0.213099	0.831252	0.860166	1	1	1	0.999912	0.942085	1
0.00378671	0.405669	0.68499	0.68499	1	1	1	0.999816	0.918632	1
-0.00643283	-0.687094	0.492031	0.492031	1	1	0.99999	0.999705	0.940688	1
0.00448587	0.48271	0.629306	0.629306	1	1	1	0.99965	0.87837	1
-0.000529589	-0.0564794	0.95496	0.958181	1	1	1	0.999647	0.95496	1
-0.00422155	-0.451555	0.651594	0.767972	1	1	1	0.989982	0.789203	1
0.0233013	2.52513	0.0115723	0.0115723	0.196729	0.196729	0.179528	0.179528	0.196729	0.676658
0.000346723	0.0374384	0.970136	0.970136	1	1	1	0.999938	0.976778	1
0.00671591	0.729376	0.465779	0.525367	1	1	0.999976	0.99806	0.719841	1
0.00713037	0.760504	0.446961	0.446961	1	1	0.999958	0.999547	0.936393	1
-0.00747064	-0.797093	0.425405	0.425405	1	1	0.999919	0.998705	0.888929	1
-0.00803005	-0.858892	0.390409	0.499499	1	1	0.999778	0.991748	0.726371	1
-0.0107786	-1.15275	0.249024	0.249024	1	1	0.992315	0.981855	0.843662	1
0.00206292	0.222039	0.824285	0.824285	1	1	1	0.999976	0.993964	1
-0.0180453	-1.92511	0.0542286	0.0542286	0.921887	0.867658	0.612417	0.590194	0.460943	1
-0.0099937	-1.12683	0.259827	0.387813	1	1	0.993993	0.97296	0.611495	1
0.0070475	0.764214	0.444748	0.444748	1	1	0.999955	0.998453	0.842154	1
0.0110083	1.19588	0.231757	0.413838	1	1	0.98869	0.971918	0.595766	1
-0.00269728	-0.29173	0.770496	0.782042	1	1	1	0.999829	0.943505	1
0.0099247	1.06451	0.287107	0.491119	1	1	0.996827	0.979958	0.503934	1
-0.0120857	-1.29923	0.193878	0.453864	1	1	0.974366	0.884121	0.411992	1
0.00653616	0.708193	0.478832	0.538249	1	1	0.999985	0.997239	0.694698	1
-0.00107268	-0.115182	0.908302	0.908302	1	1	1	0.999996	0.989451	1
-0.0194583	-2.15454	0.0312083	0.229885	0.530541	0.530541	0.416666	0.416666	0.281174	0.967114
-0.0111504	-1.19488	0.232147	0.302191	1	1	0.988787	0.945291	0.563785	1
-0.00418112	-0.446631	0.655146	0.655146	1	1	1	0.999765	0.892726	1
-0.0047975	-0.513468	0.607629	0.607629	1	1	1	0.99978	0.9711	1
-0.00557698	-0.60858	0.542809	0.542809	1	1	0.999998	0.999666	0.998099	1
0.00546884	0.587912	0.556597	0.556597	1	1	0.999999	0.999463	0.82375	1
0.00473191	0.5185	0.604115	0.731842	1	1	1	0.990276	0.782469	1
0.00478926	0.517869	0.604555	0.613446	1	1	1	0.999402	0.877893	1
0.00216182	0.230516	0.817693	0.817693	1	1	1	0.999632	0.96178	1
0.00578964	0.626599	0.530929	0.530929	1	1	0.999997	0.998901	0.809847	1
0.00677995	0.733223	0.46343	0.476894	1	1	0.999975	0.998939	0.81596	1
-0.0110342	-1.17643	0.239437	0.343815	1	1	0.990465	0.981908	0.758162	1
-0.00433002	-0.463079	0.643313	0.689682	1	1	1	0.997161	0.814261	1
0.0225929	2.41439	0.0157696	0.0157696	0.268083	0.268083	0.236788	0.236788	0.268083	0.922087
-0.0132052	-1.41479	0.157144	0.157144	1	1	0.945323	0.908684	0.667862	1
0.00803633	0.86228	0.388543	0.388543	1	1	0.999767	0.997269	0.897365	1
0.00722631	0.779115	0.43592	0.499499	1	1	0.999941	0.994218	0.760318	1
-0.00377552	-0.405065	0.685433	0.685433	1	1	1	0.999904	0.988084	1
-0.0116651	-1.2427	0.21399	0.21399	1	1	0.983317	0.956292	0.727566	1
0.00570225	0.612712	0.540073	0.540073	1	1	0.999998	0.998933	0.808421	1
-0.00337498	-0.363051	0.71657	0.751295	1	1	1	0.995742	0.812113	1
-0.00233317	-0.250327	0.802337	0.826429	1	1	1	0.998572	0.852483	1
0.00455913	0.492727	0.622211	0.622211	1	1	1	0.999403	0.937033	1
-0.0122921	-1.31869	0.187286	0.187286	1	1	0.97056	0.932518	0.590255	1
-0.00191664	-0.206062	0.836744	0.836744	1	1	1	0.99969	0.898143	1
0.00300339	0.322496	0.74708	0.74708	1	1	1	0.99984	0.938403	1
0.0117359	1.26326	0.206508	0.354756	1	1	0.980401	0.968873	0.659769	1
-0.00623882	-0.676682	0.498615	0.499499	1	1	0.999992	0.999117	0.928837	1
0.00416053	0.446824	0.655006	0.681097	1	1	1	0.998576	0.795365	1
-0.0132349	-1.4108	0.158317	0.371686	1	1	0.946602	0.910447	0.487992	1
0.0140779	1.5034	0.132751	0.214322	1	1	0.911193	0.897599	0.725528	1
-4.25047e-05	-0.00530397	0.995768	0.995768	1	1	1	0.999974	0.995768	1
-0.00505263	-0.633723	0.526266	0.617472	1	1	0.999997	0.996511	0.81332	1
-0.00384369	-0.479788	0.631382	0.784066	1	1	1	0.955141	0.715566	1
0.00466423	0.581537	0.560883	0.60869	1	1	0.999999	0.996852	0.816192	1
0.00128443	0.159987	0.872892	0.892668	1	1	1	0.999958	0.939891	1
0.0144391	1.78936	0.0735672	0.0735672	1	1	0.727205	0.68216	0.416881	1
-0.000109421	-0.0135672	0.989175	0.994051	1	1	1	0.999776	0.989175	1
-0.00565475	-0.701829	0.482791	0.499499	1	1	0.999986	0.997352	0.863052	1
-0.0121521	-1.5081	0.13154	0.310273	1	1	0.909062	0.879428	0.441232	1
0.00050087	0.0628278	0.949904	0.949904	1	1	1	0.999339	0.949904	1
-0.00254175	-0.31684	0.751367	0.848729	1	1	1	0.998035	0.807537	1
-0.00669859	-0.835029	0.403708	0.512229	1	1	0.999848	0.988233	0.627078	1
-0.000486088	-0.0602158	0.951984	0.963991	1	1	1	0.999949	0.985164	1
0.00627694	0.790396	0.429302	0.499499	1	1	0.999928	0.994598	0.800187	1
0.00772585	0.958703	0.337716	0.337716	1	1	0.999093	0.989248	0.758263	1
0.00791636	0.989403	0.322474	0.367527	1	1	0.998664	0.99709	0.812535	1
-0.000263624	-0.0328913	0.973761	0.981867	1	1	1	0.999568	0.973761	1
0.01643	2.03418	0.0419419	0.0448262	0.713013	0.713013	0.517318	0.517318	0.277588	0.95478
0.003193	0.397231	0.6912	0.6912	1	1	1	0.999917	0.926627	1
-0.00641536	-0.792964	0.427805	0.489795	1	1	0.999924	0.99869	0.71878	1
-0.00175054	-0.216923	0.82827	0.856847	1	1	1	0.999446	0.890678	1
0.0106885	1.32381	0.185576	0.307403	1	1	0.969488	0.943518	0.668941	1
-0.0101643	-1.26733	0.205047	0.309773	1	1	0.979779	0.936306	0.580966	1
0.00406917	0.511232	0.609192	0.609192	1	1	1	0.999787	0.885972	1
-0.0144416	-1.81337	0.069785	0.195234	1	1	0.707641	0.66213	0.372538	1
0.0187015	2.32911	0.0198596	0.0787351	0.337613	0.317754	0.288949	0.274541	0.168807	0.580619
0.0143477	1.78777	0.0738231	0.288133	1	1	0.728483	0.706841	0.452185	1
-0.00315794	-0.397547	0.690967	0.742287	1	1	1	0.993777	0.839032	1
0.00073665	0.0922833	0.926474	0.926474	1	1	1	0.999995	0.986822	1
-0.000776731	-0.0986037	0.921454	0.921454	1	1	1	0.999814	0.964892	1
0.00881506	1.0938	0.274052	0.274052	1	1	0.995681	0.98871	0.982828	1
-0.0204996	-2.57523	0.010022	0.0219623	0.170374	0.170374	0.157375	0.157375	0.115388	0.396883
-0.0112359	-1.41937	0.155802	0.303332	1	1	0.943823	0.893687	0.441438	1
0.00967875	1.21423	0.224668	0.312278	1	1	0.986778	0.971632	0.787808	1
-0.00841494	-1.0482	0.294555	0.294555	1	1	0.997346	0.990182	0.978631	1
0.0016363	0.203345	0.838867	0.838867	1	1	1	0.999906	0.921846	1
-0.0099093	-1.23583	0.21653	0.21653	1	1	0.98421	0.974276	0.943376	1
0.00705245	0.88571	0.375781	0.379377	1	1	0.999668	0.994393	0.912611	1
0.00422644	0.52512	0.599504	0.709994	1	1	1	0.989696	0.691113	1
0.0145407	1.82093	0.0686274	0.268011	1	1	0.701394	0.701394	0.50167	1
-0.00671948	-0.830643	0.406182	0.444586	1	1	0.999858	0.998078	0.829876	1
-0.0172075	-2.13079	0.0331141	0.115038	0.56294	0.496712	0.435871	0.396568	0.187647	0.645421
-0.00133379	-0.165532	0.868527	0.876073	1	1	1	0.998546	0.98433	1
0.00349124	0.436243	0.662664	0.662664	1	1	1	0.999933	0.987034	1
8.43e-05	0.0105164	0.991609	0.992301	1	1	1	0.999804	0.991609	1
-0.0101322	-1.25813	0.208356	0.208356	1	1	0.981163	0.981163	0.935291	1
0.000197241	0.0244351	0.980506	0.980506	1	1	1	0.999999	0.980506	1
-0.00453624	-0.560935	0.574846	0.681182	1	1	1	0.985269	0.603245	1
-0.00193097	-0.239711	0.810556	0.811599	1	1	1	0.999512	0.937638	1
-0.00489433	-0.60696	0.543882	0.543882	1	1	0.999998	0.998888	0.865644	1
0.0019923	0.246627	0.805199	0.856877	1	1	1	0.999719	0.933175	1
-0.00830408	-1.02992	0.303057	0.499499	1	1	0.99784	0.969135	0.48135	1
0.00483203	0.606094	0.544457	0.579895	1	1	0.999998	0.998145	0.847304	1
0.0178636	2.21867	0.0265162	0.0973307	0.450775	0.450775	0.36673	0.36673	0.229799	0.790405
0.000694115	0.0864673	0.931096	0.953198	1	1	1	0.996616	0.931096	1
-0.00356336	-0.444556	0.656644	0.656644	1	1	1	0.999955	0.876963	1
0.00154593	0.193289	0.846734	0.846734	1	1	1	0.999988	0.998188	1
0.00180032	0.233157	0.815641	0.815641	1	1	1	0.999961	0.998932	1
-0.00269183	-0.337434	0.735792	0.804358	1	1	1	0.998635	0.891445	1
-0.0196411	-2.44563	0.0144655	0.0801896	0.245913	0.216982	0.219413	0.19633	0.0819709	0.281943
-0.00221255	-0.276691	0.782019	0.867646	1	1	1	0.989965	0.830895	1
-0.00617518	-0.771647	0.440329	0.505327	1	1	0.999948	0.995187	0.74856	1
-0.00688287	-0.864132	0.387522	0.387522	1	1	0.99976	0.998955	0.998007	1
0.00590287	0.739443	0.459644	0.459644	1	1	0.999971	0.999665	0.764138	1
0.00347223	0.433639	0.664554	0.730805	1	1	1	0.99506	0.806958	1
-0.00507281	-0.638801	0.522957	0.522957	1	1	0.999997	0.999604	0.798907	1
-0.00529081	-0.660519	0.508926	0.632759	1	1	0.999994	0.98623	0.713785	1
0.00164555	0.205139	0.837465	0.837465	1	1	1	0.999481	0.942696	1
-0.00307934	-0.384046	0.700947	0.7667	1	1	1	0.996981	0.846895	1
-0.000441874	-0.0549781	0.956156	0.956156	1	1	1	0.999993	0.956156	1
-0.00467839	-0.594641	0.552088	0.552088	1	1	0.999999	0.999675	0.982694	1
0.0114861	1.42116	0.155281	0.155281	1	1	0.943232	0.905818	0.630774	1
0.00853362	1.06749	0.285759	0.316677	1	1	0.996724	0.987411	0.747823	1
6.50987e-05	0.0081446	0.993502	0.993502	1	1	1	0.999022	0.993502	1
-0.00500745	-0.629509	0.529021	0.529021	1	1	0.999997	0.998794	0.827042	1
-0.0115788	-1.44622	0.148125	0.346243	1	1	0.934478	0.907794	0.473869	1
0.00381154	0.473063	0.636171	0.636171	1	1	1	0.999377	0.862042	1
-0.00198514	-0.248599	0.803673	0.803673	1	1	1	0.999761	0.910927	1
0.000357984	0.0467475	0.962715	0.968242	1	1	1	0.998014	0.962715	1
-0.000143291	-0.0177811	0.985814	0.986105	1	1	1	0.998244	0.985814	1
0.000732349	0.0911086	0.927407	0.927407	1	1	1	0.999217	0.966389	1
0.00151653	0.187799	0.851035	0.857037	1	1	1	0.999879	0.990807	1
-0.0106605	-1.3237	0.185612	0.185612	1	1	0.969512	0.962563	0.962797	1
-0.00653063	-0.812616	0.416445	0.484818	1	1	0.999894	0.997134	0.816297	1
0.00844271	1.0461	0.295522	0.499499	1	1	0.997407	0.957263	0.558208	1
0.00390929	0.48494	0.627723	0.627723	1	1	1	0.999949	0.960117	1
-0.00154353	-0.191926	0.847802	0.847802	1	1	1	0.999337	0.900789	1
-0.000918162	-0.115122	0.908349	0.922277	1	1	1	0.99923	0.989697	1
-0.00991987	-1.24291	0.213911	0.437503	1	1	0.983288	0.95893	0.528334	1
-0.0127434	-1.59465	0.110802	0.179842	1	1	0.864176	0.806811	0.470907	1
0.00205514	0.255604	0.798258	0.798258	1	1	1	0.999811	0.915545	1
0.00390751	0.500228	0.616918	0.616918	1	1	1	0.999628	0.833469	1
-0.00327723	-0.412377	0.680066	0.687934	1	1	1	0.999552	0.885362	1
-0.00384182	-0.479777	0.631389	0.631389	1	1	1	0.999769	0.924837	1
-0.0100613	-1.25781	0.208471	0.318647	1	1	0.98121	0.95213	0.625864	1
-0.00772182	-0.965839	0.334132	0.499499	1	1	0.999006	0.985614	0.588973	1
0.00265385	0.333791	0.738539	0.772596	1	1	1	0.998778	0.897889	1
-0.00807628	-1.00117	0.316752	0.434567	1	1	0.998459	0.98965	0.73088	1
0.00515923	0.637909	0.523538	0.523538	1	1	0.999997	0.999713	0.912842	1
-0.0119243	-1.52033	0.128439	0.387764	1	1	0.90338	0.832554	0.436691	1
-0.00166127	-0.209004	0.834447	0.834447	1	1	1	0.999988	0.93373	1
-0.00167783	-0.210436	0.833329	0.833329	1	1	1	0.99923	0.833329	1
0.00711445	0.903659	0.366183	0.455852	1	1	0.99957	0.992482	0.778139	1
-0.00914665	-1.13915	0.254648	0.254648	1	1	0.993237	0.970601	0.659208	1
0.00791101	0.996577	0.318978	0.318978	1	1	0.998542	0.995384	0.890325	1
-0.00691785	-0.868067	0.385365	0.385365	1	1	0.999745	0.995271	0.821563	1
0.00599352	0.747394	0.454831	0.466447	1	1	0.999967	0.998964	0.922364	1
-0.0026456	-0.330677	0.740891	0.740891	1	1	1	0.999995	0.997916	1
-0.0024613	-0.309477	0.756961	0.756961	1	1	1	1	0.987148	1
-0.0192983	-2.40877	0.0160124	0.119789	0.27221	0.27221	0.239982	0.239982	0.27221	0.936282
-0.00386287	-0.480327	0.630998	0.630998	1	1	1	0.999761	0.935796	1
0.0149389	1.86531	0.0621472	0.0817071	1	0.994355	0.664038	0.641776	0.528251	1
0.000466199	0.0579791	0.953766	0.963058	1	1	1	0.999852	0.953766	1
0.00086644	0.107799	0.914156	0.914156	1	1	1	0.999926	0.988834	1
-0.0117491	-1.46864	0.141942	0.183214	1	1	0.925905	0.897474	0.603251	1
0.00264975	0.328407	0.742606	0.742606	1	1	1	0.999981	0.99542	1
-0.0210991	-2.6494	0.00806755	0.00806755	0.137148	0.137148	0.128644	0.128644	0.137148	0.471729
0.00502988	0.624671	0.532191	0.603617	1	1	0.999998	0.997486	0.76164	1
-0.0100758	-1.2821	0.199817	0.210594	1	1	0.977394	0.955879	0.817405	1
0.0176758	2.21993	0.026431	0.0342895	0.449328	0.449328	0.365788	0.365788	0.449328	1
-0.00708153	-0.886547	0.37533	0.437152	1	1	0.999664	0.997829	0.757553	1
-0.00563479	-0.714496	0.474926	0.474926	1	1	0.999982	0.999561	0.957615	1
0.0110515	1.37192	0.1701	0.1701	1	1	0.957982	0.927271	0.711238	1
-0.00447845	-0.554585	0.579182	0.579182	1	1	1	0.998351	0.820508	1
0.00432943	0.537668	0.59081	0.640694	1	1	1	0.996409	0.836981	1
0.000960519	0.119084	0.90521	0.911188	1	1	1	0.997201	0.947553	1
0.00339256	0.42153	0.673371	0.701272	1	1	1	0.995968	0.817664	1
0.00682153	0.854236	0.392981	0.392981	1	1	0.999794	0.997497	0.894246	1
-0.00212148	-0.26769	0.78894	0.806573	1	1	1	0.997708	0.8508	1
-0.000497354	-0.0620717	0.950506	0.950506	1	1	1	0.999187	0.950506	1
0.000776988	0.0968044	0.922882	0.922882	1	1	1	0.99999	0.979163	1
0.00108557	0.13525	0.892415	0.893678	1	1	1	0.999336	0.892415	1
-0.000870556	-0.109571	0.91275	0.937583	1	1	1	0.99962	0.967447	1
-0.00812874	-1.02141	0.307066	0.446756	1	1	0.998042	0.982315	0.658442	1
-0.0144556	-1.81344	0.0697733	0.0697733	1	1	0.707578	0.685645	0.429183	1
0.0106615	1.32445	0.185363	0.379193	1	1	0.969353	0.930412	0.583939	1
0.00648475	0.823201	0.4104	0.499499	1	1	0.999874	0.99139	0.732612	1
0.0065148	0.803978	0.421416	0.482144	1	1	0.999909	0.997568	0.815159	1
0.00444784	0.558104	0.576778	0.576778	1	1	1	0.999967	0.962115	1
-0.00176797	-0.221172	0.82496	0.82496	1	1	1	0.999516	0.949793	1
0.00987518	1.2334	0.217438	0.431109	1	1	0.984518	0.961016	0.540428	1
0.0124686	1.5522	0.120626	0.120626	1	1	0.887552	0.834639	0.429294	1
0.0045135	0.557553	0.577154	0.577154	1	1	1	0.999531	0.93067	1
0.0107386	1.33124	0.18312	0.18312	1	1	0.967886	0.941086	0.77826	1
-0.00331973	-0.430531	0.666812	0.666812	1	1	1	0.999846	0.913711	1
-0.00944947	-1.18963	0.234201	0.234201	1	1	0.989286	0.989286	0.9825	1
0.00099926	0.124176	0.901177	0.901177	1	1	1	0.999655	0.901177	1
0.00619371	0.780071	0.435355	0.443075	1	1	0.99994	0.99814	0.925938	1
-0.0131708	-1.64762	0.0994417	0.203201	1	1	0.831461	0.769237	0.422627	1
-0.00292394	-0.375193	0.70752	0.70752	1	1	1	0.999895	0.964363	1
0.00999038	1.26321	0.206523	0.206523	1	1	0.980408	0.95336	0.702179	1
0.00466677	0.577477	0.563621	0.563621	1	1	0.999999	0.998152	0.787819	1
0.0115617	1.44605	0.148173	0.148173	1	1	0.934541	0.923154	0.942637	1
-0.00954029	-1.18514	0.235971	0.235971	1	1	0.989699	0.973954	0.75292	1
-0.00662268	-0.826469	0.408544	0.408544	1	1	0.999867	0.999081	0.963231	1
-0.00526004	-0.661041	0.508591	0.546243	1	1	0.999994	0.996599	0.847328	1
0.00213143	0.269682	0.787407	0.787407	1	1	1	0.999918	0.851103	1
-0.00945591	-1.17324	0.24071	0.24071	1	1	0.990733	0.987795	0.832146	1
-0.00613293	-0.761898	0.446127	0.483454	1	1	0.999957	0.997283	0.843465	1
-0.00857944	-1.06761	0.285707	0.285707	1	1	0.99672	0.990999	0.981687	1
0.00141467	0.178452	0.858369	0.858369	1	1	1	0.999941	0.912017	1
0.00541479	0.680176	0.496398	0.496398	1	1	0.999991	0.999405	0.9456	1
0.00950329	1.1865	0.235434	0.408691	1	1	0.989575	0.969493	0.553075	1
-0.00729923	-0.905691	0.365106	0.365106	1	1	0.999557	0.998902	0.954595	1
-0.00233488	-0.292941	0.769569	0.769569	1	1	1	0.999966	0.986162	1
0.00235216	0.290991	0.77106	0.77106	1	1	1	0.999988	0.944878	1
-0.00105153	-0.130497	0.896174	0.896174	1	1	1	0.99987	0.896174	1
0.00582898	0.72548	0.468163	0.468163	1	1	0.999978	0.99964	0.953744	1
0.00531938	0.668422	0.50387	0.50387	1	1	0.999993	0.999552	0.958948	1
-0.00133654	-0.165888	0.868246	0.888623	1	1	1	0.999742	0.968515	1
-0.0119576	-1.48509	0.137531	0.137531	1	1	0.919157	0.919157	0.705317	1
-0.0100412	-1.28483	0.198861	0.434843	1	1	0.976931	0.912746	0.448044	1
0.00370572	0.461816	0.644217	0.756574	1	1	1	0.994299	0.797225	1
-0.00439147	-0.543113	0.587056	0.587056	1	1	1	0.999673	0.908162	1
-0.00906642	-1.13706	0.255521	0.255521	1	1	0.99337	0.961061	0.62055	1
0.0204854	2.5503	0.0107679	0.0107679	0.183055	0.183055	0.168104	0.168104	0.183055	0.629627
-0.00774725	-0.962155	0.335979	0.344586	1	1	0.999051	0.988934	0.81595	1
0.00320693	0.401601	0.68798	0.68798	1	1	1	0.999257	0.899666	1
-0.00595025	-0.735774	0.461874	0.499499	1	1	0.999973	0.996216	0.872428	1
-0.0260696	-3.30456	0.000952357	0.00443077	0.0161901	0.0161901	0.0160673	0.0160673	0.0161901	0.0556866
0.00275037	0.341174	0.732975	0.777402	1	1	1	0.999586	0.877126	1
-0.0030596	-0.380314	0.703715	0.703715	1	1	1	0.999324	0.932347	1
-0.0039581	-0.493234	0.621851	0.631528	1	1	1	0.998794	0.76744	1
0.00412215	0.514045	0.607224	0.607224	1	1	1	0.999913	0.870636	1
0.00753421	0.940522	0.346957	0.374643	1	1	0.999285	0.993984	0.717691	1
0.00094448	0.119285	0.905051	0.905051	1	1	1	0.999841	0.973377	1
0.00442973	0.556185	0.578088	0.653235	1	1	1	0.99762	0.893409	1
0.00270075	0.334813	0.737768	0.737768	1	1	1	0.999973	0.951755	1
-0.0106088	-1.31838	0.187385	0.254171	1	1	0.970621	0.955509	0.805417	1
0.0119027	1.49495	0.134937	0.214806	1	1	0.914923	0.901652	0.664653	1
-0.00723893	-0.898184	0.369094	0.43356	1	1	0.999602	0.990008	0.76885	1
0.0011918	0.147579	0.882676	0.911642	1	1	1	0.997305	0.882676	1
0.00633577	0.785319	0.432272	0.432272	1	1	0.999934	0.998025	0.953279	1
-0.0132379	-1.64062	0.100887	0.100887	1	1	0.836002	0.754702	0.343017	1
0.00489627	0.613564	0.539508	0.539508	1	1	0.999998	0.999069	0.939844	1
-0.000294953	-0.0369169	0.970551	0.970551	1	1	1	0.999998	0.970551	1
0.00233331	0.290109	0.771735	0.795691	1	1	1	0.9993	0.905071	1
0.0010548	0.130379	0.896268	0.913467	1	1	1	0.99957	0.930824	1
0.00544873	0.680723	0.496052	0.509382	1	1	0.999991	0.998464	0.837632	1
-0.00465905	-0.580129	0.561832	0.613338	1	1	0.999999	0.997617	0.868285	1
-0.00131838	-0.163658	0.870001	0.880024	1	1	1	0.999094	0.880547	1
0.00775672	0.975492	0.329324	0.412528	1	1	0.998876	0.994445	0.796136	1
-0.00687026	-0.856754	0.391588	0.499499	1	1	0.999786	0.988577	0.739666	1
-0.00671323	-0.842728	0.399387	0.399387	1	1	0.999828	0.997796	0.896015	1
-0.00254912	-0.319648	0.749237	0.749237	1	1	1	0.999984	0.932586	1
-0.00814287	-1.02633	0.304746	0.483199	1	1	0.997928	0.986252	0.567463	1
0.00136919	0.170341	0.864743	0.864743	1	1	1	0.999833	0.918789	1
-0.00113109	-0.141399	0.887555	0.887555	1	1	1	0.999779	0.946913	1
-0.0047296	-0.586686	0.557419	0.557419	1	1	0.999999	0.999527	0.950127	1
0.00396644	0.490693	0.623647	0.623647	1	1	1	0.999222	0.843397	1
0.00191974	0.226172	0.821069	0.878982	1	1	1	0.99293	0.872386	1
0.00357907	0.432691	0.665243	0.764744	1	1	1	0.987442	0.79006	1
0.00254287	0.303006	0.761888	0.858268	1	1	1	0.993914	0.761888	1
0.00335078	0.400942	0.688466	0.784634	1	1	1	0.976525	0.69179	1
0.00355167	0.418784	0.675377	0.774626	1	1	1	0.997715	0.827088	1
0.00525983	0.641836	0.520985	0.520985	1	1	0.999996	0.999269	0.958577	1
0.00272505	0.32732	0.743429	0.822017	1	1	1	0.986167	0.842553	1
0.00436396	0.52963	0.596373	0.719444	1	1	1	0.991998	0.779873	1
-0.00611865	-0.726626	0.467461	0.644806	1	1	0.999978	0.993531	0.794685	1
-0.00736753	-0.882852	0.377324	0.499499	1	1	0.999682	0.985928	0.712723	1
-0.00625734	-0.778158	0.436483	0.499499	1	1	0.999942	0.99427	0.824468	1
0.00132208	0.166575	0.867706	0.867706	1	1	1	0.999995	0.977308	1
0.00318947	0.374689	0.707895	0.791295	1	1	1	0.998658	0.859587	1
0.00629529	0.746643	0.455286	0.51541	1	1	0.999967	0.994914	0.773986	1
0.00260465	0.314476	0.753162	0.803896	1	1	1	0.997304	0.853584	1
0.00141629	0.167553	0.866936	0.910352	1	1	1	0.999167	0.92112	1
