0	0	0	0	0	0	0	0	0	0
-0.00296097	-0.514729	0.606746	0.606746	1	1	1	0.999843	0.955276	1
-0.00171346	-0.430802	0.666615	0.666615	1	1	1	0.999847	0.976735	1
-0.00442449	-0.685039	0.493324	0.566275	1	1	0.99999	0.995656	0.838651	1
-0.00404461	-0.680296	0.496322	0.560431	1	1	0.999991	0.995858	0.843747	1
-0.000494713	-0.0908264	0.927631	0.936067	1	1	1	0.999795	0.927823	1
-9.0508e-05	-0.0246868	0.980305	0.980305	1	1	1	0.999744	0.999973	1
0.00824021	1.14076	0.25398	0.447733	1	1	0.993133	0.970283	0.564021	1
0.00417705	1.11424	0.265185	0.435918	1	1	0.994691	0.97154	0.528184	1
0.00457898	0.73645	0.461462	0.499499	1	1	0.999973	0.99619	0.818257	1
0.00235081	0.73658	0.461383	0.531035	1	1	0.999973	0.993361	0.784352	1
0.0105333	1.9576	0.0502857	0.256053	0.854857	0.754285	0.584012	0.538794	0.255199	0.877769
0.00863712	1.63585	0.10188	0.324737	1	1	0.839053	0.72457	0.263099	0.904941
-0.00829484	-1.29351	0.195844	0.38145	1	1	0.975409	0.933958	0.554893	1
-0.00264264	-0.408415	0.682972	0.703989	1	1	1	0.999366	0.880171	1
0.00495047	0.812376	0.416582	0.416582	1	1	0.999895	0.997334	0.938277	1
0.00243396	0.404637	0.685747	0.750151	1	1	1	0.999861	0.946763	1
-0.00337934	-0.502447	0.615357	0.615357	1	1	1	0.99844	0.727666	1
-0.000257199	-0.0385024	0.969287	0.979005	1	1	1	0.998333	0.969287	1
0.0156486	2.24649	0.0246796	0.0246796	0.419553	0.419553	0.34611	0.34611	0.212357	0.730414
-0.000383524	-0.0560032	0.95534	0.973571	1	1	1	0.998005	0.983994	1
-0.00940914	-1.28979	0.197134	0.197134	1	1	0.976071	0.953762	0.718699	1
-0.00516498	-0.69633	0.486227	0.487775	1	1	0.999988	0.998719	0.88163	1
0.0011748	0.170045	0.864976	0.875764	1	1	1	0.998689	0.929454	1
0.00775367	1.1241	0.260977	0.260977	1	1	0.99415	0.97346	0.656094	1
0.00851911	1.44488	0.148501	0.271264	1	1	0.934968	0.85472	0.420754	1
-0.00485244	-0.90152	0.367319	0.4319	1	1	0.999583	0.993498	0.803135	1
-0.00699001	-1.30688	0.191263	0.191263	1	1	0.972915	0.948796	0.725027	1
0.00327081	0.590351	0.55496	0.697021	1	1	0.999999	0.99223	0.786193	1
0.00567405	1.01545	0.309901	0.418042	1	1	0.998174	0.983095	0.69463	1
-0.0138884	-2.09908	0.0358174	0.0358174	0.608896	0.608896	0.462092	0.462092	0.608896	1
-0.00530458	-0.79294	0.427819	0.427819	1	1	0.999924	0.998943	0.909115	1
-0.00122604	-0.186028	0.852424	0.864315	1	1	1	0.999327	0.948999	1
0.00259994	0.396877	0.691461	0.691461	1	1	1	0.999424	0.904218	1
-0.00124736	-0.16926	0.865593	0.905144	1	1	1	0.999905	0.936584	1
-0.00638944	-0.867238	0.385818	0.385818	1	1	0.999748	0.99823	0.975012	1
-0.00150783	-0.208137	0.835123	0.873393	1	1	1	0.999627	0.920932	1
-0.0101655	-1.3872	0.165391	0.165391	1	1	0.95374	0.944572	0.931599	1
6.5761e-05	0.0106586	0.991496	0.991956	1	1	1	0.999942	0.991496	1
-0.00729506	-1.16286	0.244896	0.369309	1	1	0.991564	0.980407	0.616973	1
-0.000153907	-0.0244113	0.980525	0.980525	1	1	1	0.999993	0.980525	1
0.00551476	0.86926	0.384711	0.384711	1	1	0.99974	0.995215	0.815544	1
-3.46735e-05	-0.00497698	0.996029	0.996353	1	1	1	0.999855	0.996029	1
-0.00294467	-0.420637	0.674023	0.688217	1	1	1	0.998034	0.818456	1
0.000150975	0.0218815	0.982543	0.984666	1	1	1	0.999823	0.990986	1
0.00861778	1.28333	0.199386	0.199386	1	1	0.977186	0.971505	0.912808	1
0.00406539	0.598541	0.549483	0.549483	1	1	0.999999	0.999674	0.988689	1
0.000943977	0.135403	0.892294	0.893666	1	1	1	0.998829	0.892294	1
-0.00793995	-1.22686	0.219883	0.219883	1	1	0.98532	0.960365	0.747601	1
-0.00352556	-0.536937	0.591315	0.591315	1	1	1	0.999682	0.941947	1
0.00233852	0.320123	0.748877	0.825871	1	1	1	0.99344	0.848727	1
-0.003416	-0.496481	0.619558	0.619558	1	1	1	0.999936	0.986543	1
0.00982234	1.37747	0.168377	0.377569	1	1	0.956474	0.908999	0.393935	1
-0.00377632	-0.528778	0.596963	0.610524	1	1	1	0.998452	0.762538	1
-0.00626355	-0.92783	0.353502	0.421298	1	1	0.999398	0.995289	0.697942	1
-0.00126803	-0.186943	0.851707	0.851707	1	1	1	0.999928	0.995697	1
-0.000157031	-0.022248	0.98225	0.982967	1	1	1	0.999351	0.98225	1
-0.00805491	-1.18182	0.237285	0.326902	1	1	0.989996	0.959572	0.576265	1
0.00498945	0.758926	0.447902	0.493809	1	1	0.999959	0.997369	0.857341	1
-0.00606041	-0.906865	0.364485	0.43348	1	1	0.99955	0.993171	0.763445	1
-0.0175484	-2.42501	0.0153134	0.0358776	0.260327	0.260327	0.230751	0.230751	0.260327	0.89541
-0.0174471	-2.39796	0.0164922	0.044473	0.280368	0.280368	0.246258	0.246258	0.280368	0.964339
0.00388729	0.540352	0.588958	0.588958	1	1	1	0.999806	0.871101	1
0.00758972	1.0411	0.297836	0.44045	1	1	0.997548	0.979544	0.616468	1
-0.0093813	-1.32242	0.186037	0.186037	1	1	0.969781	0.915423	0.527106	1
0.0065552	0.913349	0.361066	0.560587	1	1	0.999507	0.962494	0.558011	1
-0.00456749	-0.627719	0.530192	0.530192	1	1	0.999997	0.998355	0.72194	1
0.000516624	0.0723693	0.942308	0.942308	1	1	1	0.999782	0.942308	1
0.00834398	1.2873	0.197998	0.432266	1	1	0.976505	0.929189	0.500284	1
0.00522627	0.81129	0.417205	0.499499	1	1	0.999897	0.992244	0.788054	1
0.00997787	1.44168	0.149402	0.245819	1	1	0.936127	0.896213	0.530288	1
-0.00182407	-0.278819	0.780385	0.780385	1	1	1	0.999993	0.996035	1
0.00338703	0.479963	0.631257	0.631257	1	1	1	0.998482	0.82549	1
0.00285939	0.410917	0.681136	0.681136	1	1	1	0.99939	0.890716	1
-0.0110651	-1.57151	0.116073	0.116073	1	1	0.877234	0.861113	0.867323	1
-0.0100715	-1.41836	0.156094	0.156094	1	1	0.944153	0.907078	0.663399	1
-0.0140052	-1.96362	0.0495828	0.119052	0.842907	0.842907	0.578747	0.578747	0.681702	1
-0.0157614	-2.20039	0.0277863	0.0277863	0.472367	0.472367	0.380631	0.380631	0.280374	0.964362
-0.00975598	-1.74741	0.0805756	0.0805756	1	1	0.760242	0.739231	0.684893	1
-0.00706292	-1.2517	0.210688	0.210688	1	1	0.982084	0.971244	0.938432	1
-0.00201935	-0.322189	0.747311	0.747311	1	1	1	0.999946	0.962448	1
0.00400933	0.623611	0.532888	0.532888	1	1	0.999998	0.99894	0.827431	1
-0.0088714	-1.29053	0.196875	0.196875	1	1	0.975939	0.962697	0.831685	1
-0.00953217	-1.38179	0.167046	0.167046	1	1	0.955274	0.935536	0.679616	1
0.00598745	1.07724	0.281381	0.281381	1	1	0.996365	0.981033	0.797245	1
0.00259638	0.464344	0.642404	0.642404	1	1	1	0.999552	0.85919	1
0.000668502	0.113595	0.90956	0.90956	1	1	1	0.999849	0.966407	1
0.00273013	0.465374	0.641667	0.715481	1	1	1	0.989906	0.727222	1
-0.000147577	-0.021119	0.983151	0.985774	1	1	1	0.999755	0.983151	1
0.00711106	1.05393	0.291923	0.313261	1	1	0.997173	0.988753	0.840575	1
-0.00534462	-0.908567	0.363586	0.460646	1	1	0.999539	0.995086	0.76622	1
-0.00161575	-0.266039	0.790211	0.809291	1	1	1	0.999699	0.959542	1
0.000735734	0.115187	0.908297	0.908297	1	1	1	0.999891	0.936229	1
-0.00209526	-0.330441	0.741069	0.760222	1	1	1	0.999106	0.752768	1
0.000163308	0.0233741	0.981352	0.981352	1	1	1	0.999998	0.993478	1
-0.00397999	-0.565777	0.571549	0.599751	1	1	0.999999	0.997483	0.769853	1
-0.00307883	-0.528076	0.59745	0.59745	1	1	1	0.999664	0.879774	1
-0.000885333	-0.153778	0.877786	0.877786	1	1	1	0.999913	0.924952	1
-0.00125741	-0.189351	0.849819	0.849819	1	1	1	0.999989	0.981493	1
-0.00385122	-0.582775	0.560049	0.605813	1	1	0.999999	0.997212	0.780778	1
-0.0130776	-2.08319	0.0372418	0.0652411	0.63311	0.595869	0.475443	0.455152	0.316555	1
-0.00799152	-1.25836	0.208269	0.342362	1	1	0.981128	0.951971	0.601035	1
-0.00172629	-0.254536	0.799083	0.813375	1	1	1	0.998679	0.879795	1
-0.00130755	-0.197599	0.84336	0.84336	1	1	1	0.999995	0.941631	1
-0.00387724	-0.572666	0.566875	0.566875	1	1	0.999999	0.999464	0.799943	1
-0.0028339	-0.414997	0.678147	0.750653	1	1	1	0.9977	0.813367	1
0.00441393	0.639413	0.522559	0.653391	1	1	0.999997	0.994345	0.798973	1
-0.0104526	-1.48145	0.138497	0.198256	1	1	0.920683	0.893131	0.699862	1
0.000639375	0.103351	0.917685	0.917685	1	1	1	0.999974	0.976991	1
0.00254629	0.410466	0.681467	0.681467	1	1	1	0.999715	0.862497	1
0.0110515	1.64249	0.100497	0.128996	1	1	0.834788	0.795809	0.415421	1
0.00624063	0.944416	0.344964	0.491183	1	1	0.999248	0.985457	0.638497	1
0.00360761	0.557958	0.576877	0.576877	1	1	1	0.999841	0.975769	1
0.0013389	0.213124	0.831231	0.832269	1	1	1	0.999949	0.952019	1
-0.00193881	-0.29224	0.770105	0.770105	1	1	1	0.99978	0.935128	1
0.00643715	1.00743	0.313734	0.400543	1	1	0.998339	0.989088	0.767771	1
-0.00447999	-0.67746	0.498119	0.646342	1	1	0.999992	0.995975	0.846802	1
0.00698185	1.08004	0.280134	0.450413	1	1	0.996256	0.973099	0.630664	1
0.00398164	0.573121	0.566567	0.566567	1	1	0.999999	0.999766	0.960185	1
0.000568021	0.0824185	0.934314	0.934314	1	1	1	0.99917	0.987999	1
0.000504936	0.0758791	0.939516	0.964904	1	1	1	0.998531	0.964353	1
0.00762061	1.16582	0.243695	0.264182	1	1	0.991333	0.973511	0.828564	1
0.00777593	1.13232	0.25751	0.466707	1	1	0.993665	0.970102	0.554355	1
0.00876487	1.32648	0.18469	0.416451	1	1	0.96892	0.894185	0.448534	1
0.00561249	0.79771	0.425045	0.552112	1	1	0.999918	0.98841	0.722576	1
0.00674296	0.983575	0.325332	0.486942	1	1	0.998757	0.980461	0.641043	1
0.0136143	1.84255	0.0654036	0.315964	1	0.91565	0.683328	0.612084	0.244049	0.839418
0.00724231	0.99734	0.318607	0.499499	1	1	0.998529	0.972932	0.601813	1
-0.00727128	-0.973749	0.330188	0.397965	1	1	0.998901	0.987825	0.801886	1
-0.0100656	-1.36609	0.17192	0.202521	1	1	0.959521	0.928712	0.730658	1
-0.000208627	-0.0343371	0.972609	0.980937	1	1	1	0.99963	0.972609	1
-0.00228031	-0.371191	0.710497	0.710497	1	1	1	0.999966	0.980378	1
0.0110779	1.80576	0.0709646	0.192006	1	1	0.71388	0.668499	0.27261	0.937656
0.00305746	0.507777	0.611613	0.661805	1	1	1	0.999357	0.93155	1
-0.0037186	-0.569951	0.568715	0.568715	1	1	0.999999	0.999458	0.86533	1
0.00389127	0.599603	0.548775	0.628189	1	1	0.999999	0.997778	0.845913	1
0.00237251	0.361535	0.717702	0.771189	1	1	1	0.993863	0.772175	1
0.00677349	0.968761	0.332672	0.332672	1	1	0.998968	0.9922	0.813731	1
0.00788423	1.13651	0.255752	0.255752	1	1	0.993405	0.988094	0.945148	1
0.00391632	0.582386	0.560311	0.560311	1	1	0.999999	0.99967	0.976125	1
0.00850629	1.28015	0.200503	0.200503	1	1	0.977721	0.966453	0.762116	1
0.00482565	0.763162	0.445372	0.445372	1	1	0.999956	0.999153	0.973302	1
-0.00428753	-0.593954	0.552547	0.644765	1	1	0.999999	0.996409	0.797386	1
0.011096	1.74607	0.0808078	0.0808078	1	1	0.76127	0.71745	0.457911	1
0.00449237	0.649755	0.515855	0.515855	1	1	0.999996	0.99922	0.80396	1
-0.00939821	-1.22061	0.222242	0.222242	1	1	0.986057	0.954328	0.629687	1
0.000715926	0.106614	0.915096	0.915252	1	1	1	0.999918	0.929928	1
0.00721205	1.03851	0.299038	0.499499	1	1	0.997619	0.974759	0.56485	1
-0.00479759	-0.636335	0.524562	0.524562	1	1	0.999997	0.99941	0.795932	1
0.00184888	0.264906	0.791083	0.791083	1	1	1	0.998537	0.840526	1
0.0105406	1.54988	0.121181	0.256283	1	1	0.888752	0.813493	0.356234	1
0.00216388	0.298227	0.765532	0.765532	1	1	1	0.999896	0.893855	1
0.00559309	0.822206	0.410966	0.499499	1	1	0.999876	0.991464	0.676029	1
0.00651774	1.00549	0.314671	0.625357	1	1	0.998377	0.951338	0.519615	1
0.0184907	2.72149	0.0065024	0.0711413	0.110541	0.104038	0.104973	0.0991154	0.0512265	0.176196
0.0146909	2.27652	0.0228213	0.188299	0.387963	0.365142	0.324606	0.308832	0.146917	0.505327
0.00723878	1.10366	0.269751	0.614719	1	1	0.995225	0.889261	0.416887	1
0.011847	1.70386	0.0884162	0.230977	1	1	0.792727	0.679052	0.250513	0.861651
0.0110775	1.67997	0.0929729	0.178653	1	1	0.809654	0.740947	0.316108	1
0.00096818	0.141326	0.887613	0.918421	1	1	1	0.999392	0.963295	1
0.00589151	0.854648	0.392752	0.56247	1	1	0.999792	0.976195	0.556399	1
-0.000868455	-0.126381	0.899431	0.907801	1	1	1	0.999933	0.937668	1
-0.00363235	-0.527808	0.597636	0.703919	1	1	1	0.993506	0.725701	1
0.000505262	0.0696257	0.944492	0.969513	1	1	1	0.999544	0.944492	1
-0.00263953	-0.382216	0.702304	0.772238	1	1	1	0.997662	0.918397	1
-0.000473698	-0.0775963	0.93815	0.950968	1	1	1	0.998668	0.98861	1
-0.00214473	-0.329127	0.742062	0.742062	1	1	1	0.999979	0.95697	1
0.00219948	0.318447	0.750148	0.788825	1	1	1	0.999026	0.877337	1
-0.00480695	-0.657929	0.510589	0.609545	1	1	0.999995	0.991503	0.707625	1
-0.00415709	-0.706166	0.48009	0.694197	1	1	0.999985	0.987005	0.665868	1
-0.0031098	-0.493691	0.621527	0.621527	1	1	1	0.999841	0.886934	1
-0.00640336	-1.09322	0.274307	0.325796	1	1	0.995707	0.979688	0.772014	1
0.00678772	1.12411	0.260975	0.441723	1	1	0.994149	0.951405	0.554573	1
0.00511991	0.817853	0.413447	0.597964	1	1	0.999885	0.976114	0.622036	1
0.00024575	0.0453956	0.963792	0.963792	1	1	1	0.999899	0.981219	1
-0.00154914	-0.223489	0.823156	0.823156	1	1	1	0.999969	0.985345	1
-0.00531817	-0.94857	0.342846	0.342846	1	1	0.999205	0.997199	0.847752	1
-0.00443285	-0.779298	0.43581	0.43581	1	1	0.999941	0.996732	0.926096	1
-0.0117568	-1.76475	0.077615	0.077615	1	1	0.746774	0.702365	0.439818	1
-0.00670232	-1.06273	0.28791	0.391802	1	1	0.996888	0.984624	0.752529	1
-0.00200581	-0.289745	0.772013	0.836626	1	1	1	0.999805	0.937444	1
-0.00176093	-0.271617	0.785918	0.816344	1	1	1	0.999372	0.910064	1
-0.00440087	-0.64193	0.520923	0.586042	1	1	0.999996	0.997225	0.866973	1
0.00401486	0.539656	0.589438	0.675771	1	1	1	0.994081	0.732833	1
-0.00460351	-0.823236	0.41038	0.41038	1	1	0.999874	0.998235	0.971022	1
-0.00321525	-0.513041	0.607927	0.607927	1	1	1	0.999854	0.968417	1
-0.0032397	-0.561811	0.574249	0.701729	1	1	1	0.994044	0.748018	1
-0.00566225	-0.958176	0.337981	0.507956	1	1	0.999099	0.972203	0.574568	1
-0.0131139	-2.30185	0.0213501	0.0660842	0.362952	0.341601	0.307109	0.291993	0.181476	0.624196
-0.00792495	-1.38373	0.166451	0.274172	1	1	0.954728	0.906221	0.488265	1
-0.00936841	-1.81551	0.0694548	0.0823306	1	1	0.705871	0.660326	0.393577	1
-0.0136774	-2.08495	0.0370813	0.0370813	0.630383	0.593301	0.473954	0.453697	0.303569	1
-0.00411507	-0.77474	0.438499	0.438499	1	1	0.999945	0.998198	0.893126	1
-0.00927858	-1.52046	0.128405	0.200931	1	1	0.903316	0.832469	0.436575	1
-0.00415781	-0.59715	0.550411	0.6521	1	1	0.999999	0.99438	0.767908	1
0.00177923	0.325922	0.744485	0.782137	1	1	1	0.995738	0.904018	1
-0.00210102	-0.292916	0.769589	0.779897	1	1	1	0.998484	0.817688	1
-0.00450764	-0.68795	0.491489	0.525323	1	1	0.99999	0.996381	0.835532	1
0.00383118	0.579259	0.562419	0.590685	1	1	0.999999	0.998656	0.956112	1
-0.0121067	-1.66049	0.096826	0.096826	1	1	0.822943	0.803961	0.549419	1
0.00694526	1.20158	0.229534	0.387719	1	1	0.98812	0.928518	0.48776	1
-0.0118295	-1.93731	0.0527159	0.122692	0.89617	0.843455	0.601742	0.579579	0.386278	1
-0.00164242	-0.289256	0.772388	0.772388	1	1	1	0.999912	0.883685	1
0.00551869	0.887795	0.374658	0.435041	1	1	0.999658	0.996424	0.835804	1
0.0020968	0.335112	0.737543	0.820615	1	1	1	0.984563	0.835882	1
-0.00421723	-0.787413	0.431046	0.499499	1	1	0.999931	0.99638	0.762885	1
-0.0146321	-2.11836	0.0341521	0.135093	0.580586	0.512282	0.446078	0.406213	0.129089	0.444009
-0.00222087	-0.397544	0.690969	0.690969	1	1	1	0.999954	0.986308	1
-0.00466317	-0.856735	0.391598	0.414322	1	1	0.999786	0.997428	0.872542	1
-0.00476662	-0.719683	0.471725	0.499499	1	1	0.999981	0.996796	0.735024	1
-0.0120788	-1.89455	0.0581604	0.221892	0.988728	0.988728	0.638916	0.638916	0.544761	1
0.00186116	0.27451	0.783694	0.826834	1	1	1	0.998702	0.832675	1
-0.00256668	-0.385038	0.700212	0.775905	1	1	1	0.997579	0.915661	1
0.00499763	0.723121	0.469611	0.556725	1	1	0.999979	0.990802	0.660316	1
0.00548587	0.748415	0.454215	0.579141	1	1	0.999966	0.992126	0.772166	1
-0.00587491	-1.0125	0.311304	0.503956	1	1	0.998236	0.969582	0.529218	1
-0.00363173	-0.576924	0.563995	0.719146	1	1	0.999999	0.990195	0.684851	1
-0.000936453	-0.162001	0.871306	0.871306	1	1	1	0.999854	0.958904	1
-0.00589241	-1.03645	0.300002	0.383582	1	1	0.997674	0.971753	0.637504	1
-0.0066229	-1.03026	0.302896	0.450664	1	1	0.997832	0.976014	0.643654	1
-0.00465848	-0.797649	0.42508	0.499499	1	1	0.999918	0.993138	0.675656	1
-0.00366093	-0.72721	0.467103	0.467103	1	1	0.999977	0.998407	0.916263	1
-0.0134774	-2.08998	0.0366272	0.0366272	0.622663	0.586036	0.469721	0.44956	0.311332	1
0.00184666	0.352445	0.724507	0.778035	1	1	1	0.999425	0.938989	1
0.00348556	0.570949	0.568039	0.719082	1	1	0.999999	0.99556	0.74282	1
0.00264614	0.395196	0.692701	0.692701	1	1	1	0.999185	0.90584	1
0.00227171	0.412349	0.680087	0.701382	1	1	1	0.996572	0.825819	1
-0.00819958	-1.06393	0.28737	0.332597	1	1	0.996847	0.982846	0.801913	1
-0.00202906	-0.275229	0.783142	0.783142	1	1	1	0.998857	0.865421	1
0.0067277	0.871541	0.383465	0.407681	1	1	0.999731	0.995107	0.877043	1
0.00693351	0.900301	0.367967	0.43017	1	1	0.99959	0.993571	0.787971	1
-0.00435091	-0.574518	0.565621	0.565621	1	1	0.999999	0.999872	0.918867	1
0.00551649	0.753408	0.45121	0.558788	1	1	0.999963	0.991773	0.653738	1
0.0029401	0.384273	0.700778	0.796198	1	1	1	0.999282	0.984229	1
0.00997159	1.30007	0.193587	0.423885	1	1	0.974208	0.924371	0.51435	1
0.010265	1.34199	0.179609	0.208219	1	1	0.965458	0.90705	0.508893	1
-0.00187397	-0.242928	0.808063	0.808063	1	1	1	0.99999	0.965567	1
0.00206457	0.269845	0.787282	0.791605	1	1	1	0.999724	0.859056	1
-0.00186506	-0.241561	0.809122	0.846469	1	1	1	0.999138	0.928047	1
0.00444319	0.584962	0.558578	0.627069	1	1	0.999999	0.998558	0.851506	1
-0.00174892	-0.225665	0.821464	0.847597	1	1	1	0.999181	0.835923	1
0.00390076	0.519725	0.603259	0.638659	1	1	1	0.997077	0.854616	1
0.000349126	0.0469542	0.96255	0.96255	1	1	1	0.999936	0.989431	1
-0.00195673	-0.257852	0.796523	0.796523	1	1	1	0.999651	0.984985	1
0.00543489	0.735537	0.462018	0.462018	1	1	0.999974	0.999098	0.880056	1
0.00297136	0.387002	0.698758	0.737143	1	1	1	0.999775	0.971355	1
0.01366	1.8285	0.0674842	0.141143	1	1	0.695102	0.649375	0.370649	1
-0.00823941	-1.07504	0.282365	0.315338	1	1	0.996449	0.963773	0.600026	1
0.0035605	0.480743	0.630703	0.686964	1	1	1	0.998096	0.871527	1
0.00651853	0.879162	0.37932	0.37932	1	1	0.999699	0.998741	0.818962	1
0.00585454	0.768839	0.441995	0.441995	1	1	0.999951	0.999491	0.956423	1
0.000345703	0.0474497	0.962155	0.970885	1	1	1	0.996954	0.962155	1
-0.00743785	-1.04997	0.293739	0.293739	1	1	0.997294	0.984598	0.832261	1
0.00557213	0.751946	0.452089	0.499499	1	1	0.999964	0.996933	0.833078	1
0.0100837	1.35866	0.174263	0.344702	1	1	0.961425	0.917026	0.592495	1
0.00577929	0.790135	0.429455	0.481651	1	1	0.999928	0.996345	0.813317	1
0.0173498	2.21696	0.0266327	0.0330359	0.452756	0.452756	0.368018	0.368018	0.452756	1
-0.00948661	-1.24454	0.213308	0.449594	1	1	0.983069	0.939773	0.464079	1
0.00312217	0.404115	0.686131	0.743374	1	1	1	0.990589	0.818318	1
-0.00766175	-1.04161	0.297598	0.44679	1	1	0.997534	0.985578	0.670944	1
-0.000967909	-0.124238	0.901128	0.906651	1	1	1	0.999674	0.901128	1
0.0132334	1.71391	0.0865551	0.121473	1	1	0.785415	0.724685	0.367859	1
0.0062839	0.827909	0.407728	0.422648	1	1	0.999864	0.998896	0.828414	1
0.000114957	0.0156675	0.9875	0.9875	1	1	1	0.999525	0.9875	1
-0.000326749	-0.0426461	0.965984	0.965984	1	1	1	0.998915	0.965984	1
0.000586321	0.0767375	0.938833	0.953818	1	1	1	0.999682	0.938833	1
-0.00167216	-0.219196	0.826499	0.841325	1	1	1	0.999432	0.936699	1
0.00334593	0.434656	0.663815	0.663815	1	1	1	0.999946	0.890832	1
0.0037576	0.487428	0.625958	0.625958	1	1	1	0.998976	0.85985	1
0.00196552	0.253581	0.799821	0.799821	1	1	1	0.999679	0.984872	1
0.00291623	0.384032	0.700957	0.706992	1	1	1	0.998964	0.851162	1
-0.00152085	-0.196806	0.84398	0.896269	1	1	1	0.999985	0.976414	1
0.00267462	0.355114	0.722506	0.722506	1	1	1	0.999979	0.925984	1
-0.00188894	-0.253579	0.799822	0.850623	1	1	1	0.991501	0.803997	1
0.000859978	0.113709	0.909469	0.909469	1	1	1	0.999996	0.966311	1
0.00122509	0.165742	0.868361	0.868361	1	1	1	1	0.999562	1
-0.00442049	-0.573063	0.566606	0.566606	1	1	0.999999	0.998755	0.834178	1
0.0128779	1.71373	0.0865872	0.120416	1	1	0.785543	0.742957	0.478275	1
-0.00262419	-0.344418	0.730534	0.782652	1	1	1	0.994516	0.827938	1
-0.00502168	-0.678779	0.497283	0.499499	1	1	0.999992	0.997949	0.902722	1
0.000758027	0.102093	0.918683	0.918846	1	1	1	0.999996	0.999284	1
-0.00462175	-0.598621	0.54943	0.54943	1	1	0.999999	0.999101	0.923679	1
-0.000178568	-0.0244795	0.98047	0.98533	1	1	1	0.989728	0.98047	1
-0.00431151	-0.606431	0.544233	0.645617	1	1	0.999998	0.995915	0.746474	1
0.00899131	1.21635	0.223861	0.223861	1	1	0.986542	0.952217	0.634273	1
0.00439199	0.599051	0.549143	0.549143	1	1	0.999999	0.999398	0.867337	1
0.00398323	0.540404	0.588922	0.688919	1	1	1	0.995174	0.815651	1
0.0171323	2.18792	0.0286824	0.0286824	0.487601	0.487601	0.390265	0.390265	0.487601	1
-0.000751597	-0.0982332	0.921748	0.929453	1	1	1	0.999582	0.938562	1
0.00100274	0.124468	0.900946	0.900946	1	1	1	0.999739	0.978956	1
-0.00149062	-0.184166	0.853885	0.869062	1	1	1	0.998578	0.907252	1
0.00128733	0.161027	0.872073	0.926675	1	1	1	0.995554	0.872073	1
-0.00607551	-0.759063	0.447821	0.627751	1	1	0.999959	0.963312	0.585612	1
-0.00611564	-0.772531	0.439806	0.681997	1	1	0.999947	0.965511	0.575131	1
-0.0065543	-0.821605	0.411309	0.71739	1	1	0.999878	0.929297	0.502767	1
0.00167872	0.204714	0.837797	0.881454	1	1	1	0.999435	0.915404	1
-0.000618255	-0.0753877	0.939907	0.968439	1	1	1	0.997355	0.98627	1
0.00207873	0.277317	0.781539	0.781539	1	1	1	0.99992	0.985518	1
0.0016574	0.224553	0.822329	0.822329	1	1	1	0.999861	0.905752	1
0.00946083	1.21151	0.22571	0.464825	1	1	0.987077	0.940029	0.496841	1
0.000713009	0.0920516	0.926658	0.926658	1	1	1	1	0.982441	1
0.00286091	0.356705	0.721315	0.721315	1	1	1	0.999751	0.943259	1
0.00447577	0.552166	0.580839	0.580839	1	1	1	0.999123	0.707836	1
0.0154603	2.41715	0.0156484	0.0856121	0.266022	0.266022	0.235188	0.235188	0.212606	0.731269
-0.00350458	-0.487063	0.626217	0.710002	1	1	1	0.992704	0.815676	1
0.0152558	2.02533	0.0428424	0.057847	0.72832	0.599793	0.524972	0.458288	0.18208	0.626274
-0.0050605	-0.690781	0.489709	0.489709	1	1	0.999989	0.998803	0.95022	1
-0.00215709	-0.285546	0.775227	0.789871	1	1	1	0.999756	0.942051	1
-0.00367835	-0.473775	0.635664	0.635664	1	1	1	0.999644	0.900618	1
0.00547628	0.815124	0.415008	0.524457	1	1	0.99989	0.992636	0.705513	1
-0.00862566	-1.1471	0.25135	0.419526	1	1	0.99271	0.9704	0.637084	1
0.000329972	0.0433321	0.965437	0.965437	1	1	1	0.999963	0.984371	1
0.00197043	0.270332	0.786907	0.786907	1	1	1	0.999875	0.93343	1
0.000952568	0.130423	0.896232	0.896232	1	1	1	0.99998	0.98363	1
0.00210087	0.289455	0.772235	0.798616	1	1	1	0.99986	0.964742	1
-0.000366633	-0.0510671	0.959272	0.968766	1	1	1	0.999987	0.985729	1
0.00143086	0.194091	0.846106	0.89301	1	1	1	0.999709	0.95892	1
0.00261402	0.354439	0.723013	0.754281	1	1	1	0.999043	0.945478	1
-0.006994	-0.958223	0.337958	0.337958	1	1	0.999098	0.983825	0.71816	1
-0.00664057	-0.917248	0.35902	0.601915	1	1	0.99948	0.955546	0.554849	1
-0.00612894	-0.804516	0.421105	0.499499	1	1	0.999908	0.995753	0.77604	1
-0.012915	-1.70451	0.0882964	0.0882964	1	1	0.792264	0.750078	0.500346	1
-0.0134922	-1.7559	0.079115	0.109442	1	1	0.753684	0.68459	0.336239	1
-0.015552	-2.01819	0.0435801	0.0519567	0.740862	0.610122	0.531158	0.464104	0.157889	0.543067
-0.0088948	-1.15711	0.247236	0.374083	1	1	0.991998	0.966894	0.700503	1
0.00120782	0.157088	0.875177	0.875177	1	1	1	0.999987	0.977793	1
-0.00341941	-0.468111	0.639709	0.639709	1	1	1	0.999898	0.96004	1
-0.00392437	-0.551215	0.581491	0.581491	1	1	1	0.999602	0.824509	1
-0.00267154	-0.346914	0.728659	0.800838	1	1	1	0.99653	0.857339	1
-0.00161555	-0.210548	0.833241	0.883724	1	1	1	0.979807	0.833241	1
-0.0149026	-1.89255	0.0584274	0.0584274	0.993266	0.934839	0.640653	0.618354	0.496633	1
-0.0147055	-1.89177	0.0585311	0.0585311	0.995029	0.936498	0.641325	0.619026	0.371231	1
-0.00245457	-0.333932	0.738433	0.738433	1	1	1	0.99952	0.896669	1
-0.000600229	-0.0813472	0.935166	0.935166	1	1	1	0.999618	0.935166	1
0.00541453	0.701813	0.482801	0.499499	1	1	0.999986	0.997746	0.856843	1
0.00557015	0.725033	0.468438	0.468438	1	1	0.999978	0.999183	0.982067	1
0.00833224	1.14097	0.253889	0.499499	1	1	0.993119	0.943899	0.479569	1
0.00760124	1.04046	0.298135	0.333944	1	1	0.997566	0.993965	0.776505	1
0.00378834	0.495644	0.620149	0.6582	1	1	1	0.997935	0.76044	1
0.00178252	0.235688	0.813676	0.869219	1	1	1	0.998795	0.983364	1
0.00975571	1.27873	0.201001	0.301647	1	1	0.977956	0.945912	0.58551	1
0.00126871	0.166456	0.867799	0.908141	1	1	1	0.996062	0.922036	1
0.00927019	1.35097	0.176716	0.367776	1	1	0.963327	0.920174	0.520101	1
0.0102306	1.50103	0.133359	0.256176	1	1	0.912245	0.883114	0.566774	1
-0.00773736	-0.995699	0.319404	0.445534	1	1	0.998557	0.978675	0.678734	1
-0.00972588	-1.2532	0.210144	0.210144	1	1	0.981873	0.963215	0.810141	1
-0.00331153	-0.443348	0.657517	0.731091	1	1	1	0.997827	0.825991	1
-0.00179037	-0.241755	0.808972	0.808972	1	1	1	0.999991	0.985376	1
0.00450817	0.574059	0.565932	0.565932	1	1	0.999999	0.998554	0.874623	1
0.00467636	0.593303	0.552983	0.593572	1	1	0.999999	0.997756	0.74256	1
0.00146884	0.194744	0.845594	0.862506	1	1	1	0.997703	0.845594	1
0.00256404	0.329905	0.741474	0.837105	1	1	1	0.999192	0.840338	1
-0.0055008	-0.786173	0.431772	0.499499	1	1	0.999933	0.995456	0.796618	1
-0.0112906	-1.50451	0.132461	0.230242	1	1	0.910688	0.850419	0.371978	1
-0.000268672	-0.0391108	0.968802	0.968802	1	1	1	0.999984	0.999922	1
-0.00290757	-0.417047	0.676647	0.676647	1	1	1	0.99988	0.899734	1
-0.00118269	-0.167765	0.866769	0.898473	1	1	1	0.998749	0.866769	1
-0.00528219	-0.800359	0.423509	0.51749	1	1	0.999914	0.991067	0.719966	1
-0.0105913	-1.37012	0.170659	0.23553	1	1	0.95846	0.922551	0.496824	1
-0.0150536	-1.9338	0.0531463	0.0531463	0.903488	0.903488	0.604808	0.604808	0.385804	1
-0.0133364	-1.79859	0.0720938	0.131154	1	1	0.719735	0.697959	0.612797	1
-0.0101562	-1.36955	0.170837	0.25791	1	1	0.958612	0.950084	0.781392	1
-0.00701959	-0.975117	0.32951	0.504727	1	1	0.998881	0.970361	0.530221	1
-0.00682826	-0.91372	0.360871	0.504159	1	1	0.999505	0.980849	0.548725	1
-0.00496324	-0.72078	0.471051	0.631589	1	1	0.99998	0.978098	0.667322	1
-0.000725542	-0.107256	0.914586	0.92371	1	1	1	0.999608	0.914586	1
-0.00949874	-1.33689	0.181268	0.461523	1	1	0.966626	0.90928	0.388994	1
-0.00648739	-0.876785	0.380611	0.587462	1	1	0.999709	0.965026	0.588216	1
0.00463089	0.690005	0.490196	0.677715	1	1	0.999989	0.979528	0.641026	1
0.00489603	0.707098	0.479511	0.499499	1	1	0.999985	0.997196	0.788565	1
-0.00131248	-0.193266	0.846752	0.846752	1	1	1	0.99985	0.980108	1
-0.00395364	-0.564584	0.572361	0.636311	1	1	0.999999	0.995682	0.748472	1
0.0103627	1.436	0.151013	0.426682	1	1	0.938154	0.880955	0.41718	1
0.0068182	0.922618	0.356214	0.384132	1	1	0.999439	0.996737	0.795284	1
0.00375544	0.552331	0.580725	0.580725	1	1	1	0.999472	0.882165	1
0.00283536	0.416566	0.676998	0.676998	1	1	1	0.999972	0.920471	1
0.00996105	1.5346	0.124892	0.151688	1	1	0.896474	0.845523	0.40986	1
0.0049734	0.753885	0.450924	0.61734	1	1	0.999963	0.991738	0.766571	1
0.00746513	1.0936	0.27414	0.364891	1	1	0.99569	0.984473	0.784014	1
0.00784445	1.12367	0.26116	0.411033	1	1	0.994174	0.977115	0.642969	1
0.00897059	1.26426	0.206147	0.206147	1	1	0.980249	0.937356	0.521313	1
0.0019206	0.273959	0.784118	0.796323	1	1	1	0.999899	0.870762	1
0.00326266	0.46343	0.643059	0.643059	1	1	1	0.999966	0.961121	1
0.00385246	0.550286	0.582127	0.694182	1	1	1	0.997292	0.824681	1
0.00149994	0.220598	0.825407	0.825407	1	1	1	0.999862	0.892117	1
0.00139266	0.20487	0.837675	0.837675	1	1	1	0.99979	0.908138	1
0.010709	1.55314	0.1204	0.265322	1	1	0.88706	0.785503	0.341134	1
0.0138978	1.97607	0.0481558	0.0481558	0.818648	0.674181	0.567865	0.498902	0.204662	0.703946
0.000740181	0.102329	0.918496	0.935994	1	1	1	0.999459	0.988167	1
0.00194045	0.260237	0.794683	0.805147	1	1	1	0.99892	0.794683	1
-0.00976302	-1.44535	0.14837	0.14837	1	1	0.934797	0.85445	0.420381	1
-0.00472949	-0.687091	0.492031	0.492031	1	1	0.99999	0.998856	0.886875	1
0.0119753	1.69687	0.0897305	0.0897305	1	1	0.797749	0.75591	0.508473	1
0.0119061	1.64382	0.100224	0.100224	1	1	0.833931	0.794875	0.480972	1
0.00274192	0.421098	0.673686	0.753415	1	1	1	0.998793	0.895857	1
0.000662801	0.0988465	0.921261	0.921261	1	1	1	0.999085	0.921261	1
-0.00416902	-0.580482	0.561594	0.678316	1	1	0.999999	0.996887	0.843698	1
-0.00989914	-1.43081	0.152495	0.463998	1	1	0.939963	0.808828	0.324051	1
-0.00869176	-1.18934	0.234317	0.234317	1	1	0.989313	0.979345	0.884299	1
-0.0106738	-1.40883	0.158896	0.158896	1	1	0.947223	0.934141	0.752604	1
0.0102928	1.31495	0.188538	0.499499	1	1	0.971321	0.874114	0.356127	1
0.000641333	0.0865536	0.931027	0.953506	1	1	1	0.999942	0.98538	1
-0.00983437	-1.28559	0.198595	0.362065	1	1	0.9768	0.943756	0.5723	1
0.00719526	0.991033	0.321677	0.321677	1	1	0.998637	0.990511	0.828273	1
-0.00889253	-1.20122	0.229676	0.229676	1	1	0.988157	0.98087	0.963471	1
0.0135895	1.81553	0.069453	0.103221	1	1	0.705862	0.683909	0.374752	1
-0.0140769	-1.79325	0.0729422	0.108716	1	1	0.724059	0.702348	0.620009	1
-0.0165497	-2.10676	0.0351465	0.0603868	0.59749	0.562343	0.455693	0.435866	0.298745	1
-0.0121212	-1.59796	0.110062	0.111305	1	1	0.862242	0.845205	0.689615	1
-0.00465492	-0.614378	0.53897	0.602626	1	1	0.999998	0.997946	0.832954	1
-0.00296075	-0.422758	0.672475	0.683968	1	1	1	0.998069	0.762138	1
-0.00489641	-0.678959	0.497169	0.497169	1	1	0.999992	0.999773	0.993432	1
-0.00714034	-0.917429	0.358925	0.383324	1	1	0.999478	0.991344	0.762716	1
-0.00573511	-0.744582	0.45653	0.45653	1	1	0.999969	0.997752	0.970127	1
-0.0123664	-1.60295	0.108956	0.108956	1	1	0.859303	0.82279	0.617418	1
-0.0214537	-2.82395	0.00474665	0.00474665	0.0806931	0.0806931	0.0777004	0.0777004	0.0806931	0.277548
-0.0164268	-2.29995	0.0214579	0.164973	0.364784	0.343326	0.308405	0.29324	0.121731	0.418699
-0.012753	-1.75457	0.079343	0.184314	1	1	0.754719	0.658593	0.269766	0.927875
-0.0250478	-3.17958	0.00147637	0.0181846	0.0250982	0.0236219	0.024804	0.0233621	0.0125491	0.0431633
-0.022622	-2.90357	0.00369193	0.0190714	0.0627627	0.0627627	0.0609428	0.0609428	0.0525407	0.180717
0.00252939	0.320683	0.748453	0.748453	1	1	1	0.999747	0.955518	1
0.0121698	1.55906	0.118992	0.118992	1	1	0.883948	0.868273	0.930059	1
-0.00407215	-0.512712	0.608157	0.639137	1	1	1	0.996115	0.689244	1
-0.0080683	-1.02004	0.307718	0.491468	1	1	0.998073	0.974717	0.598272	1
0.00301725	0.393556	0.693911	0.737841	1	1	1	0.993363	0.786433	1
0.00782114	1.02926	0.303368	0.483839	1	1	0.997857	0.973082	0.550776	1
-0.00593483	-0.794917	0.426668	0.426668	1	1	0.999922	0.9978	0.925873	1
0.00690484	0.911681	0.361944	0.361944	1	1	0.999518	0.997095	0.975469	1
0.0178935	2.29778	0.0215813	0.125308	0.366881	0.3453	0.309886	0.294664	0.158469	0.545063
0.0105959	1.37069	0.170482	0.330401	1	1	0.958309	0.893852	0.483031	1
0.0192844	2.44325	0.0145614	0.0957	0.247543	0.232982	0.220703	0.209188	0.123772	0.425719
0.022444	2.85562	0.00429815	0.00429815	0.0730686	0.0730686	0.0706093	0.0706093	0.0730686	0.251323
0.0161238	2.15029	0.0315403	0.196711	0.536185	0.536185	0.420055	0.420055	0.295958	1
0.0238554	3.12113	0.00180325	0.00639396	0.0306552	0.0306552	0.0302169	0.0302169	0.0306552	0.10544
0.0090147	1.1632	0.244757	0.321759	1	1	0.991538	0.973991	0.644758	1
0.0147572	1.91309	0.0557457	0.120236	0.947677	0.891931	0.622851	0.600586	0.339487	1
0.0157759	2.01882	0.0435147	0.0569845	0.73975	0.696235	0.530613	0.509258	0.369875	1
0.00872577	1.10524	0.269062	0.270845	1	1	0.995147	0.976742	0.762343	1
0.0109791	1.47443	0.140375	0.282533	1	1	0.923572	0.837179	0.397729	1
0.0058209	0.791792	0.428488	0.599455	1	1	0.999926	0.98265	0.607025	1
0.00657578	0.83508	0.403679	0.499499	1	1	0.999848	0.990465	0.740188	1
0.00701822	0.879788	0.378981	0.478805	1	1	0.999696	0.991468	0.722408	1
-0.00592649	-0.738484	0.460226	0.632771	1	1	0.999972	0.963555	0.601834	1
-0.00990391	-1.24443	0.213349	0.213349	1	1	0.983084	0.955826	0.556058	1
0.00796195	1.00225	0.31623	0.31623	1	1	0.998439	0.984724	0.767987	1
0.0131656	1.66763	0.0953989	0.272399	1	1	0.818126	0.777743	0.473977	1
-0.000231823	-0.0297521	0.976265	0.985558	1	1	1	0.998508	0.976265	1
-0.00980785	-1.29173	0.196462	0.318226	1	1	0.975728	0.927543	0.556641	1
-0.00525755	-0.868519	0.385117	0.556043	1	1	0.999743	0.973277	0.544707	1
-0.00806935	-1.11019	0.266925	0.358521	1	1	0.994901	0.986093	0.694118	1
-0.00660854	-0.96045	0.336837	0.336837	1	1	0.999072	0.9892	0.762421	1
-0.0025761	-0.366089	0.714302	0.714302	1	1	1	0.999683	0.910479	1
-0.0034771	-0.491687	0.622944	0.65238	1	1	1	0.998916	0.852914	1
-0.00449008	-0.680821	0.49599	0.567694	1	1	0.999991	0.992791	0.756893	1
-0.0180552	-2.35493	0.0185323	0.0392391	0.31505	0.31505	0.272401	0.272401	0.31505	1
-0.0189156	-2.45478	0.0141027	0.0752281	0.239746	0.239746	0.214514	0.214514	0.126207	0.434096
-0.0140716	-1.85553	0.06353	0.166297	1	1	0.672361	0.650134	0.540005	1
-0.0111462	-1.46726	0.142314	0.158041	1	1	0.926451	0.900018	0.528001	1
-0.00344014	-0.528823	0.596932	0.596932	1	1	1	0.999917	0.932271	1
-0.00649154	-0.918285	0.358477	0.499499	1	1	0.999472	0.981596	0.677123	1
-0.00435538	-0.739885	0.459375	0.613903	1	1	0.999971	0.988449	0.668214	1
4.4191e-05	0.00724747	0.994217	0.996409	1	1	1	0.998853	0.994217	1
-0.0162504	-2.27831	0.022715	0.121023	0.386156	0.363441	0.323355	0.307628	0.193078	0.664102
-0.012562	-1.69098	0.0908514	0.167059	1	1	0.801942	0.76038	0.514825	1
-0.00115896	-0.174054	0.861824	0.881997	1	1	1	0.999923	0.861824	1
-0.00481765	-0.69762	0.48542	0.571377	1	1	0.999988	0.995673	0.667048	1
-0.0141377	-1.9347	0.0530366	0.176097	0.901622	0.795549	0.604028	0.558432	0.290494	0.999168
-0.0165266	-2.22472	0.0261073	0.0261073	0.443824	0.399956	0.362193	0.333049	0.147941	0.508852
0.00592902	0.846311	0.397386	0.525029	1	1	0.999818	0.988121	0.675556	1
0.0115716	1.63082	0.102939	0.113591	1	1	0.84225	0.824148	0.75124	1
0.00196072	0.274095	0.784014	0.784014	1	1	1	0.99953	0.967188	1
0.000817573	0.113317	0.90978	0.916009	1	1	1	0.999266	0.989163	1
0.00913513	1.35373	0.175831	0.175831	1	1	0.962651	0.933285	0.654495	1
0.00524361	0.774938	0.438382	0.55467	1	1	0.999945	0.991838	0.630344	1
0.000777685	0.12005	0.904444	0.904444	1	1	1	0.999942	0.904444	1
0.00288701	0.431517	0.666095	0.74151	1	1	1	0.998702	0.892504	1
0.00987686	1.37711	0.16849	0.252986	1	1	0.956574	0.883333	0.374157	1
0.00401795	0.563286	0.573244	0.573244	1	1	0.999999	0.999601	0.825538	1
0.0109786	1.61643	0.106011	0.204034	1	1	0.851185	0.791719	0.450547	1
0.0116877	1.7181	0.0857885	0.336403	1	1	0.782333	0.715126	0.324321	1
0.00834655	1.19504	0.232082	0.499499	1	1	0.988771	0.907139	0.438377	1
0.00953616	1.36246	0.173064	0.383082	1	1	0.960461	0.915446	0.550658	1
0.0129721	1.74394	0.0811801	0.124377	1	1	0.762908	0.694349	0.345016	1
0.0151739	2.03856	0.0415027	0.163182	0.705546	0.664043	0.513542	0.492478	0.295755	1
0.0100096	1.41574	0.156863	0.37276	1	1	0.945012	0.870944	0.405281	1
0.00185682	0.257142	0.797071	0.853887	1	1	1	0.999167	0.878043	1
-0.00335952	-0.478865	0.632038	0.632038	1	1	1	0.999274	0.825711	1
0.00272375	0.385598	0.699797	0.699797	1	1	1	0.999478	0.906904	1
0.010281	1.4686	0.141952	0.167366	1	1	0.925921	0.882738	0.603298	1
0.00945035	1.29146	0.196555	0.201825	1	1	0.975775	0.962473	0.853957	1
0.00152363	0.21971	0.826098	0.893973	1	1	1	0.999085	0.990482	1
-0.000898341	-0.128447	0.897796	0.897796	1	1	1	0.999741	0.923786	1
8.67674e-05	0.0117311	0.99064	0.99064	1	1	1	0.999855	0.99064	1
-0.00329848	-0.458499	0.646597	0.700447	1	1	1	0.999312	0.886326	1
-0.0107769	-1.46872	0.141918	0.141918	1	1	0.925871	0.925871	0.988931	1
-0.0143804	-1.91283	0.0557788	0.0557788	0.94824	0.892461	0.623076	0.60081	0.47412	1
-0.00674161	-0.897955	0.369217	0.369217	1	1	0.999604	0.996032	0.911694	1
-0.0114669	-1.48789	0.13679	0.411124	1	1	0.917968	0.78071	0.290678	0.999803
0.00489006	0.676062	0.499006	0.499006	1	1	0.999992	0.999464	0.886629	1
-0.000725853	-0.0988534	0.921255	0.921255	1	1	1	0.999716	0.921255	1
0.00379828	0.490852	0.623535	0.623535	1	1	1	0.998928	0.963645	1
-0.00551054	-0.830943	0.406013	0.499499	1	1	0.999857	0.993856	0.73189	1
-0.00151215	-0.194946	0.845437	0.845437	1	1	1	0.999151	0.845437	1
-0.00721391	-0.920488	0.357325	0.479652	1	1	0.999456	0.992275	0.625477	1
-0.0062999	-0.861726	0.388845	0.414492	1	1	0.999768	0.99273	0.81641	1
-0.00568447	-0.775173	0.438243	0.438243	1	1	0.999945	0.998871	0.864331	1
-0.005933	-0.796278	0.425877	0.499499	1	1	0.99992	0.995684	0.804434	1
-0.00350442	-0.476613	0.633641	0.680581	1	1	1	0.999047	0.897658	1
-0.00186271	-0.245327	0.806205	0.848182	1	1	1	0.993944	0.856593	1
-0.00119029	-0.159479	0.873292	0.892926	1	1	1	0.998022	0.939768	1
0.00558663	0.762464	0.445789	0.445789	1	1	0.999956	0.99916	0.814253	1
0.00948057	1.27982	0.20062	0.439125	1	1	0.977777	0.91483	0.46217	1
0.0133218	1.77008	0.0767233	0.341625	1	0.92068	0.74258	0.616308	0.217383	0.747699
0.01472	1.94986	0.0512014	0.0512014	0.870423	0.716819	0.590778	0.520888	0.187688	0.645563
0.0173301	2.26667	0.0234173	0.0234173	0.398095	0.328899	0.331574	0.282913	0.0995237	0.342317
0.0163912	2.14859	0.0316749	0.0749282	0.538473	0.411773	0.421424	0.341925	0.107695	0.370421
0.00871294	1.14812	0.250927	0.499499	1	1	0.992639	0.944073	0.473972	1
-0.000562826	-0.0729677	0.941832	0.941832	1	1	1	0.999924	0.941832	1
0.00466947	0.670117	0.502789	0.52898	1	1	0.999993	0.996826	0.74685	1
0.00570046	0.824027	0.40993	0.414082	1	1	0.999873	0.998949	0.88309	1
0.00871254	1.19734	0.231182	0.365993	1	1	0.988545	0.92785	0.491262	1
0.00166759	0.224492	0.822376	0.870846	1	1	1	0.997812	0.932026	1
0.0137863	1.80987	0.0703253	0.108877	1	1	0.710514	0.688616	0.404985	1
0.00720133	0.951177	0.341522	0.454724	1	1	0.999177	0.984675	0.708905	1
-8.59313e-05	-0.0118832	0.990519	0.990519	1	1	1	0.999989	0.990519	1
-0.0015509	-0.215483	0.829392	0.855686	1	1	1	0.999318	0.885891	1
-0.00579689	-0.780491	0.435108	0.452311	1	1	0.999939	0.99842	0.788131	1
-0.00776011	-1.03227	0.301955	0.301955	1	1	0.997782	0.994336	0.936551	1
-0.00479236	-0.706735	0.479736	0.54568	1	1	0.999985	0.994632	0.707531	1
-0.00512217	-0.748673	0.45406	0.45406	1	1	0.999966	0.998716	0.892357	1
0.00148728	0.203127	0.839037	0.870197	1	1	1	0.990648	0.839037	1
0.00070156	0.0950939	0.924241	0.928836	1	1	1	0.999809	0.924241	1
-0.00900153	-1.19473	0.232204	0.235799	1	1	0.988801	0.967088	0.65791	1
-0.00134401	-0.176533	0.859876	0.870196	1	1	1	0.999848	0.994271	1
-0.0130352	-1.94785	0.0514418	0.246923	0.87451	0.771627	0.592537	0.547144	0.291503	1
-0.00796792	-1.18366	0.236555	0.265729	1	1	0.989832	0.97715	0.642662	1
0.00728718	0.974625	0.329754	0.452141	1	1	0.998888	0.992964	0.720392	1
0.00671035	0.881448	0.378082	0.391899	1	1	0.999688	0.996652	0.739396	1
0.00497175	0.722679	0.469883	0.469883	1	1	0.999979	0.998247	0.869754	1
0.00470301	0.673377	0.500712	0.500712	1	1	0.999993	0.999497	0.935422	1
-0.00745646	-0.985068	0.324598	0.435454	1	1	0.998734	0.986659	0.697569	1
-0.0145682	-1.96438	0.0494949	0.0898605	0.841414	0.791919	0.578084	0.556114	0.420707	1
-0.00571616	-0.732085	0.464122	0.499499	1	1	0.999975	0.996356	0.792089	1
-0.0044446	-0.58974	0.555369	0.60429	1	1	0.999999	0.99844	0.804222	1
-0.00145329	-0.191572	0.848079	0.848079	1	1	1	0.999926	0.920073	1
-0.0133656	-1.79317	0.0729559	0.102684	1	1	0.724129	0.679	0.413417	1
0.000720292	0.101833	0.91889	0.91889	1	1	1	0.999995	0.952544	1
-0.00155614	-0.211472	0.83252	0.83252	1	1	1	0.999914	0.924828	1
-0.00104981	-0.14425	0.885304	0.90294	1	1	1	0.997412	0.885304	1
-0.00537367	-0.809511	0.418227	0.499499	1	1	0.9999	0.994694	0.723525	1
-0.00553014	-0.715387	0.474375	0.474375	1	1	0.999982	0.998432	0.862826	1
-0.0126842	-1.63075	0.102953	0.102953	1	1	0.84229	0.84229	0.79829	1
-0.0110934	-1.52306	0.127755	0.127755	1	1	0.902084	0.900849	0.674001	1
-0.00675416	-0.928744	0.353029	0.353029	1	1	0.99939	0.996881	0.982073	1
-0.00530874	-0.709246	0.478177	0.563463	1	1	0.999984	0.994352	0.739001	1
-0.00227231	-0.303298	0.761665	0.779524	1	1	1	0.999795	0.929399	1
-0.00400644	-0.522998	0.600979	0.764156	1	1	1	0.995616	0.785896	1
-0.00213116	-0.285535	0.775236	0.806866	1	1	1	0.997027	0.823688	1
-0.004801	-0.659838	0.509363	0.584469	1	1	0.999994	0.993981	0.787197	1
-0.00604942	-0.830569	0.406223	0.584199	1	1	0.999858	0.984548	0.650088	1
0.000104583	0.0152237	0.987854	0.987854	1	1	1	0.99916	0.987854	1
0.00582833	0.838077	0.401994	0.526882	1	1	0.99984	0.984616	0.68339	1
-0.000500555	-0.0706732	0.943658	0.965707	1	1	1	0.998914	0.943658	1
0.000851426	0.116966	0.906888	0.927287	1	1	1	0.999993	0.965832	1
0.0115917	1.53867	0.123895	0.249114	1	1	0.89445	0.862486	0.693815	1
0.00493548	0.648569	0.516622	0.549148	1	1	0.999996	0.998186	0.798733	1
0.00261017	0.376045	0.706886	0.706886	1	1	1	0.999808	0.85711	1
0.00132016	0.192476	0.847371	0.847371	1	1	1	0.999849	0.960596	1
0.00603142	0.892492	0.372136	0.453622	1	1	0.999634	0.994022	0.726804	1
0.00479572	0.706853	0.479663	0.499499	1	1	0.999985	0.997204	0.768827	1
0.00811132	1.15135	0.249599	0.249599	1	1	0.992414	0.976077	0.848637	1
0.012012	1.6855	0.091903	0.091903	1	1	0.8058	0.740671	0.390588	1
0.0100986	1.40306	0.160609	0.284044	1	1	0.949021	0.897308	0.546071	1
0.00309839	0.43361	0.664575	0.740838	1	1	1	0.992692	0.730735	1
0.00213502	0.286435	0.774547	0.774547	1	1	1	0.998937	0.879521	1
0.00288725	0.393488	0.693962	0.711279	1	1	1	0.998835	0.830968	1
0.00019998	0.02819	0.977511	0.977511	1	1	1	0.999518	0.977511	1
0.000832191	0.117744	0.906271	0.906271	1	1	1	0.999989	0.988779	1
0.00449312	0.612906	0.539943	0.666068	1	1	0.999998	0.996492	0.798279	1
0.00825012	1.11829	0.263453	0.379398	1	1	0.994474	0.981224	0.737221	1
-0.00214472	-0.282346	0.77768	0.787896	1	1	1	0.998894	0.881965	1
0.00271313	0.351541	0.725185	0.812939	1	1	1	0.999569	0.942682	1
-0.00929393	-1.35956	0.17398	0.246325	1	1	0.961199	0.916656	0.533156	1
-0.00854191	-1.24617	0.212713	0.376244	1	1	0.98285	0.955359	0.523233	1
0.0137951	1.86855	0.0616946	0.10159	1	0.925419	0.661272	0.615264	0.349603	1
0.0144229	1.94498	0.0517865	0.0517865	0.880371	0.776798	0.595047	0.549607	0.24908	0.856724
0.00246407	0.360176	0.718718	0.718718	1	1	1	0.999962	0.973313	1
-0.00136029	-0.197802	0.843201	0.864695	1	1	1	0.999629	0.926494	1
-0.00314265	-0.408369	0.683005	0.734878	1	1	1	0.992863	0.774073	1
-0.00412661	-0.5495	0.582666	0.603282	1	1	1	0.997464	0.729197	1
-0.00626838	-0.861517	0.38896	0.38896	1	1	0.999769	0.996365	0.904211	1
-0.00823302	-1.09335	0.274251	0.415756	1	1	0.995701	0.984504	0.688108	1
-0.00315671	-0.422999	0.672299	0.672299	1	1	1	0.999995	0.972208	1
0.00232014	0.311663	0.755299	0.780279	1	1	1	0.999719	0.842516	1
-0.00496473	-0.651901	0.51447	0.51447	1	1	0.999995	0.9985	0.742152	1
-0.00260024	-0.330197	0.741254	0.811229	1	1	1	0.997337	0.858745	1
0.000956574	0.127572	0.898489	0.91395	1	1	1	0.997036	0.954644	1
0.0101325	1.30958	0.190347	0.269538	1	1	0.972389	0.920642	0.539315	1
0.00247768	0.330438	0.741072	0.757835	1	1	1	0.999746	0.936679	1
0.00215475	0.285409	0.775332	0.82242	1	1	1	0.994369	0.779365	1
0.00816344	1.23305	0.217566	0.284967	1	1	0.984561	0.958807	0.739724	1
0.00656435	1.0208	0.307355	0.472511	1	1	0.998056	0.982396	0.63712	1
0.000480354	0.0656087	0.94769	0.94769	1	1	1	0.999695	0.98363	1
0.00480659	0.661654	0.508198	0.64809	1	1	0.999994	0.98711	0.664567	1
0.00206359	0.276918	0.781845	0.781845	1	1	1	0.999668	0.949383	1
0.00237013	0.309512	0.756934	0.779569	1	1	1	0.99831	0.867534	1
0.00749357	0.9793	0.327439	0.327439	1	1	0.998821	0.994239	0.82318	1
0.0065973	0.849638	0.395533	0.499499	1	1	0.999808	0.992946	0.651237	1
-0.00303536	-0.415182	0.678011	0.678011	1	1	1	0.999787	0.983558	1
-0.00320454	-0.435478	0.663219	0.663219	1	1	1	0.999944	0.98768	1
0.00422814	0.562469	0.573801	0.573801	1	1	0.999999	0.999802	0.982873	1
0.00307191	0.403038	0.686923	0.686923	1	1	1	0.999989	0.932385	1
-0.00109557	-0.144896	0.884794	0.884794	1	1	1	0.999299	0.935486	1
0.000867215	0.112514	0.910416	0.921658	1	1	1	0.999778	0.938485	1
0.00121227	0.167952	0.866622	0.866622	1	1	1	0.998901	0.866622	1
-0.00144906	-0.1999	0.84156	0.84156	1	1	1	0.999652	0.953768	1
-0.00529417	-0.724009	0.469066	0.470363	1	1	0.999979	0.99822	0.841442	1
-0.00293182	-0.404689	0.685709	0.685709	1	1	1	0.998778	0.836378	1
-0.000984732	-0.133546	0.893763	0.893763	1	1	1	0.999998	0.996354	1
-0.00402192	-0.542437	0.587522	0.587522	1	1	1	0.999857	0.932709	1
-0.00465595	-0.625786	0.53146	0.53146	1	1	0.999997	0.998742	0.903482	1
-0.00215352	-0.291131	0.770953	0.806394	1	1	1	0.996069	0.873747	1
0.0044901	0.594374	0.552266	0.552266	1	1	0.999999	0.99839	0.818711	1
-0.000608352	-0.081235	0.935256	0.949047	1	1	1	0.997276	0.982547	1
0.000278819	0.0393198	0.968636	0.972608	1	1	1	0.999887	0.969665	1
0.000139208	0.0197186	0.984268	0.984268	1	1	1	0.999933	0.984268	1
-0.00333103	-0.447445	0.654557	0.661524	1	1	1	0.999073	0.805886	1
-0.00542253	-0.727415	0.466977	0.499499	1	1	0.999977	0.996527	0.882068	1
0.00364257	0.492584	0.62231	0.62231	1	1	1	0.999499	0.913288	1
3.4037e-05	0.00450934	0.996402	0.996926	1	1	1	0.999978	0.996402	1
0.00424444	0.554616	0.579161	0.579161	1	1	1	0.999016	0.984574	1
-7.64517e-05	-0.0100987	0.991943	0.991943	1	1	1	0.999811	0.991943	1
-0.0101784	-1.33625	0.181477	0.181477	1	1	0.96677	0.950402	0.938487	1
-0.0117136	-1.56057	0.118635	0.206979	1	1	0.883146	0.829322	0.5042	1
-0.000798882	-0.115218	0.908273	0.908273	1	1	1	0.999985	0.953963	1
0.00102478	0.149111	0.881467	0.884553	1	1	1	0.999108	0.881467	1
0.0117607	1.59193	0.11141	0.11141	1	1	0.865747	0.829972	0.631324	1
0.00808798	1.11194	0.266175	0.266175	1	1	0.994811	0.982106	0.762369	1
-0.00226057	-0.310845	0.755921	0.756971	1	1	1	0.999055	0.868073	1
0.00685579	0.935911	0.349326	0.505404	1	1	0.999328	0.977086	0.593855	1
0.00118465	0.185667	0.852707	0.852707	1	1	1	0.999881	0.906001	1
-0.00531095	-0.765213	0.444151	0.522152	1	1	0.999954	0.993469	0.658087	1
0.00864522	1.15009	0.250116	0.466146	1	1	0.992503	0.957837	0.541312	1
0.0019237	0.251129	0.801716	0.811842	1	1	1	0.999921	0.922188	1
0.00715036	0.980048	0.32707	0.32707	1	1	0.99881	0.991377	0.926699	1
-0.0152033	-2.09893	0.0358309	0.0749574	0.609125	0.501633	0.46222	0.400009	0.152281	0.52378
0.0267309	3.4582	0.000544547	0.00878972	0.0092573	0.0092573	0.00921708	0.00921708	0.0092573	0.031841
0.0189082	2.4235	0.0153775	0.107008	0.261417	0.246039	0.231602	0.219602	0.130708	0.449578
0.0115807	1.53907	0.123798	0.34589	1	1	0.894251	0.820586	0.386242	1
0.00656923	0.864913	0.387093	0.499499	1	1	0.999757	0.987795	0.731176	1
0.00239361	0.352317	0.724603	0.724603	1	1	1	0.99988	0.90653	1
0.00630254	0.899514	0.368386	0.499499	1	1	0.999595	0.987621	0.58006	1
0.0040985	0.580138	0.561826	0.561826	1	1	0.999999	0.999235	0.903752	1
0.00250276	0.349045	0.727058	0.745174	1	1	1	0.99803	0.882856	1
0.0109617	1.49277	0.135509	0.212746	1	1	0.915874	0.849378	0.46073	1
0.0104409	1.40295	0.160642	0.167892	1	1	0.949055	0.939305	0.766985	1
0.00537733	0.700526	0.483604	0.483604	1	1	0.999987	0.99964	0.83419	1
0.00956216	1.23832	0.215607	0.256634	1	1	0.983891	0.973818	0.746108	1
0.0140473	1.81217	0.0699704	0.210597	1	0.979586	0.70863	0.637795	0.297374	1
0.0194207	2.49757	0.0125102	0.0236497	0.212673	0.200163	0.192663	0.182435	0.106336	0.36575
-0.00332547	-0.44924	0.653262	0.706604	1	1	1	0.999148	0.912883	1
-0.00956008	-1.2963	0.194881	0.205636	1	1	0.974903	0.951911	0.828244	1
0.00245848	0.313436	0.753952	0.753952	1	1	1	0.998714	0.801074	1
0.00336935	0.432464	0.665407	0.694711	1	1	1	0.997461	0.754128	1
-0.00922076	-1.20246	0.229196	0.229196	1	1	0.988031	0.966094	0.779266	1
-0.00449512	-0.589026	0.555848	0.697072	1	1	0.999999	0.99659	0.835202	1
0.00561667	0.78519	0.432348	0.432348	1	1	0.999934	0.99848	0.941624	1
0.00164516	0.224327	0.822504	0.822504	1	1	1	0.999993	0.94556	1
-0.0129484	-1.70079	0.0889929	0.291011	1	1	0.794945	0.728791	0.368499	1
-0.00747291	-0.984526	0.324865	0.499499	1	1	0.998742	0.970858	0.613634	1
-0.0122266	-1.6452	0.0999382	0.183912	1	1	0.833033	0.756695	0.33979	1
-0.0194511	-2.6163	0.00889313	0.0300067	0.151183	0.133397	0.140891	0.125404	0.0503944	0.173334
-0.0163927	-2.17569	0.0295864	0.0801168	0.502969	0.473382	0.39984	0.381542	0.251484	0.864994
-0.0212288	-2.80362	0.00505642	0.0170792	0.0859591	0.0809027	0.0825684	0.0779059	0.0429796	0.147831
-0.0129221	-1.69717	0.0896745	0.142288	1	1	0.797538	0.755685	0.381305	1
-0.0106595	-1.41214	0.15792	0.213774	1	1	0.946172	0.92409	0.584441	1
-0.0101239	-1.40521	0.15997	0.246264	1	1	0.948357	0.878334	0.453249	1
0.000502096	0.0704887	0.943805	0.945846	1	1	1	0.998278	0.943805	1
-0.00557021	-0.782024	0.434207	0.535076	1	1	0.999938	0.989498	0.727956	1
-0.0069745	-0.986023	0.32413	0.347533	1	1	0.998719	0.990914	0.874301	1
-0.0112378	-1.44317	0.148984	0.415298	1	1	0.935592	0.830444	0.361819	1
-0.00794681	-1.01043	0.312295	0.314306	1	1	0.998279	0.986686	0.758431	1
-0.00241247	-0.306987	0.758856	0.869701	1	1	1	0.985977	0.843465	1
0.00154961	0.196526	0.844199	0.894189	1	1	1	0.999663	0.914716	1
-0.000281003	-0.0361579	0.971157	0.971157	1	1	1	0.999134	0.971157	1
-0.00312932	-0.405878	0.684835	0.804558	1	1	1	0.997318	0.831586	1
0.00462202	0.591531	0.554169	0.554169	1	1	0.999999	0.998819	0.777535	1
0.0136319	1.76663	0.0773009	0.0773009	1	1	0.745304	0.723967	0.463229	1
-0.00657323	-0.896438	0.370026	0.499499	1	1	0.999612	0.984372	0.677835	1
-0.00862825	-1.12683	0.259824	0.295472	1	1	0.993992	0.977558	0.631001	1
-0.00699107	-1.02827	0.303833	0.377692	1	1	0.997881	0.981386	0.737056	1
-0.00369744	-0.5628	0.573575	0.66008	1	1	0.999999	0.995459	0.771199	1
0.00279869	0.394378	0.693305	0.709842	1	1	1	0.997619	0.838425	1
-0.00453571	-0.693032	0.488295	0.624523	1	1	0.999989	0.995299	0.77006	1
-0.00958934	-1.22342	0.221182	0.367186	1	1	0.98573	0.960382	0.55733	1
-0.0155985	-1.98413	0.04725	0.04725	0.80325	0.756	0.56082	0.53904	0.401625	1
-0.00751535	-1.02594	0.304926	0.499499	1	1	0.997937	0.962131	0.566084	1
-0.00556361	-0.778318	0.436388	0.535985	1	1	0.999942	0.992304	0.741859	1
-0.00627731	-0.818183	0.413259	0.595771	1	1	0.999884	0.966988	0.585451	1
-0.00208635	-0.28181	0.778091	0.831469	1	1	1	0.993154	0.881836	1
-0.00202323	-0.277672	0.781266	0.851345	1	1	1	0.998867	0.886062	1
0.00234066	0.330397	0.741102	0.781229	1	1	1	0.998837	0.916325	1
-0.00137592	-0.191307	0.848286	0.848286	1	1	1	0.99999	0.967519	1
-0.00159462	-0.214182	0.830406	0.862281	1	1	1	0.995122	0.941127	1
-0.000306637	-0.0437135	0.965133	0.97044	1	1	1	0.99578	0.965133	1
0.0012523	0.171731	0.86365	0.86365	1	1	1	0.999995	0.988434	1
0.00194995	0.287684	0.773591	0.773591	1	1	1	0.999957	0.985333	1
0.00152806	0.215479	0.829396	0.829396	1	1	1	0.999969	0.901456	1
0.0118592	1.62343	0.104509	0.237705	1	1	0.846876	0.786765	0.441507	1
0.00907426	1.19456	0.232268	0.355676	1	1	0.988817	0.953483	0.564079	1
0.0124998	1.8016	0.0716184	0.0966324	1	0.85942	0.717283	0.590062	0.202919	0.697949
0.00496948	0.71813	0.472683	0.649704	1	1	0.999981	0.970646	0.618124	1
0.0084079	1.35705	0.174776	0.297415	1	1	0.96183	0.900261	0.439468	1
0.00638493	0.967969	0.333067	0.499499	1	1	0.998978	0.979876	0.629127	1
0.0157248	2.3171	0.0205047	0.06336	0.348579	0.30757	0.296862	0.267116	0.116193	0.399652
0.0108053	1.52423	0.127461	0.127461	1	1	0.901521	0.805276	0.361139	1
0.00966097	1.36613	0.17191	0.499499	1	1	0.959513	0.816895	0.324718	1
0.00380041	0.524445	0.599973	0.695471	1	1	1	0.998361	0.918337	1
0.0157008	2.24582	0.0247226	0.103447	0.420284	0.346116	0.346601	0.295641	0.105071	0.361397
0.000245811	0.0332835	0.973449	0.983373	1	1	1	0.999968	0.977877	1
-0.00150654	-0.205156	0.837451	0.87726	1	1	1	0.999883	0.945203	1
0.000116125	0.0155484	0.987595	0.987595	1	1	1	0.999906	0.987595	1
0.00551828	0.772947	0.43956	0.43956	1	1	0.999947	0.996943	0.74874	1
0.00801502	1.11144	0.266388	0.499499	1	1	0.994837	0.969272	0.503178	1
-0.000885887	-0.115384	0.908141	0.908377	1	1	1	0.999573	0.946756	1
0.00705332	0.939593	0.347434	0.347434	1	1	0.999294	0.997443	0.99958	1
-0.00963357	-1.381	0.16729	0.327228	1	1	0.955497	0.907442	0.568788	1
-0.00398026	-0.574055	0.565935	0.666645	1	1	0.999999	0.995322	0.801741	1
0.0040765	0.604425	0.545565	0.610584	1	1	0.999998	0.998181	0.786012	1
0.00261017	0.35173	0.725043	0.725043	1	1	1	0.999794	0.999605	1
-0.000255852	-0.0360182	0.971268	0.971268	1	1	1	0.999838	0.971268	1
0.0072658	1.00499	0.31491	0.455858	1	1	0.998387	0.992677	0.621417	1
0.00654939	0.844017	0.398667	0.398667	1	1	0.999824	0.997764	0.968273	1
-0.0133419	-1.7154	0.0862829	0.134618	1	1	0.784325	0.741669	0.488936	1
-0.00657195	-0.865766	0.386625	0.386625	1	1	0.999754	0.998933	0.990985	1
-0.00836232	-1.0817	0.279392	0.279392	1	1	0.99619	0.992664	0.991541	1
0.024052	3.11771	0.0018243	0.0018243	0.0310132	0.0310132	0.0305647	0.0305647	0.0310132	0.106671
0.00833714	1.078	0.281044	0.281044	1	1	0.996336	0.986287	0.91812	1
0.0145399	1.86803	0.0617678	0.146251	1	0.926518	0.661721	0.615714	0.350018	1
-8.64518e-05	-0.011337	0.990955	0.990955	1	1	1	0.99977	0.990955	1
0.017113	2.20611	0.0273834	0.0631794	0.465517	0.41075	0.376253	0.340636	0.155172	0.533724
0.0111964	1.44445	0.148622	0.161421	1	1	0.935125	0.876522	0.505315	1
0.0204207	2.6165	0.00888788	0.123358	0.151094	0.142206	0.140814	0.133109	0.075547	0.259848
-0.00278775	-0.369553	0.711718	0.711718	1	1	1	0.999835	0.971277	1
0.00565992	0.729191	0.46589	0.577364	1	1	0.999977	0.990868	0.720012	1
0.0141669	1.83086	0.0671315	0.0671315	1	1	0.693135	0.671052	0.570618	1
0.00440703	0.568829	0.569476	0.569476	1	1	0.999999	0.999906	0.879956	1
0.00856888	1.11113	0.26652	0.26652	1	1	0.994852	0.986955	0.955624	1
0.0122094	1.56387	0.117859	0.117859	1	1	0.881383	0.865535	0.676388	1
0.0175525	2.32579	0.0200362	0.0200362	0.340616	0.340616	0.291124	0.291124	0.32559	1
0.00690857	0.908204	0.363777	0.363777	1	1	0.999541	0.997202	0.831054	1
0.0114281	1.52808	0.126502	0.248875	1	1	0.899666	0.827654	0.430108	1
0.0108134	1.42327	0.154668	0.154668	1	1	0.942527	0.919572	0.836916	1
0.0080848	1.08592	0.277523	0.41059	1	1	0.996019	0.984722	0.673984	1
-0.000977463	-0.129329	0.897098	0.897098	1	1	1	0.999992	0.953065	1
0.023584	3.08501	0.00203728	0.00690059	0.0346338	0.0346338	0.034075	0.034075	0.0346338	0.119125
0.00836971	1.08617	0.277412	0.499499	1	1	0.996008	0.964039	0.524	1
0.00161581	0.213921	0.83061	0.83061	1	1	1	0.999976	0.986698	1
0.0103839	1.42579	0.15394	0.15394	1	1	0.941679	0.905864	0.654243	1
0.0014547	0.196761	0.844016	0.844016	1	1	1	0.999069	0.870863	1
0.00656522	0.879038	0.379388	0.379388	1	1	0.999699	0.997501	0.926716	1
0.0175478	2.42747	0.0152101	0.124286	0.258572	0.228152	0.229379	0.205391	0.0861908	0.296458
0.0110907	1.41604	0.156773	0.156773	1	1	0.944912	0.93467	0.900925	1
0.0204455	2.79927	0.00512497	0.0470631	0.0871244	0.0871244	0.0836423	0.0836423	0.0871244	0.299669
0.0055105	0.740718	0.45887	0.466057	1	1	0.999971	0.998835	0.930432	1
0.0206456	2.7796	0.00544587	0.0140819	0.0925797	0.0925797	0.0886541	0.0886541	0.0925797	0.318433
0.0183603	2.46943	0.0135381	0.0288321	0.230148	0.21661	0.206832	0.195946	0.115074	0.395803
0.0141765	1.90948	0.0562095	0.106032	0.955562	0.899353	0.625989	0.603713	0.339308	1
0.0189128	2.50879	0.0121197	0.0802998	0.206035	0.206035	0.187219	0.187219	0.206035	0.708669
0.00456612	0.625759	0.531478	0.609179	1	1	0.999997	0.997678	0.819294	1
0.000177723	0.0241425	0.980739	0.980739	1	1	1	0.999946	0.980739	1
0.0153823	2.15219	0.0313903	0.118538	0.533635	0.470854	0.418526	0.380227	0.177878	0.611822
0.00601057	0.788611	0.430346	0.430346	1	1	0.99993	0.999545	0.989962	1
0.00974723	1.33888	0.180621	0.34589	1	1	0.966175	0.908417	0.51176	1
0.0206137	2.76893	0.00562739	0.0401108	0.0956656	0.0956656	0.0914776	0.0914776	0.0956656	0.329047
0.0291804	3.96707	7.29245e-05	0.00131179	0.00123972	0.00123972	0.00123899	0.00123899	0.00123972	0.00426407
0.0129402	1.6576	0.0974089	0.269251	1	1	0.824875	0.785036	0.477708	1
0.00971262	1.34567	0.178418	0.351405	1	1	0.964595	0.916042	0.505519	1
0.0186521	2.50682	0.0121873	0.0121873	0.207185	0.207185	0.188164	0.188164	0.207185	0.712623
0.0191697	2.72208	0.00649095	0.0248828	0.110346	0.110346	0.104798	0.104798	0.110346	0.379541
0.00978693	1.32303	0.185835	0.305709	1	1	0.969654	0.930935	0.559989	1
0.0104194	1.37723	0.16845	0.16845	1	1	0.956539	0.924415	0.715913	1
0.0140446	1.86039	0.0628401	0.253537	1	0.879762	0.668233	0.59692	0.242811	0.835163
0.0120672	1.59996	0.109618	0.109618	1	1	0.86107	0.824756	0.599821	1
0.00938175	1.22167	0.221843	0.266022	1	1	0.985935	0.950705	0.628556	1
0.00433197	0.582353	0.560333	0.676195	1	1	0.999999	0.996824	0.802212	1
0.00974943	1.27384	0.202731	0.224136	1	1	0.978754	0.942543	0.574405	1
0.00713472	0.975326	0.329406	0.499499	1	1	0.998878	0.981503	0.622211	1
0.00963787	1.25226	0.210484	0.226565	1	1	0.982006	0.953688	0.663383	1
0.00709615	0.943846	0.345256	0.528289	1	1	0.999253	0.966227	0.586934	1
0.0104659	1.39362	0.163442	0.329259	1	1	0.951868	0.85957	0.396929	1
0.0134554	1.80151	0.071632	0.071632	1	1	0.717354	0.695545	0.608872	1
0.0216345	2.90284	0.00370051	0.0443162	0.0629087	0.0629087	0.0610803	0.0610803	0.0629087	0.216378
0.00791011	1.05957	0.289351	0.56603	1	1	0.996993	0.91938	0.431201	1
0.00356536	0.539055	0.589853	0.594599	1	1	1	0.998005	0.702521	1
0.008275	1.11355	0.265482	0.422427	1	1	0.994727	0.954289	0.564149	1
0.00990103	1.3378	0.180973	0.33339	1	1	0.966421	0.938881	0.510451	1
0.00573633	0.771322	0.440522	0.500249	1	1	0.999948	0.99456	0.745676	1
0.0117791	1.60933	0.107555	0.107555	1	1	0.855496	0.818566	0.609481	1
0.0173536	2.47208	0.0134384	0.0480373	0.228452	0.228452	0.205467	0.205467	0.228452	0.785774
0.0149899	2.05494	0.0398929	0.0398929	0.678179	0.598393	0.499465	0.457005	0.22606	0.777544
0.0148669	2.04096	0.0412632	0.0637282	0.701474	0.618948	0.511472	0.468515	0.233825	0.804253
0.0196422	2.65851	0.00785281	0.0131497	0.133498	0.133498	0.125431	0.125431	0.121281	0.417153
0.012868	1.80767	0.0706671	0.276849	1	0.98934	0.712318	0.641575	0.300335	1
0.0146135	1.94983	0.0512056	0.0512056	0.870496	0.716879	0.590809	0.520919	0.217624	0.748529
0.00160108	0.218076	0.827372	0.892529	1	1	1	0.977768	0.879082	1
0.00752152	1.05617	0.290898	0.379079	1	1	0.997102	0.991991	0.682803	1
0.017982	2.70522	0.00682959	0.00682959	0.116103	0.116103	0.109971	0.109971	0.116103	0.399342
0.0146821	2.20859	0.0272106	0.0272106	0.462581	0.43537	0.374367	0.356867	0.23129	0.795535
0.0138157	1.83089	0.0671258	0.0671258	1	1	0.693103	0.693103	0.502839	1
0.0126562	1.84448	0.0651223	0.1042	1	1	0.681704	0.659532	0.55354	1
0.00701839	1.08055	0.279904	0.279904	1	1	0.996236	0.985991	0.727673	1
-0.00821263	-0.89695	0.369755	0.494326	1	1	0.999609	0.990842	0.704942	1
0.00610455	0.66429	0.506511	0.506511	1	1	0.999994	0.999143	0.91028	1
0.0228573	2.46338	0.0137706	0.108646	0.234101	0.22033	0.210004	0.198973	0.0856436	0.294576
-0.0074742	-0.805635	0.420462	0.520274	1	1	0.999906	0.989532	0.641708	1
-0.00745843	-0.808515	0.418803	0.499499	1	1	0.999901	0.992433	0.791072	1
-0.000435178	-0.0467594	0.962705	0.962705	1	1	1	0.999943	0.980618	1
0.00432276	0.471189	0.63751	0.63751	1	1	1	0.999651	0.842568	1
0.00323648	0.350255	0.726151	0.739992	1	1	1	0.999145	0.857461	1
-0.0122881	-1.33049	0.18337	0.337572	1	1	0.968053	0.928166	0.623074	1
0.00803742	0.869941	0.384342	0.447322	1	1	0.999738	0.995183	0.807846	1
-0.00584759	-0.633621	0.526334	0.526334	1	1	0.999997	0.9988	0.861603	1
0.00243702	0.263238	0.79237	0.814385	1	1	1	0.999537	0.942127	1
0.00343021	0.370472	0.711034	0.711034	1	1	1	0.999829	0.919154	1
0.0100701	1.09425	0.273858	0.273858	1	1	0.995661	0.984394	0.885224	1
-0.0143891	-1.54959	0.121254	0.146555	1	1	0.888909	0.873581	0.556374	1
0.00767032	0.835755	0.403301	0.403301	1	1	0.999846	0.996422	0.857015	1
-0.0188347	-2.06175	0.0392426	0.169005	0.667124	0.667124	0.49367	0.49367	0.552995	1
-0.00799357	-0.868625	0.385061	0.385061	1	1	0.999743	0.997076	0.927416	1
-0.00674924	-0.730181	0.465287	0.465287	1	1	0.999976	0.998856	0.988065	1
-0.00403894	-0.435765	0.663011	0.663011	1	1	1	0.999834	0.961005	1
-0.00975797	-1.04936	0.294022	0.394996	1	1	0.997312	0.978288	0.714053	1
-0.0111051	-1.19888	0.230585	0.46065	1	1	0.988393	0.930332	0.489993	1
0.00294594	0.318753	0.749917	0.749917	1	1	1	0.999474	0.849906	1
0.0161409	1.73862	0.0821142	0.0821142	1	1	0.766973	0.719091	0.326782	1
-0.00264391	-0.284681	0.775891	0.819589	1	1	1	0.999658	0.8842	1
-0.0019681	-0.214342	0.830282	0.89464	1	1	1	0.996924	0.940987	1
-7.60224e-06	-0.000820098	0.999346	0.999481	1	1	1	0.999346	0.999346	1
-0.00872844	-0.959447	0.337344	0.337344	1	1	0.999084	0.996852	0.968056	1
-0.00322903	-0.350719	0.725802	0.725802	1	1	1	0.99995	0.924416	1
0.00820236	0.889838	0.373562	0.499499	1	1	0.999648	0.985144	0.705617	1
-0.00657125	-0.710313	0.477518	0.636174	1	1	0.999984	0.991998	0.660906	1
0.00152247	0.164503	0.869337	0.925496	1	1	1	0.997769	0.935046	1
-0.00717188	-0.776384	0.43753	0.499499	1	1	0.999944	0.997832	0.826446	1
-0.00486226	-0.523683	0.600504	0.600504	1	1	1	0.999523	0.854373	1
-0.00465759	-0.505565	0.613167	0.613167	1	1	1	0.999857	0.922274	1
-0.00062087	-0.0669891	0.946591	0.955622	1	1	1	0.999674	0.946591	1
0.00270262	0.292538	0.769878	0.769878	1	1	1	0.999851	0.9873	1
0.00872408	0.956823	0.338667	0.544148	1	1	0.999115	0.96341	0.575733	1
0.00992441	1.07033	0.284482	0.497607	1	1	0.996623	0.964827	0.520214	1
0.00332798	0.36348	0.71625	0.71625	1	1	1	0.999478	0.974704	1
-0.00311446	-0.335012	0.737619	0.798293	1	1	1	0.999535	0.872641	1
0.000678817	0.073126	0.941707	0.941707	1	1	1	0.999945	0.982399	1
0.0110523	1.18569	0.235756	0.235756	1	1	0.98965	0.96966	0.801572	1
0.00608459	0.666053	0.505384	0.505384	1	1	0.999994	0.998856	0.953029	1
-0.0072889	-0.797016	0.42545	0.455218	1	1	0.999919	0.99608	0.847403	1
0.00627393	0.678797	0.497273	0.499499	1	1	0.999992	0.997949	0.913338	1
0.00100073	0.10818	0.913854	0.913854	1	1	1	0.999968	0.999844	1
-0.000264461	-0.0284911	0.977271	0.977692	1	1	1	0.999988	0.98901	1
0.00232453	0.251661	0.801305	0.801305	1	1	1	0.999998	0.992242	1
0.0122882	1.31944	0.187034	0.21267	1	1	0.970404	0.944917	0.639594	1
0.0048632	0.524285	0.600086	0.683631	1	1	1	0.99612	0.784728	1
0.01343	1.43885	0.150208	0.377439	1	1	0.937148	0.897206	0.510706	1
-0.00149788	-0.163942	0.869778	0.890624	1	1	1	0.998855	0.948422	1
-0.00208509	-0.226057	0.821159	0.821159	1	1	1	0.999967	0.983694	1
-0.00994776	-1.0789	0.280645	0.440978	1	1	0.996301	0.980799	0.650552	1
0.0073096	0.800655	0.42334	0.499499	1	1	0.999914	0.992949	0.747308	1
0.00470766	0.511157	0.609246	0.675795	1	1	1	0.998609	0.92911	1
0.00155216	0.171463	0.863861	0.863861	1	1	1	0.999766	0.863861	1
-0.000972031	-0.104829	0.916512	0.940082	1	1	1	0.999984	0.95977	1
0.00545683	0.588037	0.556513	0.556513	1	1	0.999999	0.999147	0.869119	1
0.0206183	2.23113	0.0256823	0.0568112	0.436599	0.436599	0.357445	0.357445	0.436599	1
0.0108056	1.17141	0.241445	0.241445	1	1	0.990884	0.980141	0.898504	1
0.00305554	0.333825	0.738514	0.770757	1	1	1	0.999776	0.98302	1
0.00266219	0.286375	0.774594	0.774594	1	1	1	0.999139	0.877873	1
-0.00674932	-0.731483	0.464492	0.563308	1	1	0.999976	0.994409	0.789636	1
-0.00843936	-0.917453	0.358915	0.358915	1	1	0.999478	0.998019	0.912174	1
-0.0159257	-1.72156	0.0851621	0.302163	1	1	0.779783	0.685606	0.289551	0.995926
0.00526839	0.572709	0.566848	0.566848	1	1	0.999999	0.999463	0.893454	1
0.0232574	2.51603	0.0118752	0.110089	0.201879	0.178128	0.183793	0.164057	0.0554271	0.190645
0.0141604	1.53711	0.124281	0.124281	1	1	0.895238	0.863393	0.581667	1
-0.0187319	-2.05278	0.0401056	0.0401056	0.681795	0.641689	0.501346	0.480512	0.340897	1
-0.00038973	-0.0419954	0.966503	0.966503	1	1	1	0.999962	0.994284	1
-0.0182819	-1.97515	0.0482627	0.0482627	0.820466	0.772203	0.568689	0.546817	0.410233	1
0.013761	1.49322	0.135394	0.14185	1	1	0.915683	0.887209	0.530562	1
-0.00968808	-1.04999	0.293732	0.34707	1	1	0.997293	0.978189	0.646591	1
-0.00093446	-0.101261	0.919344	0.937704	1	1	1	0.99995	0.976803	1
-0.00501372	-0.539086	0.589833	0.647935	1	1	1	0.995766	0.742796	1
0.00669237	0.730075	0.465352	0.465352	1	1	0.999976	0.99898	0.914198	1
0.0109331	1.20696	0.227461	0.227461	1	1	0.987565	0.983187	0.963588	1
-0.00106272	-0.113766	0.909425	0.92216	1	1	1	0.999986	0.989969	1
-0.0261572	-2.84819	0.00440083	0.00440083	0.074814	0.074814	0.0722372	0.0722372	0.074814	0.257327
-0.00547786	-0.588833	0.555979	0.555979	1	1	0.999999	0.999329	0.829338	1
0.0209528	2.27069	0.0231749	0.0776325	0.393973	0.393973	0.328748	0.328748	0.393973	1
0.0067318	0.726634	0.467458	0.523835	1	1	0.999978	0.996768	0.794678	1
0.0160274	1.73975	0.0819168	0.0819168	1	1	0.766119	0.766119	0.633547	1
-0.0079234	-0.848819	0.395991	0.499499	1	1	0.99981	0.9893	0.747983	1
-0.00082426	-0.0887517	0.92928	0.92928	1	1	1	0.999985	0.933063	1
-0.0102093	-1.10567	0.26888	0.26888	1	1	0.995127	0.987531	0.89564	1
-0.0107411	-1.17103	0.241597	0.367371	1	1	0.990916	0.963792	0.653804	1
-0.00143289	-0.155541	0.876396	0.876396	1	1	1	0.999987	0.931171	1
-0.00635672	-0.691276	0.489399	0.553182	1	1	0.999989	0.995351	0.698568	1
-0.00764215	-0.85405	0.393086	0.490079	1	1	0.999794	0.993219	0.761951	1
0.00142709	0.156917	0.875312	0.875312	1	1	1	0.999938	0.936671	1
-0.00685103	-0.75925	0.447711	0.506539	1	1	0.999959	0.994601	0.761108	1
0.00498516	0.540396	0.58893	0.691479	1	1	1	0.981426	0.715129	1
-0.00529772	-0.575437	0.565001	0.565001	1	1	0.999999	0.999757	0.871072	1
0.0158681	1.72035	0.0853819	0.0853819	1	1	0.780681	0.760207	0.484456	1
-0.00426566	-0.463146	0.643264	0.679873	1	1	1	0.997939	0.911291	1
0.0062925	0.677571	0.498051	0.686161	1	1	0.999992	0.99597	0.841002	1
-0.000679135	-0.075433	0.939871	0.953086	1	1	1	0.996314	0.939871	1
-0.00739566	-0.807673	0.419287	0.419287	1	1	0.999903	0.999146	0.924126	1
0.00390325	0.424139	0.671468	0.671468	1	1	1	0.999918	0.887052	1
-0.00434797	-0.479915	0.631292	0.631292	1	1	1	0.999717	0.95662	1
0.00646275	0.701555	0.482964	0.582086	1	1	0.999987	0.994893	0.821039	1
-0.0102472	-1.12749	0.259549	0.344721	1	1	0.993954	0.979888	0.716189	1
0.000394667	0.0427198	0.965925	0.976248	1	1	1	0.999848	0.965925	1
0.00372698	0.404682	0.685715	0.685715	1	1	1	0.99997	0.985336	1
-0.014455	-1.56106	0.118524	0.248605	1	1	0.882893	0.849284	0.435234	1
-0.00205079	-0.221667	0.824575	0.824575	1	1	1	0.999962	0.934519	1
0.000644716	0.0694187	0.944657	0.944657	1	1	1	0.999982	0.986549	1
-0.00446478	-0.479927	0.631284	0.631284	1	1	1	0.999901	0.928807	1
0.00997204	1.072	0.283732	0.283732	1	1	0.996562	0.990645	0.847063	1
0.00169122	0.181939	0.855632	0.855632	1	1	1	0.999918	0.92939	1
0.0008468	0.0920068	0.926693	0.926693	1	1	1	0.999992	0.926693	1
-0.000702515	-0.0762071	0.939255	0.939255	1	1	1	0.999942	0.939255	1
-0.00799484	-0.86236	0.388499	0.388499	1	1	0.999766	0.998494	0.989097	1
-0.00650812	-0.708322	0.478752	0.499499	1	1	0.999985	0.998272	0.812085	1
0.00662298	0.716469	0.473709	0.473709	1	1	0.999982	0.999142	0.938565	1
-0.00983694	-1.0664	0.286253	0.413391	1	1	0.996762	0.982521	0.715232	1
-0.0120867	-1.30714	0.191177	0.191177	1	1	0.972866	0.958064	0.805684	1
0.000963605	0.106545	0.915151	0.915151	1	1	1	0.999873	0.961402	1
0.00855603	0.951478	0.341372	0.341372	1	1	0.999174	0.993337	0.882938	1
-0.00645223	-0.710437	0.47744	0.499499	1	1	0.999984	0.997094	0.855524	1
0.0050155	0.542046	0.587792	0.587792	1	1	1	0.999656	0.91252	1
0.00148767	0.161608	0.871616	0.871616	1	1	1	0.999827	0.871616	1
0.00362936	0.39195	0.695099	0.695099	1	1	1	0.999969	0.928968	1
-0.0145364	-1.56998	0.116433	0.139203	1	1	0.878081	0.843832	0.604266	1
0.00590929	0.648088	0.516935	0.516935	1	1	0.999996	0.999235	0.882283	1
-0.00339371	-0.375726	0.707124	0.707124	1	1	1	0.999616	0.81779	1
-0.00871565	-0.943477	0.345447	0.499499	1	1	0.999257	0.989103	0.65251	1
-0.0104262	-1.12329	0.261328	0.261328	1	1	0.994197	0.985601	0.831289	1
-0.00580525	-0.624599	0.53224	0.53224	1	1	0.999998	0.998928	0.863588	1
-0.00137569	-0.149569	0.881106	0.890711	1	1	1	0.999951	0.925292	1
-0.00843263	-0.928174	0.353327	0.496318	1	1	0.999395	0.99173	0.612018	1
-0.00921094	-1.00731	0.313795	0.403161	1	1	0.998342	0.989918	0.728939	1
-0.00655358	-0.705998	0.480196	0.698459	1	1	0.999985	0.980274	0.680278	1
-0.00371661	-0.41708	0.676624	0.70995	1	1	1	0.995311	0.775488	1
0.00808027	0.877714	0.380108	0.380108	1	1	0.999705	0.998004	0.88044	1
-0.0195134	-2.17388	0.0297247	0.0297247	0.50532	0.50532	0.401293	0.401293	0.50532	1
0.00375102	0.405777	0.68491	0.68491	1	1	1	0.999988	0.919611	1
-0.00067382	-0.0729674	0.941833	0.96067	1	1	1	0.998706	0.989007	1
0.00210594	0.228384	0.81935	0.81935	1	1	1	0.999652	0.870559	1
-0.0148342	-1.60081	0.109433	0.109433	1	1	0.860579	0.824209	0.517742	1
0.00843498	0.906328	0.364772	0.364772	1	1	0.999554	0.995683	0.859998	1
-0.00948524	-1.06106	0.288676	0.288676	1	1	0.996944	0.988125	0.913258	1
-0.00622193	-0.677232	0.498266	0.498266	1	1	0.999992	0.998989	0.905876	1
-0.00150155	-0.162001	0.871306	0.871306	1	1	1	0.999915	0.932972	1
0.00230172	0.251655	0.80131	0.80131	1	1	1	0.999997	0.98949	1
0.00482846	0.52655	0.598511	0.598511	1	1	1	0.999956	0.996794	1
-0.00616475	-0.68614	0.492632	0.492632	1	1	0.99999	0.99887	0.935802	1
0.00845467	0.923031	0.356001	0.356001	1	1	0.999436	0.997724	0.857387	1
-0.0112139	-1.20598	0.227838	0.430254	1	1	0.987668	0.955074	0.570187	1
-0.0049496	-0.537222	0.591119	0.604468	1	1	1	0.998827	0.793169	1
-0.0064458	-0.696608	0.486055	0.486055	1	1	0.999988	0.998714	0.970784	1
-0.0170529	-1.84272	0.0653834	0.235903	1	0.964336	0.683212	0.630136	0.277879	0.955781
0.00327584	0.356063	0.721796	0.721796	1	1	1	0.999551	0.925434	1
0.00254013	0.275631	0.782834	0.819758	1	1	1	0.999912	0.942085	1
0.0104144	1.12337	0.261292	0.261292	1	1	0.994192	0.989356	0.918632	1
0.00515752	0.555054	0.578863	0.578863	1	1	1	0.999705	0.940688	1
0.0134007	1.45385	0.146003	0.146003	1	1	0.931647	0.890254	0.620512	1
-0.00749215	-0.805166	0.420732	0.454746	1	1	0.999907	0.998573	0.882153	1
-0.00260447	-0.280428	0.779151	0.854624	1	1	1	0.989982	0.827848	1
-0.0069162	-0.754224	0.450722	0.450722	1	1	0.999962	0.999246	0.849028	1
-0.00728581	-0.792402	0.428135	0.428135	1	1	0.999925	0.999392	0.976582	1
-0.00324987	-0.355603	0.722141	0.756836	1	1	1	0.99954	0.995732	1
-0.00603837	-0.648895	0.516413	0.516413	1	1	0.999996	0.999662	0.936393	1
0.000665152	0.0713903	0.943088	0.943088	1	1	1	0.999944	0.943088	1
0.0168007	1.80997	0.0703141	0.154738	1	1	0.710455	0.710455	0.53494	1
0.00294314	0.316986	0.751257	0.751257	1	1	1	0.999929	0.940652	1
0.000669911	0.0726284	0.942102	0.942102	1	1	1	0.999989	0.993964	1
0.012536	1.3474	0.177865	0.177865	1	1	0.964188	0.935553	0.755926	1
-0.0148294	-1.6837	0.0922527	0.196928	1	1	0.807068	0.76586	0.522765	1
0.0211716	2.31192	0.0207908	0.0207908	0.353444	0.353444	0.300346	0.300346	0.204684	0.704023
-0.00433947	-0.47494	0.634834	0.745532	1	1	1	0.993507	0.830168	1
0.0140186	1.52798	0.12653	0.147335	1	1	0.899721	0.868563	0.611142	1
-0.0075876	-0.819998	0.412226	0.595849	1	1	0.999881	0.979958	0.583987	1
-0.0168365	-1.82308	0.0683049	0.293277	1	1	0.699631	0.653975	0.343955	1
-0.00130079	-0.141962	0.887111	0.901811	1	1	1	0.997239	0.887111	1
0.00476879	0.515945	0.605898	0.605898	1	1	1	0.999418	0.989451	1
-0.0147503	-1.64462	0.100062	0.359398	1	1	0.833423	0.786553	0.29511	1
-0.0125156	-1.3506	0.176836	0.243532	1	1	0.963418	0.903209	0.501036	1
0.00581375	0.624846	0.532078	0.532078	1	1	0.999998	0.999765	0.892726	1
0.00403948	0.434994	0.663571	0.663571	1	1	1	0.999836	0.9711	1
-0.0229311	-2.51985	0.0117473	0.0117473	0.199704	0.199704	0.181995	0.181995	0.126959	0.436682
0.00322844	0.349339	0.726838	0.726838	1	1	1	0.999463	0.82375	1
-0.0115639	-1.27609	0.201938	0.399031	1	1	0.978392	0.933252	0.48367	1
0.0132442	1.4411	0.149571	0.159812	1	1	0.936343	0.896503	0.635679	1
0.00579421	0.621985	0.533958	0.533958	1	1	0.999998	0.998994	0.907729	1
0.000237269	0.0258674	0.979363	0.979363	1	1	1	0.998901	0.979363	1
0.0187091	2.03649	0.041713	0.0482071	0.709121	0.667408	0.515354	0.494258	0.354561	1
-0.00507211	-0.544524	0.586086	0.661258	1	1	1	0.996436	0.804524	1
0.00480923	0.518154	0.604356	0.655038	1	1	1	0.997161	0.814261	1
0.000556997	0.0599837	0.952169	0.952169	1	1	1	0.999814	0.952169	1
0.00208652	0.225124	0.821885	0.821885	1	1	1	0.999999	0.99072	1
0.00424033	0.458288	0.64675	0.64675	1	1	1	0.999314	0.934279	1
-0.01128	-1.22553	0.220389	0.288152	1	1	0.985481	0.975103	0.647026	1
-0.013369	-1.44489	0.148503	0.148503	1	1	0.934971	0.923629	0.813612	1
0.00602325	0.645816	0.518405	0.518405	1	1	0.999996	0.999329	0.982171	1
-0.0118525	-1.28274	0.199595	0.199595	1	1	0.977287	0.971624	0.808421	1
-0.0160035	-1.73384	0.0829599	0.130143	1	1	0.770596	0.742722	0.470106	1
-0.00713162	-0.770878	0.440787	0.499499	1	1	0.999949	0.996354	0.786714	1
-0.00599364	-0.652445	0.514121	0.514121	1	1	0.999995	0.999267	0.937033	1
-0.00479535	-0.518131	0.604372	0.604372	1	1	1	0.999221	0.903478	1
-0.00472456	-0.511603	0.608934	0.608934	1	1	1	0.99969	0.898143	1
-0.00858689	-0.929184	0.352804	0.352804	1	1	0.999387	0.997032	0.903189	1
-0.00648129	-0.7027	0.48225	0.606714	1	1	0.999986	0.989243	0.683187	1
-0.00742743	-0.811133	0.417298	0.418257	1	1	0.999897	0.999107	0.928837	1
-0.0117265	-1.26923	0.204371	0.243066	1	1	0.979485	0.979485	0.795365	1
-0.000393279	-0.0422345	0.966312	0.978664	1	1	1	0.999898	0.976588	1
0.00468165	0.503421	0.614673	0.67754	1	1	1	0.99668	0.79165	1
-0.00113636	-0.142461	0.886717	0.886717	1	1	1	0.999974	0.971574	1
-0.00870438	-1.09653	0.272854	0.387494	1	1	0.995558	0.978149	0.739568	1
0.0153979	1.93042	0.0535639	0.270245	0.910587	0.857023	0.60776	0.585561	0.364459	1
-0.0137652	-1.7245	0.0846283	0.128991	1	1	0.777588	0.757026	0.455674	1
-0.00937066	-1.17221	0.241123	0.322859	1	1	0.990819	0.981726	0.6536	1
-0.0111635	-1.38896	0.164853	0.164853	1	1	0.95323	0.919707	0.700627	1
0.011602	1.44526	0.148395	0.42702	1	1	0.934829	0.870192	0.399205	1
0.0014232	0.177398	0.859197	0.864469	1	1	1	0.99864	0.930823	1
-0.00988149	-1.2323	0.217845	0.407047	1	1	0.984655	0.932978	0.506645	1
0.00442342	0.556865	0.577624	0.577624	1	1	1	0.999339	0.860758	1
-0.00294206	-0.368517	0.71249	0.82443	1	1	1	0.998035	0.807537	1
-0.00109692	-0.137482	0.890651	0.914073	1	1	1	0.998388	0.946317	1
0.0103261	1.28595	0.198469	0.334983	1	1	0.976738	0.943641	0.674795	1
0.00712573	0.901711	0.367218	0.441075	1	1	0.999582	0.994598	0.800187	1
0.00329984	0.411318	0.680842	0.680842	1	1	1	0.998776	0.758263	1
0.00505075	0.634502	0.525758	0.563341	1	1	0.999997	0.99852	0.812535	1
-0.0177365	-2.22415	0.0261455	0.124332	0.444474	0.444474	0.362619	0.362619	0.312586	1
-0.012435	-1.54696	0.121883	0.127068	1	1	0.890253	0.789801	0.345334	1
-0.00390204	-0.487395	0.625982	0.625982	1	1	1	0.999857	0.926627	1
-0.0118468	-1.4714	0.141193	0.200017	1	1	0.924799	0.924799	0.71878	1
-0.00651905	-0.812045	0.416772	0.499499	1	1	0.999895	0.99444	0.759541	1
-0.00818455	-1.01809	0.308643	0.432468	1	1	0.998117	0.982752	0.668941	1
0.0155879	1.95462	0.0506365	0.117231	0.86082	0.810183	0.586616	0.564568	0.373787	1
0.00249102	0.314542	0.753112	0.753112	1	1	1	0.999801	0.885972	1
-0.0126883	-1.60018	0.10957	0.253048	1	1	0.860942	0.785337	0.372538	1
-0.0129207	-1.617	0.105889	0.222246	1	1	0.850841	0.791322	0.45003	1
-0.00658171	-0.823435	0.410267	0.624654	1	1	0.999874	0.970382	0.574581	1
-0.0113875	-1.43939	0.150049	0.233825	1	1	0.936948	0.879185	0.437651	1
-0.0019941	-0.250819	0.801955	0.801955	1	1	1	0.999988	0.986822	1
0.00717708	0.915983	0.359683	0.359683	1	1	0.999489	0.992581	0.873515	1
0.00224393	0.279744	0.779675	0.779675	1	1	1	0.999985	0.982828	1
-0.00201177	-0.253963	0.799526	0.821243	1	1	1	0.999925	0.970853	1
-0.0073358	-0.931162	0.351777	0.499499	1	1	0.99937	0.980364	0.664467	1
-4.60939e-05	-0.00580601	0.995368	0.996145	1	1	1	0.999896	0.995368	1
-0.00690453	-0.864102	0.387539	0.387539	1	1	0.99976	0.997214	0.978631	1
0.00384125	0.479275	0.631746	0.631746	1	1	1	0.999906	0.910429	1
0.0129242	1.61905	0.105448	0.105448	1	1	0.849583	0.831852	0.896306	1
0.00254955	0.321567	0.747783	0.749614	1	1	1	0.999822	0.954479	1
0.010704	1.33609	0.181528	0.344074	1	1	0.966806	0.889582	0.440854	1
-0.00401816	-0.505195	0.613425	0.758605	1	1	1	0.998316	0.744874	1
-0.00755615	-0.938896	0.347792	0.387533	1	1	0.999301	0.99748	0.829876	1
-0.0128891	-1.60367	0.108798	0.235583	1	1	0.858878	0.800627	0.462391	1
0.00541579	0.675633	0.499279	0.524439	1	1	0.999992	0.998212	0.758087	1
-0.000129398	-0.0162516	0.987034	0.987034	1	1	1	0.999973	0.987034	1
-0.001525	-0.191153	0.848407	0.860773	1	1	1	0.999804	0.982475	1
-0.00110709	-0.138133	0.890136	0.890136	1	1	1	0.999994	0.935291	1
-0.000662309	-0.0824242	0.93431	0.93431	1	1	1	0.999999	0.980506	1
-0.00418299	-0.519745	0.603245	0.703439	1	1	1	0.985269	0.603245	1
0.000550276	0.0686065	0.945303	0.94561	1	1	1	0.999512	0.945303	1
0.000847278	0.105521	0.915963	0.915963	1	1	1	0.999283	0.957737	1
-0.00330259	-0.410643	0.681337	0.763956	1	1	1	0.999666	0.933175	1
0.0166773	2.07853	0.037669	0.172953	0.640373	0.527366	0.479386	0.415826	0.160093	0.550649
-0.00418422	-0.527144	0.598097	0.630208	1	1	1	0.998145	0.847304	1
-0.00817336	-1.02004	0.307719	0.445904	1	1	0.998073	0.982497	0.628031	1
-0.00954591	-1.19478	0.232182	0.41738	1	1	0.988795	0.961858	0.563869	1
0.00682342	0.855517	0.392272	0.392272	1	1	0.99979	0.997462	0.876963	1
0.00903083	1.1342	0.256718	0.256718	1	1	0.993549	0.991321	0.987432	1
0.00513671	0.668166	0.504033	0.504033	1	1	0.999993	0.999782	0.998932	1
-0.0123915	-1.56054	0.118643	0.251974	1	1	0.883164	0.829344	0.504235	1
-0.00453862	-0.567545	0.570348	0.684716	1	1	0.999999	0.997297	0.812298	1
0.0155216	1.94868	0.0513429	0.240541	0.87283	0.765617	0.591815	0.543671	0.218207	0.750536
0.0121423	1.52508	0.127249	0.187999	1	1	0.901115	0.870177	0.678201	1
-0.000793042	-0.0999938	0.92035	0.92035	1	1	1	0.999992	0.998007	1
0.00345177	0.434202	0.664145	0.664145	1	1	1	0.999684	0.764138	1
0.006786	0.851107	0.394717	0.499499	1	1	0.999804	0.99506	0.629852	1
-0.00229458	-0.29046	0.771466	0.771466	1	1	1	0.999948	0.798907	1
-0.00229951	-0.288395	0.773046	0.834731	1	1	1	0.996954	0.876119	1
-0.00113219	-0.141795	0.887243	0.887243	1	1	1	0.999481	0.942696	1
0.0130629	1.6363	0.101786	0.206195	1	1	0.838767	0.820496	0.651911	1
0.00269018	0.336458	0.736528	0.736528	1	1	1	0.999993	0.956156	1
-0.00386931	-0.493957	0.62134	0.62134	1	1	1	0.999675	0.982694	1
0.0142906	1.77601	0.0757411	0.0757411	1	1	0.737885	0.716405	0.630774	1
-0.0111461	-1.39976	0.161597	0.189193	1	1	0.950031	0.9404	0.747823	1
0.00605926	0.761615	0.446295	0.446295	1	1	0.999957	0.997291	0.895345	1
-0.0087296	-1.10146	0.270703	0.270703	1	1	0.995329	0.98349	0.794214	1
0.00840193	1.05432	0.291744	0.492291	1	1	0.997161	0.968238	0.528135	1
-0.00465041	-0.579912	0.561978	0.561978	1	1	0.999999	0.999377	0.862042	1
-0.0040518	-0.509631	0.610314	0.610314	1	1	1	0.999761	0.889177	1
0.00769269	1.00861	0.313168	0.39034	1	1	0.998316	0.983954	0.760551	1
0.00386628	0.482128	0.629718	0.636769	1	1	1	0.998244	0.717546	1
-0.0246856	-3.08769	0.00201899	0.00201899	0.0343228	0.0343228	0.0337739	0.0337739	0.0343228	0.118055
-0.00936576	-1.16536	0.243883	0.263627	1	1	0.99137	0.973597	0.737485	1
0.0186308	2.32408	0.0201277	0.0201277	0.342171	0.342171	0.292248	0.292248	0.342171	1
0.00280387	0.350526	0.725946	0.763159	1	1	1	0.999179	0.822739	1
-0.00388419	-0.483479	0.628759	0.754967	1	1	1	0.996499	0.785379	1
-0.00861093	-1.0731	0.283233	0.283233	1	1	0.996521	0.98682	0.960117	1
-0.00522965	-0.653207	0.513627	0.513627	1	1	0.999995	0.999259	0.900789	1
-0.00932182	-1.17416	0.24034	0.319694	1	1	0.990656	0.9877	0.803868	1
-0.00893415	-1.12514	0.26054	0.48215	1	1	0.99409	0.960964	0.528334	1
0.000225559	0.0283348	0.977395	0.980986	1	1	1	0.998994	0.977395	1
-0.00292842	-0.366086	0.714304	0.714304	1	1	1	0.999811	0.915545	1
-0.0143732	-1.84951	0.0643939	0.0643939	1	1	0.677461	0.655262	0.547348	1
-0.0057054	-0.721307	0.470726	0.48233	1	1	0.99998	0.999496	0.885362	1
0.00554766	0.695606	0.486681	0.486681	1	1	0.999988	0.999665	0.924837	1
0.0115707	1.45413	0.145921	0.248956	1	1	0.931535	0.890106	0.620164	1
-0.00468512	-0.588573	0.556152	0.680699	1	1	0.999999	0.985614	0.675328	1
0.0105709	1.33614	0.181512	0.247374	1	1	0.966795	0.950434	0.79213	1
0.00135721	0.169089	0.865727	0.895005	1	1	1	0.99553	0.919835	1
0.00429815	0.534122	0.593261	0.593261	1	1	1	0.999876	0.912842	1
0.00207106	0.26522	0.790842	0.880236	1	1	1	0.970017	0.790842	1
-0.012984	-1.64169	0.100664	0.100664	1	1	0.835307	0.835307	0.93373	1
0.00317774	0.400162	0.68904	0.68904	1	1	1	0.99923	0.833329	1
-0.00905963	-1.1564	0.247526	0.339956	1	1	0.99205	0.98596	0.778139	1
-0.0107431	-1.34402	0.17895	0.17895	1	1	0.964983	0.922945	0.608431	1
-0.00897292	-1.13568	0.256099	0.256099	1	1	0.993457	0.988177	0.890325	1
-0.00317645	-0.400537	0.688764	0.688764	1	1	1	0.999462	0.821563	1
-0.00315559	-0.395424	0.692533	0.700008	1	1	1	0.999809	0.92765	1
-0.00737388	-0.925745	0.354586	0.354586	1	1	0.999415	0.996628	0.956759	1
-0.00471677	-0.595969	0.5512	0.5512	1	1	0.999999	0.999987	0.987148	1
0.0114326	1.43335	0.151768	0.354585	1	1	0.939081	0.900182	0.510599	1
-0.00458387	-0.572331	0.567102	0.567102	1	1	0.999999	0.999761	0.935796	1
0.00408717	0.512787	0.608104	0.632232	1	1	1	0.999141	0.861481	1
-0.0110562	-1.38174	0.167062	0.26969	1	1	0.955289	0.935005	0.596819	1
0.000111912	0.0139948	0.988834	0.988834	1	1	1	0.999926	0.988834	1
0.00439826	0.55165	0.581192	0.617124	1	1	1	0.997383	0.705733	1
-0.0119913	-1.49359	0.135292	0.135292	1	1	0.915515	0.915515	0.853944	1
0.00394795	0.498284	0.618287	0.618287	1	1	1	0.99998	0.91722	1
0.0041416	0.517237	0.604995	0.667261	1	1	1	0.997486	0.76164	1
-0.0103105	-1.31779	0.187585	0.19817	1	1	0.970743	0.955673	0.817405	1
-0.00561534	-0.7082	0.478826	0.499499	1	1	0.999985	0.998274	0.904449	1
0.00498983	0.627738	0.53018	0.582195	1	1	0.999997	0.997829	0.757553	1
0.00314621	0.400704	0.688641	0.688641	1	1	1	0.999892	0.957615	1
-0.00885996	-1.10582	0.268813	0.268813	1	1	0.995119	0.976647	0.761637	1
-0.00116657	-0.145231	0.884529	0.884529	1	1	1	0.998351	0.884529	1
-0.00724096	-0.903424	0.366308	0.432908	1	1	0.999572	0.995807	0.824735	1
-0.000528033	-0.0657802	0.947553	0.950871	1	1	1	0.997201	0.947553	1
-0.00957374	-1.19477	0.232186	0.276921	1	1	0.988797	0.977449	0.62557	1
-0.00019272	-0.0242472	0.980656	0.980656	1	1	1	0.99924	0.980656	1
-0.00688977	-0.8733	0.382506	0.424417	1	1	0.999724	0.995023	0.755437	1
-0.00299613	-0.375608	0.707211	0.707211	1	1	1	0.999187	0.816168	1
-0.00538506	-0.67422	0.500177	0.500177	1	1	0.999992	0.998458	0.944778	1
0.00457161	0.572329	0.567103	0.571688	1	1	0.999999	0.998818	0.876432	1
0.00499623	0.631819	0.52751	0.651596	1	1	0.999997	0.994009	0.696753	1
-0.00455203	-0.574318	0.565757	0.668795	1	1	0.999999	0.989038	0.68699	1
-0.0121642	-1.53279	0.125337	0.125337	1	1	0.897365	0.846619	0.532682	1
0.00885332	1.1048	0.269256	0.463225	1	1	0.995169	0.97681	0.583939	1
-0.00292788	-0.373472	0.7088	0.759328	1	1	1	0.998494	0.901408	1
0.00320562	0.397455	0.691035	0.728241	1	1	1	0.99913	0.905867	1
-0.0133296	-1.68233	0.0925159	0.0925159	1	1	0.808017	0.788445	0.786385	1
-0.000194727	-0.0244933	0.980459	0.980459	1	1	1	0.999516	0.980459	1
0.00344531	0.432373	0.665473	0.782553	1	1	1	0.999256	0.813014	1
-0.000596204	-0.0744696	0.940637	0.940637	1	1	1	0.999851	0.972187	1
-0.0134834	-1.67394	0.094153	0.094153	1	1	0.81382	0.81382	0.850735	1
-0.00200442	-0.249501	0.802975	0.802975	1	1	1	0.999942	0.993954	1
-0.0102147	-1.32963	0.18365	0.18365	1	1	0.968239	0.941619	0.780512	1
-0.000298116	-0.0376935	0.969932	0.969932	1	1	1	0.999994	0.9825	1
-0.00329692	-0.411588	0.680644	0.680644	1	1	1	0.999655	0.901177	1
0.00542979	0.686775	0.49223	0.499499	1	1	0.99999	0.99814	0.925938	1
-0.00450217	-0.56586	0.571493	0.662087	1	1	0.999999	0.996478	0.809615	1
0.00251619	0.324266	0.745739	0.745739	1	1	1	0.999895	0.964363	1
0.0143752	1.82696	0.0677147	0.0677147	1	1	0.69638	0.69638	0.666113	1
-0.00276042	-0.343049	0.731564	0.731564	1	1	1	0.998152	0.787819	1
-0.0152933	-1.9224	0.054565	0.054565	0.927605	0.927605	0.614754	0.614754	0.927605	1
-0.00776816	-0.968687	0.332709	0.332709	1	1	0.998969	0.988319	0.75292	1
-0.0186368	-2.33687	0.0194523	0.0194523	0.330688	0.330688	0.283908	0.283908	0.179273	0.616618
-0.00985344	-1.24304	0.213861	0.256526	1	1	0.98327	0.978719	0.72471	1
0.00423402	0.538458	0.590265	0.590265	1	1	1	0.999918	0.851103	1
0.00454864	0.566627	0.570972	0.570972	1	1	0.999999	0.999508	0.832146	1
-0.00840479	-1.04909	0.294144	0.334594	1	1	0.99732	0.99462	0.843465	1
0.00775348	0.969323	0.332392	0.332392	1	1	0.99896	0.994767	0.981687	1
-0.0071072	-0.900902	0.367648	0.367648	1	1	0.999587	0.997991	0.912017	1
-0.00908106	-1.14613	0.251751	0.251751	1	1	0.992776	0.976954	0.855953	1
-0.00852514	-1.06859	0.285265	0.45682	1	1	0.996685	0.982228	0.553075	1
-0.0103176	-1.28633	0.198339	0.198339	1	1	0.976674	0.970903	0.954595	1
-0.00588305	-0.741989	0.4581	0.4581	1	1	0.99997	0.998938	0.973462	1
-0.00608855	-0.756884	0.449125	0.449125	1	1	0.99996	0.999219	0.944878	1
-0.00332979	-0.41471	0.678357	0.678357	1	1	1	0.999862	0.87749	1
0.0105898	1.32427	0.185423	0.185423	1	1	0.969391	0.962424	0.953744	1
-0.00666799	-0.841315	0.400178	0.400178	1	1	0.999832	0.998699	0.958948	1
-3.03475e-05	-0.0037851	0.99698	0.99745	1	1	1	0.999742	0.99698	1
0.00174414	0.217498	0.827822	0.827822	1	1	1	0.998641	0.938109	1
-0.0149116	-1.91664	0.0552931	0.244047	0.939982	0.829396	0.619766	0.573954	0.312268	1
0.0134833	1.68865	0.091297	0.25703	1	1	0.803585	0.762135	0.429315	1
-0.00323334	-0.401778	0.68785	0.68785	1	1	1	0.999673	0.908162	1
0.0113101	1.42462	0.154276	0.154276	1	1	0.942072	0.919011	0.62055	1
-0.000236134	-0.0295297	0.976442	0.976442	1	1	1	0.999997	0.976442	1
-0.00883081	-1.1014	0.270731	0.279287	1	1	0.995332	0.980027	0.767072	1
0.00819589	1.03059	0.302739	0.302739	1	1	0.997824	0.990793	0.897977	1
-0.00383098	-0.475824	0.634203	0.662327	1	1	1	0.999201	0.955217	1
-0.0137793	-1.75489	0.0792888	0.130704	1	1	0.754474	0.710365	0.406608	1
-0.0197056	-2.45551	0.014074	0.0418901	0.239257	0.234048	0.214124	0.209962	0.119629	0.411469
-0.00170058	-0.212176	0.831971	0.831971	1	1	1	0.999422	0.932347	1
-0.00555166	-0.69451	0.487368	0.499499	1	1	0.999988	0.997555	0.76744	1
-0.00632699	-0.792473	0.428091	0.428091	1	1	0.999925	0.999155	0.870636	1
0.0115084	1.44258	0.14915	0.173288	1	1	0.935805	0.924552	0.717691	1
-0.0124534	-1.57886	0.114379	0.114379	1	1	0.873172	0.856792	0.848852	1
0.0202737	2.55706	0.0105607	0.0388822	0.179533	0.179533	0.165137	0.165137	0.179533	0.617511
0.000704741	0.0877408	0.930083	0.930083	1	1	1	0.999973	0.997773	1
0.00251533	0.313906	0.753594	0.786004	1	1	1	0.998456	0.883619	1
0.0140186	1.76792	0.0770836	0.14239	1	1	0.744283	0.744283	0.664653	1
-0.00382944	-0.477274	0.633171	0.677315	1	1	1	0.995741	0.76885	1
-0.0153596	-1.91035	0.0560973	0.150891	0.953654	0.897556	0.625232	0.602959	0.330608	1
0.000966713	0.120369	0.904191	0.904191	1	1	1	0.999992	0.953279	1
-0.00470244	-0.58505	0.558518	0.558518	1	1	0.999999	0.999152	0.863165	1
0.00458633	0.577453	0.563638	0.563638	1	1	0.999999	0.999069	0.939844	1
-0.00144604	-0.181865	0.85569	0.85569	1	1	1	0.999998	0.970551	1
-0.0174754	-2.1845	0.0289331	0.0512196	0.491863	0.491863	0.392935	0.392935	0.491863	1
0.00567224	0.703702	0.481624	0.557531	1	1	0.999986	0.994786	0.818761	1
-0.00134333	-0.16866	0.866065	0.870143	1	1	1	0.998464	0.920194	1
-0.0228527	-2.85833	0.00426161	0.0127903	0.0724473	0.0681857	0.0700293	0.0660491	0.0362237	0.124593
0.00162998	0.203374	0.838844	0.851216	1	1	1	0.999094	0.880547	1
-0.0105843	-1.33688	0.181271	0.261426	1	1	0.966628	0.959239	0.796136	1
-0.00196384	-0.245991	0.805691	0.846265	1	1	1	0.99921	0.92471	1
0.00310042	0.390763	0.695975	0.695975	1	1	1	0.999683	0.910121	1
-0.00211768	-0.266742	0.78967	0.78967	1	1	1	0.999984	0.932586	1
0.00151578	0.191869	0.847846	0.89571	1	1	1	0.993824	0.900836	1
0.00177546	0.221941	0.824361	0.824361	1	1	1	0.999833	0.918789	1
-0.0114155	-1.43315	0.151825	0.151825	1	1	0.939151	0.939151	0.890741	1
-0.00886909	-1.10533	0.269023	0.269023	1	1	0.995143	0.982988	0.803732	1
-0.00379001	-0.470873	0.637735	0.637735	1	1	1	0.999222	0.843397	1
0.0179021	2.11966	0.0340439	0.153608	0.578746	0.549907	0.445022	0.428218	0.223365	0.768276
0.0157518	1.91313	0.0557416	0.185796	0.947607	0.947607	0.622824	0.622824	0.576955	1
0.0208432	2.49676	0.0125392	0.14118	0.213166	0.213166	0.193066	0.193066	0.115493	0.397243
0.0229326	2.75781	0.00582299	0.0601602	0.0989909	0.0989909	0.0945111	0.0945111	0.0989909	0.340484
0.0142737	1.69073	0.0908997	0.247701	1	1	0.80212	0.782335	0.610726	1
0.0116763	1.43098	0.152448	0.152448	1	1	0.939906	0.901297	0.647903	1
0.0178541	2.1552	0.0311551	0.138578	0.529637	0.529637	0.416122	0.416122	0.529637	1
0.0205641	2.50791	0.0121506	0.0889797	0.206559	0.206559	0.187651	0.187651	0.206559	0.710472
-0.000842812	-0.100523	0.91993	0.94915	1	1	1	0.999951	0.998955	1
-0.00167978	-0.202151	0.8398	0.877119	1	1	1	0.999563	0.924865	1
0.00427387	0.533777	0.5935	0.643215	1	1	1	0.999128	0.849977	1
0.0101911	1.28942	0.197263	0.197263	1	1	0.976136	0.970271	0.774597	1
0.0230098	2.7157	0.0066178	0.0551266	0.112503	0.112503	0.106739	0.106739	0.112503	0.386959
0.0138414	1.64853	0.0992563	0.150978	1	1	0.83087	0.812233	0.468218	1
0.0256068	3.10707	0.00189149	0.0141629	0.0321554	0.0321554	0.0316734	0.0316734	0.0321554	0.1106
0.0211825	2.5176	0.0118214	0.0907002	0.200964	0.200964	0.183037	0.183037	0.134872	0.4639
