0	0	0	0	0	0	0	0	0	0
-0.00979124	-0.308448	0.757743	0.757743	1	1	1	0.999843	0.955276	1
-0.00693205	-0.315838	0.752128	0.752128	1	1	1	0.999847	0.976735	1
-0.0046284	-0.129861	0.896677	0.91342	1	1	1	0.99903	0.896677	1
-0.00447017	-0.136252	0.891623	0.907172	1	1	1	0.999171	0.891623	1
-0.0247314	-0.822833	0.410609	0.467416	1	1	0.999875	0.997293	0.839619	1
-0.0175768	-0.868809	0.384958	0.384958	1	1	0.999742	0.995236	0.910238	1
0.00156659	0.0393008	0.968651	0.979133	1	1	1	0.996525	0.968651	1
0.000759958	0.0367359	0.970696	0.979507	1	1	1	0.996616	0.970696	1
-0.0150606	-0.43895	0.660701	0.687324	1	1	1	0.998474	0.912094	1
-0.00914642	-0.51934	0.603527	0.658723	1	1	1	0.99846	0.930188	1
0.032042	1.07925	0.280485	0.531199	1	1	0.996287	0.919795	0.433477	1
-0.00454575	-0.156036	0.876006	0.925161	1	1	1	0.99925	0.931134	1
-0.0465146	-1.31466	0.188634	0.373714	1	1	0.971379	0.933958	0.554893	1
-0.051057	-1.43019	0.152672	0.183366	1	1	0.940176	0.872737	0.432571	1
-0.0566622	-1.68531	0.0919378	0.0919378	1	1	0.805927	0.769138	0.486015	1
-0.0613412	-1.84836	0.0645588	0.145784	1	1	0.678427	0.656233	0.365038	1
1.42766e-05	0.000384719	0.999693	0.999693	1	1	1	0.999693	0.999693	1
-0.0483932	-1.31303	0.189181	0.369473	1	1	0.971705	0.955056	0.588955	1
0.0624214	1.62408	0.104368	0.104368	1	1	0.846466	0.786294	0.443563	1
-0.0223232	-0.590801	0.554658	0.726709	1	1	0.999999	0.982483	0.725322	1
-0.0043145	-0.107189	0.91464	0.91464	1	1	1	0.999044	0.918428	1
-0.052827	-1.29084	0.196769	0.198362	1	1	0.975885	0.962622	0.761106	1
0.0220029	0.577222	0.563794	0.595624	1	1	0.999999	0.998689	0.838282	1
0.0185152	0.486499	0.626617	0.626617	1	1	1	0.999675	0.784807	1
-0.0196463	-0.603906	0.54591	0.645638	1	1	0.999999	0.993269	0.773373	1
-0.0230053	-0.774578	0.438595	0.499499	1	1	0.999945	0.99446	0.803135	1
-0.00395151	-0.133885	0.893494	0.893494	1	1	1	0.999891	0.92559	1
-0.0313023	-1.02391	0.305886	0.499499	1	1	0.997985	0.9626	0.556798	1
-0.0302292	-0.980423	0.326885	0.434278	1	1	0.998805	0.983095	0.69463	1
0.0310341	0.849994	0.395335	0.395335	1	1	0.999807	0.997611	0.887629	1
0.00636374	0.172394	0.863129	0.863129	1	1	1	0.999952	0.942702	1
-0.00232617	-0.0639646	0.948999	0.953145	1	1	1	0.999327	0.948999	1
0.0167585	0.46361	0.64293	0.64293	1	1	1	0.999424	0.904218	1
0.0699065	1.71919	0.0855891	0.226145	1	1	0.781524	0.714254	0.363754	1
-0.0178303	-0.438586	0.660965	0.660965	1	1	1	0.999962	0.975012	1
0.035258	0.88203	0.377767	0.499499	1	1	0.999686	0.986018	0.661938	1
0.0210426	0.520384	0.6028	0.6028	1	1	1	0.999301	0.931599	1
0.00355619	0.104458	0.916807	0.921294	1	1	1	0.999942	0.974107	1
0.0456778	1.31956	0.186991	0.308323	1	1	0.970378	0.955184	0.616973	1
-0.0111049	-0.319206	0.749572	0.749572	1	1	1	0.999953	0.980525	1
-0.0205367	-0.586645	0.557446	0.557446	1	1	0.999999	0.998658	0.815544	1
0.00092704	0.0241152	0.980761	0.982331	1	1	1	0.999855	0.996029	1
-0.0352652	-0.912949	0.361276	0.383796	1	1	0.99951	0.995389	0.799385	1
0.0566941	1.48919	0.136448	0.190875	1	1	0.917414	0.904365	0.809874	1
0.0077276	0.208546	0.834804	0.834804	1	1	1	0.999881	0.912808	1
-0.0086994	-0.232115	0.81645	0.81645	1	1	1	0.999991	0.988689	1
-0.0336622	-0.875063	0.381546	0.387678	1	1	0.999717	0.994937	0.752665	1
0.00227594	0.0637313	0.949185	0.949185	1	1	1	0.999888	0.949185	1
0.038885	1.07326	0.28316	0.28316	1	1	0.996515	0.983931	0.71997	1
-0.0444655	-1.10314	0.269975	0.448384	1	1	0.995249	0.977088	0.615417	1
0.000640382	0.0168673	0.986543	0.986543	1	1	1	0.999989	0.986543	1
-0.100887	-2.56422	0.0103452	0.100478	0.175869	0.175869	0.16204	0.16204	0.175869	0.60491
-0.0187716	-0.476354	0.633826	0.646357	1	1	1	0.998452	0.762538	1
-0.0145251	-0.389931	0.69659	0.735391	1	1	1	0.997429	0.870086	1
0.000224158	0.00598905	0.995221	0.995221	1	1	1	0.999997	0.995697	1
-0.0169367	-0.434867	0.663662	0.676451	1	1	1	0.999351	0.850344	1
-0.0447022	-1.18862	0.234597	0.324125	1	1	0.98938	0.959572	0.576265	1
0.0271699	0.74896	0.453887	0.499499	1	1	0.999966	0.997369	0.857341	1
0.028831	0.78185	0.434308	0.499499	1	1	0.999938	0.994068	0.763445	1
-0.047554	-1.19085	0.233722	0.302798	1	1	0.989171	0.959014	0.662212	1
0.0387844	0.965979	0.334062	0.41819	1	1	0.999004	0.992393	0.790506	1
-0.0327398	-0.82477	0.409508	0.409508	1	1	0.999871	0.999269	0.871101	1
-0.0144488	-0.359185	0.719459	0.790124	1	1	1	0.987559	0.719459	1
-0.0106112	-0.271071	0.786338	0.786338	1	1	1	0.99882	0.906916	1
-0.0639556	-1.61498	0.106326	0.30347	1	1	0.852073	0.792743	0.451884	1
-0.0189121	-0.471031	0.637622	0.637622	1	1	1	0.998355	0.72194	1
-0.0331271	-0.840993	0.400358	0.400358	1	1	0.999832	0.993989	0.850761	1
-0.0689063	-1.92665	0.0540314	0.239859	0.918534	0.75644	0.611041	0.540512	0.229633	0.789836
-0.0125348	-0.352632	0.724366	0.769129	1	1	1	0.999561	0.961089	1
0.00406047	0.106321	0.915328	0.931792	1	1	1	0.999555	0.915328	1
0.0134286	0.371996	0.709898	0.709898	1	1	1	0.999993	0.996035	1
-0.0231526	-0.594583	0.552126	0.552126	1	1	0.999999	0.998482	0.82549	1
-0.0172822	-0.450096	0.652644	0.652644	1	1	1	0.99939	0.890716	1
0.0189231	0.487041	0.626233	0.626233	1	1	1	0.999858	0.912212	1
0.00759415	0.193813	0.846324	0.846324	1	1	1	0.999996	0.870011	1
0.0152066	0.386366	0.699228	0.75906	1	1	1	0.999639	0.914375	1
0.00487164	0.123245	0.901914	0.901914	1	1	1	0.999992	0.901914	1
0.0124365	0.40367	0.686458	0.686458	1	1	1	0.999963	0.979519	1
-0.0137334	-0.441072	0.659164	0.659164	1	1	1	0.999818	0.938432	1
-0.0312046	-0.902291	0.366909	0.366909	1	1	0.999578	0.993452	0.870552	1
-0.0119193	-0.335981	0.736887	0.736887	1	1	1	0.99894	0.883356	1
-0.0282181	-0.743911	0.456936	0.456936	1	1	0.999969	0.998788	0.867174	1
-0.0513137	-1.34805	0.177651	0.177651	1	1	0.964029	0.935536	0.679616	1
-0.095856	-3.12588	0.0017743	0.0017743	0.030163	0.030163	0.0297387	0.0297387	0.030163	0.103747
-0.0631897	-2.04818	0.0405504	0.0405504	0.689357	0.648806	0.50526	0.48435	0.344678	1
-0.0127707	-0.393273	0.69412	0.69412	1	1	1	0.999849	0.966407	1
0.0114774	0.354556	0.722925	0.781237	1	1	1	0.989906	0.762137	1
-0.00978444	-0.253755	0.799686	0.830357	1	1	1	0.999755	0.906311	1
-0.015108	-0.405791	0.684899	0.697821	1	1	1	0.998236	0.871341	1
0.0172455	0.531295	0.595218	0.666156	1	1	1	0.998563	0.878856	1
0.0536631	1.60135	0.109309	0.146319	1	1	0.860248	0.802222	0.409168	1
-0.016628	-0.471791	0.637079	0.637079	1	1	1	0.999891	0.936229	1
-0.01635	-0.467302	0.640287	0.666038	1	1	1	0.999106	0.752768	1
-0.00120017	-0.0311311	0.975165	0.975165	1	1	1	0.999998	0.993478	1
-0.0564992	-1.4556	0.145513	0.177	1	1	0.930977	0.889369	0.618431	1
-0.0122269	-0.380059	0.703904	0.703904	1	1	1	0.999664	0.879774	1
0.0146712	0.461824	0.644211	0.644211	1	1	1	0.999882	0.924952	1
0.0242331	0.661343	0.508397	0.508397	1	1	0.999994	0.999409	0.978073	1
-0.0192764	-0.52863	0.597066	0.639704	1	1	1	0.997212	0.780778	1
0.04304	1.24245	0.214081	0.271517	1	1	0.98335	0.961823	0.659216	1
0.0382448	1.09137	0.275119	0.410222	1	1	0.995788	0.970964	0.607434	1
0.00583875	0.15602	0.876019	0.884945	1	1	1	0.998679	0.879795	1
-0.0213453	-0.584595	0.558824	0.558824	1	1	0.999999	0.999367	0.941631	1
0.0173485	0.464371	0.642385	0.642385	1	1	1	0.999464	0.799943	1
0.016295	0.432453	0.665415	0.740535	1	1	1	0.9977	0.813367	1
0.0168633	0.442711	0.657978	0.755866	1	1	1	0.997689	0.798973	1
-0.0302736	-0.777573	0.436826	0.499499	1	1	0.999942	0.995429	0.81577	1
-0.0104693	-0.306691	0.759081	0.759081	1	1	1	0.999974	0.976991	1
0.0340301	0.994172	0.320146	0.320146	1	1	0.998584	0.995494	0.862497	1
0.0573887	1.54572	0.122183	0.153111	1	1	0.890889	0.816239	0.415421	1
0.0120828	0.331376	0.740362	0.809123	1	1	1	0.999336	0.85646	1
-0.0497849	-1.39545	0.16289	0.16289	1	1	0.951325	0.941854	0.975769	1
-0.00195789	-0.0564804	0.954959	0.95524	1	1	1	0.999949	0.954959	1
-0.0124815	-0.340955	0.73314	0.73314	1	1	1	0.99978	0.935128	1
0.0321866	0.912896	0.361304	0.446199	1	1	0.99951	0.989088	0.767771	1
0.0472385	1.2946	0.195468	0.380576	1	1	0.975212	0.926461	0.553826	1
-0.00841506	-0.235908	0.813506	0.86906	1	1	1	0.999424	0.911207	1
0.00885686	0.231039	0.817286	0.817286	1	1	1	0.999984	0.960185	1
0.0129976	0.341781	0.732518	0.732518	1	1	1	0.99917	0.889486	1
0.0406604	1.10736	0.268146	0.520789	1	1	0.995043	0.919936	0.455848	1
0.0106822	0.296155	0.767113	0.776683	1	1	1	0.999711	0.918529	1
-0.0283773	-0.748868	0.453942	0.630252	1	1	0.999966	0.985523	0.651087	1
-0.0363769	-0.997698	0.318433	0.541075	1	1	0.998522	0.954157	0.492124	1
-0.0482878	-1.24382	0.213575	0.353868	1	1	0.983167	0.955991	0.689386	1
-0.0576654	-1.52442	0.127413	0.281285	1	1	0.901429	0.887036	0.641043	1
-0.0527659	-1.29417	0.195616	0.481218	1	1	0.975289	0.893953	0.367182	1
-0.106635	-2.66152	0.0077826	0.0715489	0.132304	0.132304	0.124379	0.124379	0.132304	0.455067
-0.0106904	-0.259448	0.795291	0.821812	1	1	1	0.999912	0.931221	1
-0.0671274	-1.65109	0.0987302	0.123497	1	1	0.829183	0.789708	0.559471	1
-0.0260759	-0.777787	0.4367	0.588351	1	1	0.999942	0.989743	0.6749	1
-0.0125054	-0.368915	0.712193	0.712193	1	1	1	0.999966	0.980378	1
-0.0592293	-1.7497	0.0801794	0.206171	1	1	0.75848	0.686871	0.27261	0.937656
-0.0700629	-2.10888	0.0349623	0.0692738	0.594359	0.594359	0.453924	0.453924	0.594359	1
-0.010469	-0.290793	0.771211	0.771211	1	1	1	0.999458	0.86533	1
-0.0828338	-2.31333	0.0207107	0.0617172	0.352082	0.331372	0.299373	0.284556	0.176041	0.605503
-0.0126538	-0.349452	0.726753	0.778634	1	1	1	0.993863	0.772175	1
0.0250826	0.650125	0.515616	0.515616	1	1	0.999996	0.998078	0.820579	1
0.0335592	0.87669	0.380662	0.380662	1	1	0.99971	0.998027	0.945148	1
0.00181949	0.0490347	0.960892	0.960892	1	1	1	0.999983	0.990328	1
0.0132765	0.362092	0.717286	0.717286	1	1	1	0.999713	0.762116	1
-0.0369006	-1.0576	0.290245	0.290245	1	1	0.997057	0.99222	0.973302	1
-0.0122598	-0.307789	0.758245	0.811171	1	1	1	0.996886	0.920726	1
-0.0193017	-0.550426	0.582031	0.582031	1	1	1	0.999611	0.89519	1
0.0145743	0.382017	0.702451	0.702451	1	1	1	0.99922	0.820672	1
0.0547112	1.28775	0.197841	0.197841	1	1	0.976426	0.954328	0.629687	1
-0.0161992	-0.437186	0.66198	0.662568	1	1	1	0.999774	0.929928	1
-0.00155279	-0.0405212	0.967678	0.978979	1	1	1	0.999688	0.967678	1
0.0120383	0.289368	0.772301	0.772301	1	1	1	0.999507	0.795932	1
-0.0248188	-0.644452	0.519287	0.519287	1	1	0.999996	0.998537	0.72642	1
-0.0567329	-1.51179	0.130598	0.268154	1	1	0.907369	0.813512	0.356234	1
-0.0337329	-0.842548	0.399487	0.399487	1	1	0.999828	0.993902	0.84891	1
-0.0502566	-1.33892	0.180607	0.271488	1	1	0.966165	0.888207	0.438618	1
-0.0849724	-2.37581	0.0175161	0.248635	0.297774	0.262742	0.259488	0.232848	0.0992581	0.341404
-0.0218205	-0.58196	0.560597	0.699563	1	1	0.999999	0.990258	0.706988	1
-0.076124	-2.13779	0.0325413	0.216659	0.553202	0.488119	0.430162	0.391183	0.146917	0.505327
-0.071729	-1.98201	0.0474869	0.366036	0.807277	0.664816	0.562673	0.49395	0.201819	0.694168
-0.0385131	-1.00379	0.315486	0.480377	1	1	0.99841	0.977415	0.578585	1
-0.0613126	-1.68514	0.0919721	0.177322	1	1	0.806052	0.740947	0.316108	1
-0.0494178	-1.30733	0.191109	0.34341	1	1	0.972827	0.902996	0.464122	1
-0.0629298	-1.65445	0.0980453	0.262216	1	1	0.826962	0.764177	0.416692	1
-0.0668082	-1.76201	0.0780767	0.10639	1	1	0.74892	0.652438	0.265461	0.913066
0.0356139	0.937855	0.348326	0.499499	1	1	0.999311	0.981505	0.607677	1
-0.0965275	-2.41083	0.0159216	0.185729	0.270667	0.222903	0.238789	0.201241	0.0676668	0.232744
0.00212591	0.0557893	0.95551	0.9663	1	1	1	0.999699	0.983229	1
-0.06663	-1.96911	0.0489485	0.118672	0.832124	0.783176	0.573942	0.552014	0.35073	1
-0.00206577	-0.0571886	0.954395	0.954395	1	1	1	0.999979	0.95697	1
0.0236283	0.617145	0.537144	0.603717	1	1	0.999998	0.995449	0.79518	1
0.0581508	1.43586	0.151052	0.265029	1	1	0.938202	0.914254	0.617164	1
0.0469499	1.43879	0.150219	0.4231	1	1	0.937162	0.851447	0.364817	1
-0.0084646	-0.242417	0.808458	0.808458	1	1	1	0.999944	0.886934	1
-0.037514	-1.15539	0.24794	0.299038	1	1	0.992124	0.979688	0.772014	1
-0.0872878	-2.60802	0.00911091	0.0743051	0.154885	0.145774	0.144094	0.136225	0.0774427	0.266368
-0.0631196	-1.81899	0.0689216	0.240869	1	0.827059	0.702993	0.575542	0.169713	0.583737
0.0513082	1.70987	0.0872999	0.0872999	1	1	0.78837	0.768127	0.742049	1
0.00102591	0.0266998	0.978699	0.978699	1	1	1	0.999998	0.985345	1
-0.0109297	-0.351679	0.725081	0.725081	1	1	1	0.999881	0.847752	1
-0.0108722	-0.344801	0.730246	0.730246	1	1	1	0.999944	0.99418	1
0.0821736	2.22524	0.0260723	0.0260723	0.443229	0.417157	0.361804	0.344719	0.221615	0.762255
0.0292967	0.838016	0.402028	0.499499	1	1	0.99984	0.991724	0.752529	1
0.00136214	0.0354964	0.971684	0.979845	1	1	1	0.999808	0.986576	1
0.0283813	0.789743	0.429684	0.499499	1	1	0.999929	0.993617	0.811624	1
0.016342	0.43002	0.667184	0.715255	1	1	1	0.998641	0.934419	1
0.0251593	0.610073	0.541818	0.636345	1	1	0.999998	0.994081	0.732833	1
-0.0123345	-0.397914	0.690696	0.690696	1	1	1	0.999916	0.971022	1
-0.0354649	-1.02088	0.307317	0.307317	1	1	0.998054	0.994146	0.968417	1
0.0134399	0.420451	0.674159	0.774401	1	1	1	0.994044	0.748018	1
-0.0581218	-1.77438	0.0760099	0.220224	1	1	0.739178	0.717722	0.504087	1
-0.0267106	-0.845733	0.397708	0.499499	1	1	0.999819	0.989571	0.751227	1
0.0472034	1.48685	0.137065	0.239998	1	1	0.918413	0.890436	0.488265	1
-0.00473869	-0.165655	0.868429	0.874043	1	1	1	0.999598	0.98422	1
-0.0701961	-1.93036	0.053571	0.053571	0.910706	0.803564	0.60781	0.562154	0.303569	1
-0.0055053	-0.186978	0.851679	0.851679	1	1	1	0.999572	0.912858	1
-0.0538632	-1.5923	0.111328	0.180465	1	1	0.865536	0.815495	0.436575	1
-0.024654	-0.638766	0.52298	0.629617	1	1	0.999997	0.99438	0.767908	1
-0.0302859	-1.00084	0.316912	0.395782	1	1	0.998465	0.984431	0.673438	1
-0.046204	-1.16208	0.245211	0.267575	1	1	0.991624	0.974193	0.776816	1
0.0382865	1.05413	0.291832	0.330435	1	1	0.997167	0.984091	0.826857	1
0.00201908	0.0550714	0.956082	0.959219	1	1	1	0.999987	0.996643	1
0.0457699	1.13244	0.257458	0.257458	1	1	0.993658	0.984508	0.867593	1
0.104846	3.27276	0.00106615	0.0186495	0.0181246	0.0170585	0.0179709	0.0169228	0.00906232	0.0311703
-0.0286877	-0.847511	0.396717	0.499499	1	1	0.999814	0.989453	0.666844	1
0.0108401	0.344402	0.730546	0.730546	1	1	1	0.999912	0.883685	1
-0.0557292	-1.61736	0.10581	0.155013	1	1	0.850614	0.813169	0.599589	1
-0.0413009	-1.1908	0.233742	0.420388	1	1	0.989176	0.968604	0.545434	1
0.0136632	0.460215	0.645365	0.693081	1	1	1	0.99638	0.762885	1
0.00898348	0.234608	0.814514	0.86855	1	1	1	0.998892	0.814514	1
0.00593146	0.19154	0.848104	0.848104	1	1	1	0.999954	0.986308	1
-0.0277958	-0.92126	0.356922	0.380058	1	1	0.99945	0.996783	0.872542	1
0.0978805	2.66629	0.00767318	0.0123617	0.130444	0.130444	0.122736	0.122736	0.130444	0.448669
-0.0546565	-1.54651	0.12199	0.318705	1	1	0.890481	0.857934	0.544761	1
-0.018105	-0.481738	0.629995	0.701046	1	1	1	0.997967	0.832675	1
0.0583302	1.57862	0.114433	0.243188	1	1	0.873304	0.793995	0.359173	1
0.00362481	0.094616	0.92462	0.938704	1	1	1	0.994457	0.979199	1
0.00109996	0.0270711	0.978403	0.983994	1	1	1	0.996294	0.978403	1
0.0180781	0.562055	0.574082	0.710658	1	1	1	0.991166	0.750723	1
-0.0738334	-2.11603	0.0343502	0.187205	0.583953	0.549603	0.448006	0.428371	0.233387	0.802748
0.015295	0.477331	0.63313	0.63313	1	1	1	0.999719	0.958904	1
-0.0253143	-0.803254	0.421834	0.499499	1	1	0.99991	0.992781	0.698028	1
-0.044454	-1.24752	0.212215	0.361045	1	1	0.982665	0.942866	0.601276	1
-0.0185221	-0.572124	0.567242	0.628135	1	1	0.999999	0.993138	0.741778	1
-0.00762826	-0.273355	0.784582	0.784582	1	1	1	0.999978	0.916263	1
0.00309541	0.0865884	0.930999	0.930999	1	1	1	0.999976	0.965609	1
-0.028638	-0.986027	0.324127	0.430343	1	1	0.998719	0.993785	0.750741	1
-0.0582992	-1.72282	0.0849304	0.277781	1	1	0.778833	0.711359	0.360954	1
-0.00747097	-0.201285	0.840477	0.840477	1	1	1	0.999185	0.952541	1
-0.0027366	-0.0896101	0.928598	0.933588	1	1	1	0.996572	0.986635	1
0.0613289	1.43558	0.151131	0.191096	1	1	0.9383	0.88117	0.513847	1
-0.00692598	-0.169479	0.865421	0.865421	1	1	1	0.998857	0.865421	1
-0.0132579	-0.309832	0.756691	0.768492	1	1	1	0.999793	0.977169	1
-0.0140757	-0.329712	0.74162	0.772646	1	1	1	0.998283	0.787971	1
0.0047152	0.11232	0.91057	0.91057	1	1	1	0.999872	0.918867	1
0.00380613	0.0937742	0.925289	0.94199	1	1	1	0.994877	0.931652	1
-0.056119	-1.32323	0.185768	0.373823	1	1	0.969611	0.943705	0.595064	1
0.0803915	1.89086	0.0586516	0.244792	0.997077	0.879774	0.642104	0.596117	0.332359	1
0.025537	0.602264	0.547003	0.572216	1	1	0.999999	0.998227	0.847976	1
-0.0146609	-0.342856	0.731709	0.731709	1	1	1	0.999973	0.965567	1
0.0107793	0.254162	0.799372	0.803461	1	1	1	0.999724	0.859056	1
-0.0367642	-0.859011	0.390341	0.491109	1	1	0.999778	0.99516	0.754682	1
-0.010899	-0.258853	0.79575	0.829768	1	1	1	0.99907	0.851506	1
0.0451136	1.05013	0.293665	0.371145	1	1	0.997289	0.978167	0.713186	1
0.0310949	0.747399	0.454829	0.499499	1	1	0.999967	0.997077	0.796734	1
0.0246834	0.598873	0.549262	0.549262	1	1	0.999999	0.999554	0.974439	1
0.0326489	0.776155	0.437663	0.437663	1	1	0.999944	0.998222	0.978436	1
0.0172289	0.420635	0.674024	0.674024	1	1	1	0.999098	0.881417	1
0.0149437	0.351117	0.725503	0.760734	1	1	1	0.999775	0.971355	1
0.0505922	1.22166	0.221846	0.325516	1	1	0.985936	0.936654	0.53877	1
0.0296046	0.696816	0.485923	0.515158	1	1	0.999988	0.996683	0.826069	1
0.0330731	0.805591	0.420485	0.499499	1	1	0.999906	0.992628	0.794249	1
0.00325295	0.0791455	0.936917	0.936917	1	1	1	0.999662	0.936917	1
0.0289448	0.685724	0.492892	0.492892	1	1	0.99999	0.999711	0.956423	1
0.0163201	0.404103	0.68614	0.755927	1	1	1	0.996954	0.89726	1
-0.0012204	-0.0310784	0.975207	0.975207	1	1	1	0.99983	0.975207	1
0.0353245	0.85996	0.389818	0.43995	1	1	0.999775	0.995634	0.833078	1
-0.0399462	-0.970952	0.33158	0.499499	1	1	0.998939	0.97772	0.626317	1
0.0561648	1.38528	0.165978	0.217339	1	1	0.954289	0.905527	0.564325	1
0.0527141	1.21507	0.224347	0.242668	1	1	0.986685	0.971467	0.849673	1
0.0439963	1.04123	0.297775	0.52701	1	1	0.997545	0.94087	0.506218	1
0.0443421	1.0354	0.300491	0.401578	1	1	0.997701	0.984408	0.7054	1
-0.00529081	-0.129757	0.89676	0.924495	1	1	1	0.999193	0.931221	1
-0.0388093	-0.898662	0.368839	0.396322	1	1	0.9996	0.993668	0.895752	1
0.0634206	1.48175	0.138415	0.180616	1	1	0.920555	0.855831	0.464229	1
0.0293353	0.697234	0.485661	0.499499	1	1	0.999988	0.998896	0.828414	1
0.0283077	0.695998	0.486435	0.486435	1	1	0.999988	0.998724	0.939353	1
-0.0158629	-0.373496	0.708782	0.708782	1	1	1	0.998915	0.877971	1
0.112335	2.6526	0.00799142	0.0453072	0.135854	0.135854	0.127506	0.127506	0.135854	0.467278
0.018428	0.435782	0.662998	0.690619	1	1	1	0.999432	0.882436	1
-0.0159426	-0.373613	0.708695	0.708695	1	1	1	0.999946	0.890832	1
0.0677795	1.58617	0.112711	0.112711	1	1	0.869049	0.833667	0.638694	1
-0.0260949	-0.607343	0.543628	0.543628	1	1	0.999998	0.999141	0.922048	1
0.00589779	0.14011	0.888574	0.890918	1	1	1	0.998964	0.924898	1
-0.00380661	-0.0888638	0.929191	0.953057	1	1	1	0.999985	0.976414	1
0.0920412	2.20473	0.0274798	0.0274798	0.467157	0.467157	0.377303	0.377303	0.467157	1
0.0262525	0.635776	0.524927	0.636809	1	1	0.999997	0.991501	0.68712	1
0.0596714	1.42339	0.154634	0.154634	1	1	0.942488	0.887389	0.525756	1
0.00339158	0.0827759	0.93403	0.93403	1	1	1	1	0.999562	1
0.0201244	0.47064	0.637901	0.637901	1	1	1	0.998755	0.834178	1
0.0762928	1.83155	0.0670273	0.096956	1	1	0.692552	0.670464	0.478275	1
0.100304	2.37511	0.0175497	0.0571347	0.298345	0.298345	0.259918	0.259918	0.152126	0.523244
0.0834934	2.03607	0.0417516	0.0428151	0.709776	0.709776	0.515685	0.515685	0.307935	1
0.0290823	0.706611	0.479813	0.480697	1	1	0.999985	0.998549	0.941866	1
0.100556	2.34976	0.0187914	0.0187914	0.319453	0.300662	0.275659	0.261787	0.159727	0.549388
0.0315411	0.780037	0.435375	0.55794	1	1	0.99994	0.98963	0.636914	1
0.0366918	0.931021	0.35185	0.480191	1	1	0.999371	0.992455	0.704929	1
0.0341099	0.832426	0.405174	0.405174	1	1	0.999854	0.996702	0.823522	1
0.0591548	1.45559	0.145516	0.145516	1	1	0.930981	0.889374	0.589872	1
0.0523998	1.2825	0.199676	0.342089	1	1	0.977326	0.955769	0.661362	1
0.0327577	0.754635	0.450474	0.450474	1	1	0.999962	0.998989	0.997391	1
0.0180193	0.424863	0.67094	0.701787	1	1	1	0.999582	0.918523	1
-0.0557856	-1.24346	0.21371	0.21371	1	1	0.983215	0.972852	0.96303	1
-0.0148956	-0.330467	0.74105	0.767378	1	1	1	0.998578	0.886817	1
0.0832666	1.8704	0.0614376	0.285102	1	0.921563	0.659691	0.61368	0.348146	1
0.0426679	0.957255	0.338446	0.540869	1	1	0.99911	0.963312	0.556046	1
0.0561286	1.27319	0.20296	0.499499	1	1	0.978857	0.870186	0.383369	1
0.0808642	1.82029	0.0687253	0.422616	1	0.824703	0.701927	0.574466	0.194722	0.669755
0.0254791	0.557935	0.576893	0.684425	1	1	1	0.997573	0.89115	1
0.0932913	2.04284	0.0410777	0.283672	0.69832	0.616165	0.509862	0.46697	0.149114	0.512886
-0.0419075	-1.00393	0.315419	0.315419	1	1	0.998407	0.992747	0.985518	1
-0.0484223	-1.17808	0.238773	0.238773	1	1	0.990323	0.978062	0.691119	1
0.00418511	0.0962327	0.923336	0.953701	1	1	1	0.995441	0.923336	1
0.056873	1.31851	0.187344	0.187344	1	1	0.970595	0.955475	0.570868	1
0.0160151	0.358561	0.719926	0.719926	1	1	1	0.999751	0.943259	1
0.024788	0.549125	0.582924	0.582924	1	1	1	0.999123	0.707836	1
0.0267853	0.758245	0.44831	0.589703	1	1	0.999959	0.991419	0.685077	1
-0.0169116	-0.423774	0.671734	0.74629	1	1	1	0.992704	0.815676	1
0.0542533	1.29859	0.194096	0.223895	1	1	0.974484	0.912512	0.471375	1
0.00227055	0.0558826	0.955436	0.955436	1	1	1	0.999989	0.955929	1
-0.033539	-0.800508	0.423423	0.455034	1	1	0.999914	0.997659	0.842916	1
-0.0219149	-0.508934	0.610802	0.610802	1	1	1	0.999644	0.900618	1
-0.00967925	-0.259764	0.795048	0.839262	1	1	1	0.998472	0.965415	1
0.0325462	0.780379	0.435174	0.582884	1	1	0.999939	0.989641	0.739796	1
0.0462334	1.09471	0.273652	0.273652	1	1	0.99564	0.974978	0.664583	1
-0.0120296	-0.297571	0.766033	0.766033	1	1	1	0.999875	0.93343	1
0.000831136	0.020518	0.98363	0.98363	1	1	1	0.99998	0.98363	1
-0.0323289	-0.803118	0.421913	0.479007	1	1	0.99991	0.995832	0.829991	1
-0.0465456	-1.16896	0.242428	0.370096	1	1	0.991083	0.950206	0.515159	1
-0.0019084	-0.0466744	0.962773	0.974198	1	1	1	0.999709	0.962773	1
0.00410302	0.100309	0.9201	0.929415	1	1	1	0.99953	0.965201	1
-0.0262673	-0.648867	0.516429	0.516429	1	1	0.999996	0.998554	0.816572	1
-0.0501537	-1.24909	0.211643	0.477478	1	1	0.982449	0.925973	0.444047	1
0.0253969	0.601077	0.547793	0.613896	1	1	0.999999	0.997746	0.77604	1
-0.0157172	-0.373991	0.708414	0.708414	1	1	1	0.999833	0.933285	1
0.0213105	0.500027	0.61706	0.648503	1	1	1	0.999538	0.88045	1
0.0031367	0.0733876	0.941498	0.943657	1	1	1	0.999991	0.990189	1
0.00259982	0.0609782	0.951377	0.962639	1	1	1	0.99931	0.967061	1
-0.0128063	-0.300306	0.763945	0.763945	1	1	1	0.999987	0.977793	1
-0.00852855	-0.210511	0.833271	0.833271	1	1	1	0.999993	0.96004	1
-0.0217357	-0.550462	0.582006	0.582006	1	1	1	0.999602	0.824509	1
-0.048243	-1.12955	0.258675	0.411442	1	1	0.993832	0.979577	0.666923	1
-0.0554897	-1.30394	0.192264	0.365081	1	1	0.97348	0.949676	0.549644	1
-0.0178154	-0.407906	0.683346	0.683346	1	1	1	0.999968	0.982887	1
-0.0247429	-0.573876	0.566056	0.566056	1	1	0.999999	0.999763	0.873641	1
-0.0104299	-0.255839	0.798077	0.798077	1	1	1	0.99952	0.904487	1
-0.0344243	-0.841198	0.400244	0.400244	1	1	0.999832	0.996388	0.888289	1
-0.00898598	-0.210003	0.833667	0.839867	1	1	1	0.999595	0.856843	1
-0.00525442	-0.123315	0.901859	0.901859	1	1	1	0.999991	0.982067	1
-0.0191553	-0.472932	0.636265	0.779551	1	1	1	0.993533	0.699512	1
-0.00911009	-0.224832	0.822111	0.834614	1	1	1	0.998768	0.873493	1
0.0382552	0.90244	0.36683	0.420535	1	1	0.999577	0.995848	0.76044	1
-0.00544934	-0.129912	0.896637	0.927686	1	1	1	0.998896	0.983364	1
0.0353737	0.835983	0.403171	0.499499	1	1	0.999845	0.990392	0.745841	1
0.0443439	1.04902	0.294178	0.467136	1	1	0.997322	0.969722	0.593113	1
0.0130971	0.344129	0.730752	0.81854	1	1	1	0.982048	0.776424	1
0.01637	0.433037	0.664991	0.743227	1	1	1	0.991021	0.801722	1
-0.0227518	-0.527896	0.597575	0.685871	1	1	1	0.998291	0.866858	1
-0.0151271	-0.351431	0.725268	0.725268	1	1	1	0.999653	0.892837	1
-0.054566	-1.3172	0.18778	0.307227	1	1	0.970863	0.91757	0.532044	1
-0.0387707	-0.94394	0.345208	0.345208	1	1	0.999252	0.992646	0.838362	1
-0.0580342	-1.33246	0.18272	0.18272	1	1	0.967618	0.940682	0.776561	1
-0.0207378	-0.474388	0.635226	0.669594	1	1	1	0.997756	0.74256	1
-0.06893	-1.64786	0.0993909	0.142812	1	1	0.831299	0.769055	0.363121	1
-0.0184598	-0.428247	0.668474	0.789557	1	1	1	0.999192	0.840338	1
-0.027231	-0.701711	0.482865	0.546688	1	1	0.999986	0.995456	0.796618	1
-0.0352465	-0.846808	0.397109	0.499499	1	1	0.999816	0.989477	0.682613	1
-0.00200196	-0.0525453	0.958095	0.958095	1	1	1	0.999984	0.999922	1
0.0111695	0.288863	0.772688	0.772688	1	1	1	0.99988	0.899734	1
0.00895192	0.228955	0.818906	0.861765	1	1	1	0.998749	0.866769	1
-0.0020996	-0.0573594	0.954259	0.963004	1	1	1	0.999944	0.960764	1
-0.0592481	-1.38194	0.167002	0.231517	1	1	0.955234	0.922551	0.496824	1
-0.0243027	-0.562867	0.57353	0.57353	1	1	0.999999	0.999541	0.814183	1
-0.0195066	-0.474303	0.635288	0.69056	1	1	1	0.995251	0.830761	1
-0.0336219	-0.817449	0.413678	0.499499	1	1	0.999886	0.995483	0.781392	1
-0.060652	-1.51916	0.128733	0.298697	1	1	0.903934	0.833289	0.437693	1
-0.0350498	-0.84565	0.397755	0.536444	1	1	0.99982	0.980849	0.548725	1
-0.0645163	-1.68938	0.0911577	0.26109	1	1	0.803073	0.722702	0.309936	1
-0.0314214	-0.837516	0.402309	0.454607	1	1	0.999841	0.996452	0.848968	1
0.0494366	1.25453	0.209659	0.489579	1	1	0.981683	0.911403	0.388994	1
0.0585578	1.42698	0.153594	0.377263	1	1	0.941273	0.840278	0.373015	1
-0.028493	-0.765472	0.443996	0.644773	1	1	0.999954	0.979528	0.628995	1
-0.0204436	-0.532346	0.59449	0.611179	1	1	1	0.997196	0.788565	1
-0.0203032	-0.539053	0.589854	0.589854	1	1	1	0.999199	0.937762	1
-0.00765604	-0.197123	0.843733	0.868866	1	1	1	0.996184	0.951579	1
0.0202138	0.505031	0.613541	0.779816	1	1	1	0.994172	0.747024	1
-0.0121585	-0.296639	0.766744	0.779614	1	1	1	0.998786	0.814666	1
0.0157698	0.418183	0.675816	0.675816	1	1	1	0.999472	0.882165	1
0.0168591	0.446596	0.65517	0.65517	1	1	1	0.999972	0.920471	1
0.0311935	0.866456	0.386247	0.418265	1	1	0.999751	0.992415	0.820775	1
0.00754153	0.206115	0.836702	0.891347	1	1	1	0.998563	0.836702	1
0.0133047	0.351415	0.72528	0.770927	1	1	1	0.99957	0.9636	1
0.0252525	0.652197	0.514279	0.633256	1	1	0.999995	0.996902	0.873212	1
-0.0117236	-0.297899	0.765782	0.765782	1	1	1	0.999835	0.987262	1
0.0317924	0.817672	0.413551	0.441087	1	1	0.999885	0.995188	0.870762	1
-0.0178531	-0.457225	0.647513	0.647513	1	1	1	0.999966	0.961121	1
-0.0220439	-0.56773	0.570223	0.685	1	1	0.999999	0.997292	0.824681	1
0.0197783	0.52447	0.599955	0.599955	1	1	1	0.999738	0.892117	1
0.01045	0.277174	0.781649	0.781649	1	1	1	0.99979	0.908138	1
0.0171737	0.449069	0.653385	0.747396	1	1	1	0.997878	0.793396	1
-0.028434	-0.728907	0.466064	0.466064	1	1	0.999977	0.998117	0.935004	1
-0.00867385	-0.21621	0.828825	0.865264	1	1	1	0.999141	0.988167	1
-0.0159831	-0.386482	0.699143	0.714093	1	1	1	0.99892	0.787629	1
-0.0160812	-0.429236	0.667754	0.667754	1	1	1	0.999832	0.958903	1
-0.0020813	-0.0545172	0.956523	0.956523	1	1	1	0.999486	0.956523	1
0.0281217	0.718443	0.47249	0.47249	1	1	0.999981	0.998332	0.946767	1
0.0174243	0.433736	0.664484	0.664484	1	1	1	0.998849	0.818073	1
-0.0146462	-0.405562	0.685067	0.762234	1	1	1	0.998793	0.895857	1
-0.00760358	-0.204456	0.837999	0.837999	1	1	1	0.999085	0.892375	1
0.0556575	1.39731	0.16233	0.318093	1	1	0.950769	0.916243	0.600168	1
0.00786103	0.204858	0.837684	0.916497	1	1	1	0.995724	0.889942	1
0.0297443	0.733833	0.463056	0.463056	1	1	0.999974	0.999321	0.992071	1
-0.0020404	-0.0485559	0.961274	0.961274	1	1	1	0.999975	0.97264	1
-0.0773858	-1.78257	0.0746656	0.359975	1	1	0.732651	0.711079	0.356127	1
0.100526	2.44638	0.0144353	0.0993837	0.245401	0.245401	0.219007	0.219007	0.245401	0.844068
0.0234108	0.55178	0.581103	0.695653	1	1	1	0.992457	0.705625	1
0.00873783	0.216991	0.828217	0.828217	1	1	1	0.999389	0.87998	1
0.0158108	0.385072	0.700187	0.700187	1	1	1	0.999971	0.963471	1
-0.0731779	-1.76271	0.0779587	0.113641	1	1	0.748374	0.704025	0.374752	1
0.020374	0.467942	0.63983	0.675534	1	1	1	0.999214	0.941427	1
0.0330064	0.757526	0.44874	0.499499	1	1	0.99996	0.995299	0.726049	1
-0.0254413	-0.604713	0.545374	0.546774	1	1	0.999998	0.998319	0.772613	1
-0.00054609	-0.0129954	0.989632	0.991214	1	1	1	0.997946	0.989632	1
-0.0616379	-1.58693	0.11254	0.126524	1	1	0.868619	0.851959	0.506473	1
-0.0695449	-1.73881	0.0820783	0.0820783	1	1	0.766817	0.766817	0.993432	1
-0.0491172	-1.13787	0.255183	0.279581	1	1	0.993319	0.978291	0.762716	1
-0.0150319	-0.351871	0.724938	0.724938	1	1	1	0.999881	0.998903	1
0.0120303	0.281151	0.778597	0.778597	1	1	1	0.999965	0.975112	1
0.029837	0.708042	0.478925	0.478925	1	1	0.999985	0.999035	0.946285	1
0.0233377	0.589101	0.555798	0.722087	1	1	0.999999	0.992318	0.776683	1
-0.0758065	-1.88049	0.0600514	0.154777	1	0.840719	0.651044	0.579798	0.255218	0.877837
-0.0344953	-0.789396	0.429887	0.557593	1	1	0.999929	0.982817	0.609006	1
-0.0232822	-0.538731	0.590076	0.663591	1	1	1	0.995597	0.745007	1
0.0482112	1.10209	0.27043	0.27043	1	1	0.9953	0.987896	0.955518	1
-0.0128278	-0.29629	0.767011	0.767011	1	1	1	0.999927	0.930059	1
-0.0112472	-0.255326	0.798473	0.815364	1	1	1	0.996115	0.798473	1
-0.00806327	-0.183798	0.854173	0.901342	1	1	1	0.998301	0.916554	1
-0.0474451	-1.11583	0.264504	0.342626	1	1	0.994607	0.974941	0.681444	1
-0.0897904	-2.13064	0.0331264	0.147251	0.563149	0.530023	0.435993	0.416669	0.236246	0.812579
0.00139416	0.0336685	0.973142	0.973142	1	1	1	0.999982	0.973142	1
-0.0299754	-0.713599	0.475481	0.475481	1	1	0.999983	0.999203	0.975469	1
-0.0345141	-0.799059	0.424262	0.593978	1	1	0.999916	0.979031	0.655678	1
-0.00468639	-0.109302	0.912964	0.938134	1	1	1	0.999999	0.986981	1
-0.0472732	-1.0798	0.280239	0.461515	1	1	0.996266	0.977487	0.608346	1
-0.0531545	-1.21926	0.222755	0.222755	1	1	0.986213	0.952403	0.569663	1
0.0134842	0.324209	0.745782	0.845664	1	1	1	0.998938	0.906375	1
0.00208976	0.0492895	0.960689	0.965648	1	1	1	0.999921	0.966928	1
0.0110824	0.257828	0.796542	0.826161	1	1	1	0.998286	0.943135	1
-0.0120522	-0.281692	0.778181	0.81903	1	1	1	0.997548	0.842618	1
0.00243044	0.0560742	0.955283	0.957835	1	1	1	0.998643	0.955283	1
-0.0542293	-1.23849	0.215543	0.217252	1	1	0.983868	0.966583	0.762343	1
0.0251687	0.609409	0.542258	0.656915	1	1	0.999998	0.995789	0.838035	1
-0.0237659	-0.582875	0.559982	0.699043	1	1	0.999999	0.98265	0.635807	1
0.0204407	0.468033	0.639764	0.705081	1	1	1	0.997815	0.906333	1
-0.0167863	-0.379406	0.704389	0.760045	1	1	1	0.999803	0.931233	1
0.0126348	0.283865	0.776516	0.85427	1	1	1	0.988838	0.880051	1
-0.0196897	-0.446064	0.655554	0.655554	1	1	1	0.99938	0.928702	1
-0.0316144	-0.717534	0.47305	0.47305	1	1	0.999981	0.998349	0.890123	1
-0.0100328	-0.229121	0.818777	0.880134	1	1	1	0.996908	0.86995	1
-0.0538976	-1.24723	0.212323	0.447956	1	1	0.982705	0.9268	0.451187	1
-0.0368026	-0.87392	0.382169	0.499499	1	1	0.999722	0.99255	0.62867	1
-0.0429415	-1.27904	0.200894	0.385945	1	1	0.977906	0.932197	0.544707	1
-0.00755123	-0.187315	0.851415	0.876884	1	1	1	0.998578	0.964937	1
-0.00198704	-0.0520681	0.958475	0.958475	1	1	1	0.999928	0.972357	1
-0.0215501	-0.552175	0.580832	0.580832	1	1	1	0.999683	0.910479	1
-0.00737746	-0.188096	0.850803	0.863183	1	1	1	0.998916	0.903978	1
-0.0227331	-0.621497	0.534277	0.601909	1	1	0.999998	0.992791	0.756893	1
-0.0425288	-1.00007	0.317284	0.381267	1	1	0.998479	0.993031	0.83212	1
-0.00191963	-0.0449127	0.964177	0.974032	1	1	1	0.9999	0.964177	1
-0.021115	-0.50199	0.615678	0.708042	1	1	1	0.997545	0.805118	1
-0.0302364	-0.717633	0.472989	0.489904	1	1	0.999981	0.998347	0.911913	1
-0.0760959	-2.10925	0.0349313	0.0349313	0.593832	0.523969	0.453626	0.413357	0.197944	0.680838
-0.0734879	-1.87442	0.0608817	0.168092	1	0.913226	0.656248	0.610233	0.31583	1
-0.0604929	-1.85296	0.0638974	0.206424	1	0.782425	0.674539	0.553787	0.181043	0.622706
-0.0286051	-0.84587	0.397632	0.599374	1	1	0.999819	0.971224	0.614522	1
0.0437817	1.10666	0.268449	0.451354	1	1	0.995078	0.980021	0.606516	1
0.035085	0.851509	0.394493	0.486561	1	1	0.999802	0.995988	0.728082	1
-0.00952913	-0.258032	0.796384	0.825827	1	1	1	0.999923	0.861824	1
-0.0384383	-1.00358	0.315587	0.41549	1	1	0.998414	0.99277	0.667048	1
-0.00290544	-0.0716843	0.942854	0.96002	1	1	1	0.998565	0.942854	1
-0.000481839	-0.011694	0.99067	0.99067	1	1	1	0.999592	0.99067	1
0.0286344	0.736947	0.46116	0.579937	1	1	0.999973	0.988121	0.712702	1
-0.0246983	-0.627575	0.530287	0.542591	1	1	0.999997	0.997515	0.75124	1
0.0174181	0.439026	0.660646	0.660646	1	1	1	0.999482	0.949661	1
0.00346602	0.0866168	0.930977	0.93575	1	1	1	0.999266	0.989163	1
0.00880231	0.235183	0.814069	0.814069	1	1	1	0.999432	0.982199	1
-0.033242	-0.885783	0.375742	0.499499	1	1	0.999668	0.991838	0.630344	1
0.00759435	0.211375	0.832596	0.832596	1	1	1	0.999942	0.904444	1
0.0187637	0.505676	0.613088	0.699095	1	1	1	0.998702	0.892504	1
-0.0218643	-0.549637	0.582573	0.648206	1	1	1	0.992092	0.761826	1
0.0163257	0.412666	0.679855	0.679855	1	1	1	0.999601	0.825538	1
-0.0323728	-0.859372	0.390142	0.499499	1	1	0.999777	0.98833	0.626515	1
-0.0329228	-0.872574	0.382902	0.625391	1	1	0.999727	0.966696	0.591758	1
0.00705622	0.182154	0.855463	0.918018	1	1	1	0.982036	0.908929	1
0.00465369	0.119877	0.904581	0.938826	1	1	1	0.999196	0.950648	1
0.0514934	1.24814	0.211988	0.271417	1	1	0.98258	0.942668	0.600633	1
-0.0324582	-0.78619	0.431762	0.590716	1	1	0.999933	0.97693	0.611663	1
0.0271556	0.692493	0.488633	0.662849	1	1	0.999989	0.983566	0.69223	1
0.0234459	0.585429	0.558264	0.675015	1	1	0.999999	0.99257	0.790873	1
-0.0233613	-0.600395	0.548247	0.548247	1	1	0.999999	0.999274	0.825711	1
0.00965683	0.246493	0.805302	0.805302	1	1	1	0.999478	0.906904	1
0.0287736	0.741058	0.458664	0.485977	1	1	0.999971	0.99883	0.707123	1
0.0147532	0.363505	0.71623	0.719399	1	1	1	0.999522	0.853957	1
-0.0569482	-1.4807	0.138696	0.369082	1	1	0.920995	0.806483	0.336834	1
-0.0463506	-1.19495	0.232116	0.232116	1	1	0.988779	0.967726	0.692335	1
0.00561463	0.136869	0.891135	0.891135	1	1	1	0.999855	0.99064	1
-0.0083524	-0.209333	0.834189	0.860571	1	1	1	0.999751	0.886326	1
-0.0138684	-0.34077	0.733279	0.733279	1	1	1	0.999988	0.988931	1
-0.0165613	-0.397172	0.691243	0.691243	1	1	1	0.999985	0.970896	1
0.00805325	0.193401	0.846646	0.846646	1	1	1	0.999928	0.911694	1
-0.0649141	-1.51869	0.128851	0.401508	1	1	0.904154	0.78071	0.290678	0.999803
-0.0116145	-0.289517	0.772187	0.772187	1	1	1	0.999908	0.886629	1
0.0206469	0.506994	0.612163	0.612163	1	1	1	0.999716	0.80052	1
0.00880921	0.205259	0.837371	0.837371	1	1	1	0.999797	0.999006	1
0.00795544	0.216291	0.828762	0.860472	1	1	1	0.999853	0.968339	1
-0.0649597	-1.51002	0.131049	0.131049	1	1	0.908183	0.878401	0.633299	1
-0.0554177	-1.27498	0.202325	0.32754	1	1	0.978569	0.966319	0.625477	1
-0.0146299	-0.360808	0.718246	0.7326	1	1	1	0.999319	0.81641	1
-0.0272859	-0.670887	0.502298	0.502298	1	1	0.999993	0.998871	0.864331	1
0.00166825	0.040369	0.967799	0.97269	1	1	1	0.999914	0.967799	1
0.0228211	0.559614	0.575747	0.628839	1	1	1	0.99895	0.897658	1
-0.0329972	-0.78358	0.433292	0.540898	1	1	0.999936	0.989362	0.736597	1
-0.0195132	-0.471394	0.637363	0.69073	1	1	1	0.997726	0.901012	1
0.0257155	0.632799	0.52687	0.52687	1	1	0.999997	0.99916	0.814253	1
0.0458943	1.11705	0.263982	0.499499	1	1	0.994541	0.936614	0.498633	1
-0.0308214	-0.738357	0.460303	0.691601	1	1	0.999972	0.987341	0.711378	1
0.0160557	0.383444	0.701393	0.701393	1	1	1	0.999468	0.917206	1
-0.00235028	-0.055421	0.955803	0.955803	1	1	1	0.99988	0.955803	1
0.00507557	0.119949	0.904524	0.9208	1	1	1	0.999917	0.999942	1
0.000512355	0.0121727	0.990288	0.994288	1	1	1	0.999823	0.990288	1
0.0119884	0.280233	0.7793	0.7793	1	1	1	0.999924	0.941832	1
0.0169583	0.4388	0.660809	0.680158	1	1	1	0.996826	0.748917	1
0.0190241	0.495833	0.620016	0.623112	1	1	1	0.999565	0.88309	1
0.0590834	1.46402	0.143199	0.269012	1	1	0.927729	0.865896	0.411784	1
0.0614251	1.49099	0.135974	0.28023	1	1	0.916641	0.826891	0.331587	1
0.0199336	0.471811	0.637065	0.675976	1	1	1	0.999171	0.805673	1
0.0360783	0.859202	0.390236	0.499499	1	1	0.999777	0.988346	0.708905	1
0.00757234	0.188806	0.850246	0.850246	1	1	1	0.999989	0.990519	1
0.0319377	0.800094	0.423663	0.499499	1	1	0.999915	0.99433	0.800252	1
0.0185891	0.451264	0.651803	0.663895	1	1	1	0.99842	0.788131	1
0.0217642	0.521994	0.601679	0.601679	1	1	1	0.999366	0.936551	1
0.0148715	0.395424	0.692533	0.735302	1	1	1	0.994632	0.784871	1
0.00691422	0.182213	0.855417	0.855417	1	1	1	0.999913	0.90888	1
-0.0247204	-0.608743	0.5427	0.624339	1	1	0.999998	0.990648	0.658992	1
-0.00715948	-0.174974	0.861102	0.869472	1	1	1	0.999809	0.924241	1
-0.0291063	-0.696522	0.486108	0.489453	1	1	0.999988	0.998716	0.805626	1
-0.000952785	-0.0225643	0.981998	0.983336	1	1	1	0.999848	0.994271	1
-0.0221706	-0.597302	0.55031	0.722543	1	1	0.999999	0.996281	0.759472	1
-0.00102182	-0.0273684	0.978166	0.97947	1	1	1	0.996846	0.978166	1
0.0170151	0.410308	0.681583	0.751605	1	1	1	0.99624	0.786188	1
0.0293536	0.695206	0.486931	0.499499	1	1	0.999988	0.997536	0.739396	1
-0.00935577	-0.245197	0.806306	0.806306	1	1	1	0.999946	0.913813	1
0.00286377	0.07393	0.941067	0.941067	1	1	1	0.999687	0.941067	1
0.0538944	1.28376	0.199235	0.309454	1	1	0.977113	0.955427	0.697569	1
0.00557458	0.135521	0.892201	0.906845	1	1	1	0.99998	0.988858	1
0.0105198	0.242921	0.808068	0.822701	1	1	1	0.999198	0.981226	1
0.0498121	1.19172	0.233381	0.294994	1	1	0.989089	0.968411	0.749162	1
-0.0109185	-0.259505	0.795247	0.795247	1	1	1	0.999926	0.920073	1
-0.0197374	-0.477424	0.633064	0.663912	1	1	1	0.995972	0.678843	1
0.00769139	0.19606	0.844565	0.844565	1	1	1	0.999995	0.952544	1
0.0248966	0.610026	0.541849	0.541849	1	1	0.999998	0.999914	0.924828	1
0.0313646	0.77706	0.43713	0.511233	1	1	0.999943	0.993067	0.74312	1
0.00270004	0.0733365	0.941539	0.951219	1	1	1	0.999936	0.973513	1
-0.0523573	-1.22122	0.222014	0.222014	1	1	0.985987	0.970242	0.862826	1
-0.0243278	-0.563918	0.572814	0.572814	1	1	0.999999	0.999284	0.79829	1
-0.0108217	-0.267875	0.788798	0.788798	1	1	1	0.999961	0.961087	1
-0.0207328	-0.51402	0.607241	0.607241	1	1	1	0.999833	0.982073	1
-0.0265606	-0.639803	0.522306	0.602268	1	1	0.999996	0.994352	0.739933	1
-0.00499223	-0.120143	0.904371	0.911703	1	1	1	0.999795	0.964933	1
-0.058572	-1.37863	0.16802	0.429023	1	1	0.956155	0.867797	0.408048	1
-0.0268121	-0.647709	0.517178	0.579197	1	1	0.999996	0.993883	0.799275	1
0.0478015	1.18456	0.236201	0.326226	1	1	0.989752	0.948385	0.524687	1
0.0663578	1.64275	0.100445	0.279079	1	1	0.834624	0.687891	0.213622	0.734765
-0.0307151	-0.80615	0.420163	0.420163	1	1	0.999905	0.998556	0.771374	1
-0.0148931	-0.38612	0.699411	0.770644	1	1	1	0.997809	0.84539	1
-0.046012	-1.17135	0.241468	0.476108	1	1	0.990889	0.96185	0.50432	1
-0.0214801	-0.532053	0.594693	0.678058	1	1	1	0.999272	0.965832	1
0.0205915	0.492806	0.622153	0.712031	1	1	1	0.99709	0.881384	1
-0.0105684	-0.250401	0.802279	0.817098	1	1	1	0.998186	0.909249	1
0.0125563	0.326164	0.744302	0.744302	1	1	1	0.999808	0.85711	1
0.0238938	0.628116	0.529932	0.529932	1	1	0.999997	0.999496	0.960596	1
0.0297388	0.793433	0.427532	0.505274	1	1	0.999924	0.994022	0.726804	1
0.00866257	0.230209	0.817931	0.825929	1	1	1	0.998484	0.926989	1
0.013643	0.349155	0.726975	0.726975	1	1	1	0.999936	0.970739	1
0.0188486	0.476843	0.633477	0.633477	1	1	1	0.99867	0.851805	1
-0.00232971	-0.058359	0.953463	0.964458	1	1	1	0.99998	0.98249	1
0.035085	0.885303	0.376	0.499499	1	1	0.99967	0.985656	0.688865	1
-0.0257932	-0.623929	0.532679	0.532679	1	1	0.999998	0.998937	0.879521	1
-0.036947	-0.907892	0.363943	0.393098	1	1	0.999544	0.993106	0.790066	1
0.024848	0.631548	0.527687	0.527687	1	1	0.999997	0.99883	0.865634	1
0.0131913	0.336515	0.736485	0.736485	1	1	1	0.999989	0.988779	1
-0.0178868	-0.439928	0.659993	0.756746	1	1	1	0.996492	0.798279	1
-0.0117701	-0.287653	0.773614	0.821119	1	1	1	0.999405	0.91516	1
-0.0298555	-0.708666	0.478537	0.499499	1	1	0.999984	0.998239	0.858445	1
-0.0686946	-1.6049	0.108526	0.28001	1	1	0.858145	0.806338	0.461237	1
0.00374102	0.0986683	0.921402	0.932947	1	1	1	0.999781	0.949513	1
-0.0114164	-0.30029	0.763958	0.831153	1	1	1	0.998164	0.775844	1
0.0308322	0.752952	0.451484	0.509421	1	1	0.999963	0.994751	0.681102	1
0.00825672	0.200746	0.840899	0.840899	1	1	1	0.999951	0.966046	1
0.0437445	1.15291	0.248955	0.248955	1	1	0.992303	0.975809	0.846446	1
0.0201468	0.528215	0.597354	0.649081	1	1	1	0.99924	0.868141	1
0.0661815	1.55064	0.120997	0.198491	1	1	0.888356	0.872988	0.716536	1
0.0282282	0.677738	0.497943	0.521545	1	1	0.999992	0.997464	0.729197	1
0.0471199	1.16767	0.242949	0.242949	1	1	0.991187	0.97317	0.826026	1
0.00571619	0.136867	0.891137	0.918856	1	1	1	0.99986	0.978758	1
-0.00622358	-0.150365	0.880477	0.880477	1	1	1	0.999998	0.972208	1
0.023876	0.578278	0.56308	0.604744	1	1	0.999999	0.998672	0.842516	1
-0.0143413	-0.339529	0.734214	0.734214	1	1	1	0.9985	0.832109	1
-0.0464587	-1.06374	0.287454	0.441637	1	1	0.996854	0.97596	0.631128	1
-0.0504855	-1.21399	0.22476	0.303816	1	1	0.986805	0.952877	0.636819	1
-0.0403529	-0.940351	0.347045	0.427878	1	1	0.999287	0.985912	0.732284	1
-0.00512438	-0.123222	0.901932	0.908464	1	1	1	0.999746	0.938365	1
0.0428959	1.02446	0.305624	0.42048	1	1	0.997972	0.987436	0.71706	1
-0.0285947	-0.778736	0.436141	0.499499	1	1	0.999941	0.995711	0.823822	1
0.0139847	0.392102	0.694985	0.782589	1	1	1	0.99736	0.80441	1
-0.0329773	-0.812124	0.416727	0.416727	1	1	0.999895	0.997342	0.90114	1
-0.0354909	-0.880879	0.37839	0.543427	1	1	0.999691	0.98711	0.584785	1
0.00283708	0.068644	0.945273	0.945273	1	1	1	0.999668	0.952358	1
-0.00334072	-0.0786587	0.937305	0.943296	1	1	1	0.99831	0.937305	1
-0.0121446	-0.28616	0.774758	0.774758	1	1	1	0.998568	0.82318	1
0.0241714	0.561266	0.57462	0.655535	1	1	1	0.992946	0.651237	1
0.00507154	0.125075	0.900465	0.900465	1	1	1	0.999959	0.983558	1
-0.0215515	-0.528057	0.597464	0.597464	1	1	1	0.999888	0.98768	1
-0.021085	-0.505737	0.613045	0.613045	1	1	1	0.999805	0.982873	1
-0.0099542	-0.235475	0.813841	0.813841	1	1	1	0.999999	0.932385	1
0.00339448	0.080945	0.935486	0.935486	1	1	1	0.999299	0.935486	1
0.0330256	0.77257	0.439783	0.499499	1	1	0.999947	0.995462	0.758684	1
-0.00764918	-0.191074	0.848469	0.848469	1	1	1	0.998901	0.866622	1
-0.0224167	-0.557574	0.577139	0.577139	1	1	1	0.999568	0.9436	1
-0.0341122	-0.841124	0.400285	0.401661	1	1	0.999832	0.997836	0.841442	1
-0.029802	-0.74171	0.458269	0.458269	1	1	0.99997	0.998778	0.836378	1
-0.027877	-0.681653	0.495463	0.495463	1	1	0.999991	0.999461	0.996354	1
-0.0437043	-1.06279	0.287885	0.287885	1	1	0.996886	0.976119	0.699149	1
-0.0263026	-0.637411	0.523862	0.523862	1	1	0.999997	0.998742	0.903482	1
-0.0336434	-0.820063	0.412187	0.489978	1	1	0.999881	0.995075	0.797986	1
0.0155975	0.372273	0.709692	0.709692	1	1	1	0.99839	0.861769	1
0.0390759	0.94082	0.346805	0.459242	1	1	0.999283	0.990764	0.737925	1
-0.0201088	-0.511305	0.609141	0.655224	1	1	1	0.998365	0.86295	1
-0.00327334	-0.0836001	0.933375	0.933375	1	1	1	0.999933	0.984268	1
0.0157019	0.380292	0.703731	0.709816	1	1	1	0.999073	0.805886	1
-0.00592956	-0.143417	0.885962	0.894084	1	1	1	0.999698	0.973952	1
0.0207333	0.505526	0.613193	0.613193	1	1	1	0.999499	0.913288	1
0.0428619	1.02386	0.305907	0.381714	1	1	0.997986	0.991322	0.785811	1
-0.00169068	-0.0398322	0.968227	0.968227	1	1	1	0.99989	0.991678	1
0.0227653	0.542196	0.587687	0.587687	1	1	1	0.999656	0.887112	1
-0.0346323	-0.819756	0.412362	0.412362	1	1	0.999881	0.999004	0.938487	1
-0.0400008	-0.960845	0.336638	0.437175	1	1	0.999067	0.99224	0.762503	1
0.0114517	0.297791	0.765864	0.765864	1	1	1	0.999985	0.953963	1
-0.0100133	-0.2627	0.792784	0.798098	1	1	1	0.999108	0.8748	1
-0.0107251	-0.261747	0.793518	0.793518	1	1	1	0.999569	0.903358	1
-0.00355536	-0.0881287	0.929775	0.929775	1	1	1	0.999807	0.999802	1
-0.0196998	-0.488417	0.625258	0.626796	1	1	1	0.998962	0.868073	1
-0.0100188	-0.246598	0.805221	0.860699	1	1	1	0.998561	0.94981	1
0.013235	0.374	0.708407	0.708407	1	1	1	0.999881	0.881051	1
-0.0524324	-1.36214	0.173164	0.25458	1	1	0.960542	0.910713	0.490631	1
-0.0215111	-0.515956	0.605889	0.743711	1	1	1	0.984846	0.735723	1
-0.00363665	-0.085598	0.931787	0.935331	1	1	1	0.999921	0.931787	1
0.00947984	0.23427	0.814777	0.814777	1	1	1	0.99996	0.991597	1
0.0293174	0.729731	0.46556	0.535838	1	1	0.999976	0.99518	0.744817	1
0.00167741	0.0391194	0.968795	0.976353	1	1	1	0.999957	0.968795	1
-0.00714184	-0.165031	0.868921	0.912598	1	1	1	0.999705	0.991006	1
0.0460146	1.10259	0.270215	0.499499	1	1	0.995276	0.954593	0.510406	1
0.0615999	1.46235	0.143656	0.253574	1	1	0.928382	0.866823	0.48843	1
0.0493903	1.3108	0.189937	0.189937	1	1	0.97215	0.947608	0.80723	1
0.0618329	1.59121	0.111573	0.232273	1	1	0.866166	0.809145	0.474186	1
0.0238549	0.608817	0.54265	0.54265	1	1	0.999998	0.999235	0.903752	1
0.0146643	0.368746	0.71232	0.731333	1	1	1	0.99803	0.882856	1
-0.0206435	-0.506859	0.612257	0.672226	1	1	1	0.996602	0.867365	1
0.0135175	0.327486	0.743303	0.747527	1	1	1	0.999714	0.889404	1
-0.0147718	-0.34697	0.728617	0.728617	1	1	1	0.999679	0.848739	1
0.0329994	0.770509	0.441004	0.480285	1	1	0.999949	0.997021	0.746108	1
-0.0247518	-0.575696	0.564825	0.690832	1	1	0.999999	0.984393	0.738617	1
-0.0114548	-0.265581	0.790564	0.809845	1	1	1	0.999916	0.996299	1
-0.0413638	-1.00752	0.313692	0.398555	1	1	0.998337	0.988819	0.746408	1
0.0292647	0.715457	0.474332	0.484834	1	1	0.999982	0.999153	0.921801	1
-0.000796291	-0.0183044	0.985396	0.985396	1	1	1	0.998714	0.985396	1
0.0228448	0.528683	0.597029	0.631376	1	1	1	0.997461	0.754128	1
0.023719	0.55769	0.57706	0.57706	1	1	1	0.999817	0.942554	1
0.0514901	1.21654	0.223788	0.421408	1	1	0.986521	0.938371	0.543484	1
-0.0177458	-0.447292	0.654668	0.654668	1	1	1	0.999902	0.941624	1
-0.00277743	-0.0682841	0.94556	0.94556	1	1	1	0.999993	0.94556	1
-0.0037862	-0.0896648	0.928554	0.955606	1	1	1	0.999635	0.961738	1
-0.0330398	-0.78483	0.432559	0.590363	1	1	0.999934	0.984255	0.655207	1
0.022199	0.538556	0.590197	0.663568	1	1	1	0.995264	0.829072	1
0.0309713	0.751038	0.452636	0.533315	1	1	0.999964	0.992627	0.769481	1
-0.0110447	-0.264281	0.791565	0.831653	1	1	1	0.994783	0.791565	1
-0.00493058	-0.117392	0.90655	0.920447	1	1	1	0.997982	0.957967	1
-0.00113378	-0.0268475	0.978582	0.981481	1	1	1	0.994837	0.978582	1
0.0321115	0.766997	0.443089	0.499499	1	1	0.999952	0.994847	0.799717	1
0.00673286	0.168493	0.866197	0.889426	1	1	1	0.999489	0.908594	1
-0.0176028	-0.445573	0.655909	0.667661	1	1	1	0.998278	0.796461	1
0.0184546	0.467147	0.640398	0.71099	1	1	1	0.997073	0.727956	1
-0.005685	-0.144911	0.884782	0.890195	1	1	1	0.999765	0.940081	1
-0.0531164	-1.22988	0.218752	0.487545	1	1	0.984954	0.915299	0.437429	1
-0.00511878	-0.117349	0.906585	0.90697	1	1	1	0.99898	0.946184	1
0.0870316	1.99694	0.0458405	0.285959	0.779288	0.595926	0.549643	0.456658	0.155858	0.53608
0.0436344	0.997786	0.318391	0.499499	1	1	0.998521	0.968245	0.601405	1
0.0192871	0.447469	0.654539	0.654539	1	1	1	0.999134	0.927264	1
0.0242393	0.56685	0.57082	0.729648	1	1	0.999999	0.997318	0.831586	1
0.0914492	2.11036	0.0348351	0.0348351	0.592197	0.569722	0.4527	0.439815	0.197399	0.678964
-0.0276444	-0.645922	0.518334	0.518334	1	1	0.999996	0.998605	0.962237	1
-0.0343204	-0.84391	0.398727	0.524966	1	1	0.999825	0.984372	0.677835	1
-0.0275455	-0.648609	0.516596	0.547042	1	1	0.999996	0.997018	0.831317	1
-0.0142481	-0.377845	0.705548	0.745818	1	1	1	0.996303	0.799621	1
-0.0259613	-0.712496	0.476163	0.577676	1	1	0.999983	0.99433	0.771199	1
-0.0328873	-0.835589	0.403393	0.430511	1	1	0.999846	0.995746	0.783457	1
-0.00894442	-0.246411	0.805366	0.861844	1	1	1	0.998565	0.946356	1
-0.0533315	-1.2268	0.219909	0.365864	1	1	0.985329	0.960382	0.55733	1
-0.00725268	-0.166327	0.867901	0.867901	1	1	1	0.999826	0.959422	1
-0.0469352	-1.15526	0.247994	0.447022	1	1	0.992134	0.956506	0.563261	1
-0.0184524	-0.465428	0.641628	0.711311	1	1	1	0.99399	0.77912	1
-0.0851213	-2.00051	0.0454538	0.194613	0.772715	0.681808	0.546531	0.502316	0.257572	0.885932
-0.068411	-1.66616	0.0956914	0.208309	1	1	0.819123	0.729532	0.325351	1
-0.0724952	-1.794	0.0728237	0.225992	1	1	0.723459	0.653046	0.309501	1
-0.0476459	-1.21265	0.225273	0.308065	1	1	0.986953	0.95325	0.638274	1
0.0371349	0.930956	0.351884	0.351884	1	1	0.999372	0.99644	0.967519	1
0.0436111	1.05617	0.290899	0.392324	1	1	0.997102	0.967857	0.61816	1
-0.0232318	-0.597143	0.550416	0.612717	1	1	0.999999	0.99578	0.710842	1
-0.0614094	-1.51843	0.128917	0.128917	1	1	0.904278	0.855178	0.547897	1
-0.0466161	-1.24005	0.214965	0.214965	1	1	0.983665	0.966237	0.913602	1
-0.0226374	-0.575568	0.564911	0.564911	1	1	0.999999	0.999969	0.901456	1
0.0250884	0.619211	0.535782	0.652444	1	1	0.999998	0.997843	0.910829	1
0.0367953	0.87335	0.382479	0.499499	1	1	0.999724	0.986942	0.666495	1
0.0161219	0.418939	0.675264	0.699239	1	1	1	0.999876	0.916837	1
-0.00879701	-0.229206	0.81871	0.884743	1	1	1	0.97649	0.869879	1
0.0177081	0.515314	0.606337	0.692339	1	1	1	0.99055	0.736267	1
-0.0200607	-0.548339	0.583463	0.702064	1	1	1	0.997434	0.826573	1
-0.0370261	-0.983651	0.325295	0.430573	1	1	0.998756	0.98681	0.70349	1
-0.0453364	-1.15308	0.248887	0.248887	1	1	0.992291	0.95707	0.604439	1
-0.0799411	-2.03826	0.0415328	0.313697	0.706058	0.664525	0.513802	0.492734	0.226696	0.779732
-0.00912785	-0.227112	0.820338	0.865392	1	1	1	0.999762	0.918337	1
-0.00952861	-0.245726	0.805896	0.858586	1	1	1	0.992687	0.870178	1
0.00651312	0.159008	0.873664	0.920692	1	1	1	0.999968	0.977877	1
-0.0289437	-0.710667	0.477296	0.592654	1	1	0.999984	0.989723	0.73764	1
0.0252433	0.609416	0.542253	0.542253	1	1	0.999998	0.999596	0.930463	1
0.0248954	0.628733	0.529528	0.529528	1	1	0.999997	0.998746	0.74874	1
-0.0489725	-1.22444	0.220795	0.456917	1	1	0.98561	0.960964	0.503178	1
0.0274998	0.645809	0.518408	0.519487	1	1	0.999996	0.99799	0.845815	1
-0.012295	-0.295305	0.767763	0.767763	1	1	1	0.999992	0.99958	1
-0.0131868	-0.340827	0.733236	0.808939	1	1	1	0.99763	0.807695	1
0.00181482	0.0471927	0.96236	0.971751	1	1	1	0.998452	0.96236	1
-0.00585744	-0.15659	0.875569	0.895039	1	1	1	0.998923	0.875569	1
-0.0284314	-0.690787	0.489705	0.489705	1	1	0.999989	0.998803	0.999605	1
-0.00891255	-0.226224	0.821029	0.821029	1	1	1	0.999838	0.971268	1
-0.0752897	-1.87773	0.0604271	0.163554	1	0.966833	0.653408	0.631118	0.410976	1
-0.0142514	-0.331135	0.740545	0.740545	1	1	1	0.999979	0.968273	1
-0.0277262	-0.64272	0.520411	0.575084	1	1	0.999996	0.997201	0.884698	1
0.0299343	0.711011	0.477083	0.477083	1	1	0.999984	0.999506	0.990985	1
0.002114	0.0493039	0.960677	0.960677	1	1	1	0.999973	0.991541	1
0.0182173	0.424769	0.671008	0.671008	1	1	1	0.999859	0.874159	1
0.0287318	0.668359	0.503909	0.503909	1	1	0.999993	0.999097	0.936677	1
0.0463779	1.07193	0.283759	0.404429	1	1	0.996564	0.984611	0.668503	1
0.0197182	0.465205	0.641788	0.641788	1	1	1	0.99977	0.858206	1
0.0350594	0.813072	0.416183	0.49349	1	1	0.999894	0.9954	0.70248	1
0.018823	0.43687	0.662209	0.671912	1	1	1	0.998375	0.804111	1
0.0658118	1.51696	0.129288	0.371668	1	1	0.904968	0.856039	0.424244	1
-0.00857553	-0.204519	0.837949	0.837949	1	1	1	0.999835	0.971277	1
-0.00820508	-0.190179	0.84917	0.884448	1	1	1	0.997939	0.933968	1
0.0241828	0.562233	0.573962	0.573962	1	1	0.999999	0.998972	0.63575	1
-0.00436807	-0.101432	0.919208	0.919208	1	1	1	0.999906	0.919208	1
-0.0208229	-0.485767	0.627136	0.627136	1	1	1	0.999441	0.95992	1
0.030545	0.703858	0.481526	0.481526	1	1	0.999986	0.999272	0.889026	1
0.0797	1.89989	0.057457	0.057457	0.976769	0.861855	0.634304	0.58836	0.32559	1
-0.0179752	-0.425125	0.670748	0.670748	1	1	1	0.998816	0.860287	1
0.0720027	1.73212	0.0832623	0.191197	1	1	0.771878	0.703905	0.353865	1
0.0201442	0.476997	0.633367	0.633367	1	1	1	0.998612	0.89727	1
0.00408335	0.0986709	0.9214	0.940399	1	1	1	0.999514	0.954535	1
-0.0109926	-0.261666	0.793581	0.793581	1	1	1	0.999992	0.953065	1
0.01961	0.461427	0.644496	0.686131	1	1	1	0.999682	0.90132	1
0.0809158	1.88925	0.0588676	0.240181	1	0.883015	0.643498	0.597505	0.333583	1
-0.0016738	-0.0398675	0.968199	0.968199	1	1	1	0.999976	0.986698	1
0.0106759	0.263717	0.792	0.792	1	1	1	0.999919	0.903828	1
0.0266591	0.64873	0.516518	0.516518	1	1	0.999996	0.998556	0.858593	1
0.0264119	0.63622	0.524638	0.524638	1	1	0.999997	0.999263	0.931577	1
0.040907	1.018	0.308688	0.519186	1	1	0.998119	0.951914	0.524769	1
0.00985186	0.226294	0.820974	0.820974	1	1	1	0.999942	0.900925	1
0.0467893	1.15239	0.249169	0.413631	1	1	0.99234	0.971079	0.544327	1
0.0163598	0.395631	0.69238	0.697036	1	1	1	0.99992	0.96197	1
0.0504317	1.22143	0.221934	0.280625	1	1	0.985963	0.950774	0.608964	1
0.012808	0.30989	0.756647	0.783849	1	1	1	0.999581	0.916536	1
0.000468011	0.0113404	0.990952	0.992341	1	1	1	0.993131	0.990952	1
0.0534186	1.27473	0.202414	0.374172	1	1	0.97861	0.937026	0.440388	1
0.0519233	1.28021	0.20048	0.295596	1	1	0.977711	0.956388	0.610491	1
0.037221	0.909668	0.363005	0.363005	1	1	0.999532	0.997807	0.980739	1
0.0376712	0.948186	0.343042	0.491628	1	1	0.999209	0.985025	0.609644	1
-0.00527131	-0.124426	0.900978	0.900978	1	1	1	0.999927	0.989962	1
0.043291	1.0698	0.284716	0.451352	1	1	0.996642	0.974924	0.637462	1
0.0594812	1.4373	0.150642	0.286642	1	1	0.937693	0.898313	0.488705	1
0.0272654	0.666708	0.504963	0.589121	1	1	0.999994	0.996393	0.770119	1
0.0097488	0.224657	0.822247	0.880972	1	1	1	0.997918	0.93188	1
0.0312033	0.777762	0.436715	0.590163	1	1	0.999942	0.982007	0.660185	1
0.0563759	1.36305	0.172878	0.172878	1	1	0.96031	0.952014	0.773868	1
-0.00659225	-0.168391	0.866277	0.889627	1	1	1	0.999577	0.977768	1
0.000874657	0.0212716	0.983029	0.986861	1	1	1	0.998978	0.983029	1
0.00175132	0.0416457	0.966781	0.966781	1	1	1	0.998343	0.966781	1
0.0743251	1.77124	0.0765305	0.276997	1	0.994897	0.741665	0.644784	0.242811	0.835163
0.0154547	0.368635	0.712402	0.712402	1	1	1	0.999434	0.935909	1
0.0309926	0.726059	0.467808	0.508581	1	1	0.999978	0.996702	0.747187	1
0.0808696	1.95597	0.0504778	0.160685	0.858122	0.706689	0.58544	0.515747	0.21453	0.737889
-0.0338392	-0.795424	0.426373	0.447812	1	1	0.999921	0.996143	0.852781	1
0.0417753	1.02741	0.304234	0.476874	1	1	0.997902	0.981503	0.622211	1
0.0613464	1.43403	0.151573	0.166122	1	1	0.938843	0.899862	0.644187	1
0.0666341	1.59455	0.110823	0.28671	1	1	0.864232	0.782807	0.376799	1
0.0402659	0.964605	0.33475	0.499499	1	1	0.999021	0.974481	0.632306	1
0.0448478	1.08024	0.280044	0.280044	1	1	0.996249	0.984231	0.793457	1
0.0745703	1.79994	0.0718792	0.212379	1	1	0.718631	0.673361	0.407315	1
0.0599558	1.44489	0.148499	0.433855	1	1	0.934964	0.853812	0.315559	1
0.0406835	1.10664	0.268459	0.274603	1	1	0.995079	0.982817	0.702521	1
0.0128365	0.310765	0.755982	0.822849	1	1	1	0.999135	0.932457	1
0.0459954	1.11807	0.263544	0.418837	1	1	0.994486	0.953068	0.510451	1
0.0319406	0.772672	0.439722	0.499499	1	1	0.999947	0.99456	0.745676	1
0.0734187	1.80466	0.0711373	0.0711373	1	1	0.714783	0.692939	0.604667	1
-0.0111295	-0.285205	0.775489	0.819566	1	1	1	0.997459	0.886426	1
0.00596056	0.146998	0.883134	0.883134	1	1	1	0.998798	0.93833	1
0.00492897	0.121729	0.903114	0.911944	1	1	1	0.999907	0.973757	1
0.0358045	0.871751	0.383351	0.416129	1	1	0.99973	0.99205	0.814621	1
0.044417	1.12253	0.261648	0.499499	1	1	0.994239	0.956106	0.494224	1
0.0273425	0.656309	0.51163	0.51163	1	1	0.999995	0.99842	0.807429	1
0.0769956	1.88685	0.0591902	0.242433	1	0.887853	0.645569	0.599569	0.335411	1
0.0445604	1.12572	0.260292	0.348494	1	1	0.994057	0.991965	0.682803	1
-0.0108271	-0.293007	0.769519	0.769519	1	1	1	0.998613	0.87771	1
-0.0159166	-0.430719	0.666676	0.666676	1	1	1	0.999941	0.935529	1
0.0710422	1.69377	0.0903181	0.0903181	1	1	0.799958	0.758263	0.502839	1
-0.0232379	-0.609254	0.54236	0.591467	1	1	0.999998	0.995534	0.70924	1
0.0390142	1.08065	0.279863	0.279863	1	1	0.996232	0.985991	0.727673	1
0.050905	0.98285	0.325692	0.45392	1	1	0.998768	0.990842	0.704942	1
0.0273236	0.525629	0.599151	0.599151	1	1	1	0.999143	0.925961	1
0.0659421	1.25622	0.209048	0.41326	1	1	0.981441	0.940049	0.536608	1
0.0058673	0.111801	0.910982	0.928906	1	1	1	0.989532	0.910982	1
-0.0245106	-0.46971	0.638567	0.694832	1	1	1	0.999709	0.894868	1
0.0694284	1.31885	0.187233	0.187233	1	1	0.970527	0.945106	0.795742	1
-0.0927036	-1.78648	0.0740351	0.0740351	1	1	0.729538	0.684559	0.419532	1
-0.0668812	-1.27958	0.200704	0.225369	1	1	0.977817	0.94565	0.663952	1
0.0565823	1.08304	0.278804	0.435026	1	1	0.996137	0.975505	0.623074	1
-0.000990309	-0.0189485	0.984882	0.986794	1	1	1	0.996646	0.984882	1
0.013552	0.259592	0.795181	0.795181	1	1	1	0.999185	0.861603	1
-0.0192998	-0.368536	0.712477	0.742394	1	1	1	0.999435	0.942127	1
-0.0568079	-1.08466	0.278085	0.278085	1	1	0.996071	0.985535	0.840789	1
0.0108094	0.207641	0.835511	0.835511	1	1	1	0.999634	0.913876	1
-0.00954496	-0.181708	0.855813	0.864816	1	1	1	0.999905	0.942033	1
0.0215306	0.414721	0.67835	0.67835	1	1	1	0.999839	0.984946	1
-0.0175556	-0.339698	0.734087	0.820716	1	1	1	0.999464	0.891392	1
-0.050597	-0.971981	0.33107	0.33107	1	1	0.998925	0.994927	0.927416	1
0.00153767	0.0294084	0.976539	0.976539	1	1	1	0.999966	0.988065	1
-0.00473129	-0.0902406	0.928097	0.928097	1	1	1	0.999973	0.961005	1
-0.0453923	-0.862948	0.388175	0.484246	1	1	0.999764	0.99265	0.76464	1
0.0906144	1.72944	0.0837446	0.287215	1	1	0.77391	0.706078	0.355914	1
-0.0451557	-0.863751	0.387734	0.387734	1	1	0.999761	0.997225	0.849906	1
0.0301971	0.574985	0.565307	0.565307	1	1	0.999999	0.999759	0.943355	1
-0.0576651	-1.09767	0.272358	0.379186	1	1	0.995506	0.958392	0.578761	1
-0.0735661	-1.41643	0.156664	0.381492	1	1	0.944791	0.890855	0.434694	1
-0.0224679	-0.428477	0.668308	0.733802	1	1	1	0.991888	0.811517	1
0.0436966	0.849119	0.395824	0.395824	1	1	0.99981	0.998571	0.968056	1
-0.0185228	-0.355658	0.7221	0.7221	1	1	1	0.99995	0.924416	1
0.00234203	0.0449156	0.964175	0.972809	1	1	1	0.997183	0.964175	1
-0.0391623	-0.748358	0.454252	0.618207	1	1	0.999966	0.991998	0.660906	1
0.0201942	0.385737	0.699695	0.826435	1	1	1	0.997441	0.84963	1
0.0425023	0.813384	0.416006	0.479281	1	1	0.999893	0.997832	0.826446	1
-0.0193893	-0.369173	0.712002	0.712002	1	1	1	0.999523	0.854373	1
0.0549216	1.05392	0.291933	0.291933	1	1	0.997173	0.992038	0.922274	1
0.0320783	0.611868	0.540631	0.611258	1	1	0.999998	0.996073	0.765894	1
-0.0588711	-1.12655	0.259946	0.259946	1	1	0.994009	0.980028	0.726866	1
0.103548	2.00781	0.0446752	0.203105	0.759478	0.670128	0.540201	0.496191	0.253159	0.870755
0.0536912	1.02366	0.306008	0.516543	1	1	0.997991	0.964827	0.520214	1
0.0642983	1.24152	0.214428	0.214428	1	1	0.983474	0.973221	0.974704	1
-0.0778121	-1.47973	0.138959	0.259	1	1	0.921403	0.876878	0.590574	1
0.0733522	1.39698	0.162434	0.162434	1	1	0.950873	0.92997	0.920459	1
-0.0341514	-0.647674	0.517203	0.517203	1	1	0.999996	0.999312	0.970683	1
0.077663	1.50296	0.132862	0.132862	1	1	0.911387	0.89781	0.839929	1
-0.100034	-1.93384	0.0531451	0.0700168	0.903466	0.797176	0.604798	0.55919	0.253661	0.872482
0.021393	0.409174	0.682416	0.683969	1	1	1	0.999674	0.972017	1
0.0124991	0.238863	0.811214	0.811214	1	1	1	0.999968	0.999844	1
-0.0568077	-1.08195	0.279287	0.288306	1	1	0.996181	0.985845	0.8576	1
0.0112903	0.216086	0.828923	0.828923	1	1	1	0.999998	0.992242	1
-0.0768028	-1.45788	0.144886	0.168509	1	1	0.930112	0.930112	0.639594	1
0.0917589	1.74887	0.0803265	0.174047	1	1	0.759136	0.738098	0.603947	1
0.0107326	0.203265	0.83893	0.900769	1	1	1	0.997968	0.881238	1
0.0557782	1.07926	0.280482	0.365319	1	1	0.996287	0.986147	0.734822	1
-0.0536153	-1.02762	0.304141	0.304141	1	1	0.997897	0.99103	0.842919	1
0.0828542	1.58862	0.112159	0.256556	1	1	0.867658	0.832109	0.592825	1
0.0352423	0.682422	0.494979	0.564912	1	1	0.999991	0.992949	0.764967	1
0.0043277	0.0830697	0.933797	0.945814	1	1	1	0.999903	0.933797	1
-0.0121572	-0.237415	0.812337	0.812337	1	1	1	0.999766	0.863108	1
0.0256585	0.489187	0.624714	0.725764	1	1	1	0.998952	0.95977	1
-0.0192213	-0.366171	0.714241	0.714241	1	1	1	0.999147	0.887762	1
0.0718915	1.37518	0.16909	0.240372	1	1	0.957104	0.937869	0.685471	1
-0.031193	-0.597788	0.549988	0.549988	1	1	0.999999	0.999243	0.898504	1
0.0125387	0.242171	0.80865	0.832588	1	1	1	0.999776	0.98302	1
-0.0229898	-0.437191	0.661977	0.661977	1	1	1	0.999139	0.803829	1
0.0542554	1.03952	0.298576	0.411474	1	1	0.997592	0.990052	0.741826	1
0.106938	2.05531	0.0398601	0.0398601	0.677622	0.677622	0.499174	0.499174	0.677622	1
-0.00307257	-0.0587134	0.953181	0.971928	1	1	1	0.997405	0.953181	1
0.0535944	1.02996	0.303039	0.303039	1	1	0.99784	0.986863	0.858611	1
0.0230969	0.441662	0.658738	0.779099	1	1	1	0.975192	0.674427	1
-0.0159196	-0.305477	0.760006	0.760006	1	1	1	0.999528	0.821639	1
-0.0708812	-1.37312	0.169729	0.169729	1	1	0.957661	0.910904	0.577079	1
0.0190748	0.363361	0.716339	0.716339	1	1	1	0.999958	0.994284	1
-0.0149287	-0.285105	0.775566	0.775566	1	1	1	0.99978	0.941759	1
0.0339463	0.651159	0.51495	0.521794	1	1	0.999995	0.997765	0.875416	1
-0.0982069	-1.88171	0.0598878	0.091977	1	0.958206	0.650011	0.627716	0.449362	1
0.00583388	0.111758	0.911016	0.931261	1	1	1	0.99995	0.976803	1
0.0705687	1.34141	0.179799	0.255861	1	1	0.965593	0.923974	0.611318	1
0.0255633	0.492993	0.622023	0.622023	1	1	1	0.999849	0.914198	1
0.0133362	0.260259	0.794666	0.794666	1	1	1	0.999971	0.963588	1
0.0124444	0.235507	0.813817	0.8397	1	1	1	0.999958	0.989969	1
0.00550001	0.105853	0.9157	0.9157	1	1	1	0.999927	0.972931	1
0.0146611	0.278601	0.780553	0.780553	1	1	1	0.999329	0.829338	1
0.0335445	0.642585	0.5205	0.617505	1	1	0.999996	0.988453	0.724012	1
-0.0633991	-1.20981	0.226366	0.288553	1	1	0.987262	0.97249	0.794678	1
-0.011101	-0.213008	0.831323	0.831323	1	1	1	0.999977	0.953563	1
0.0543455	1.02922	0.303387	0.412904	1	1	0.997858	0.986941	0.716984	1
0.0262458	0.49959	0.617369	0.617369	1	1	1	0.999985	0.933063	1
-0.00580516	-0.111141	0.911506	0.911506	1	1	1	0.999795	0.922646	1
-0.00826261	-0.159244	0.873478	0.902439	1	1	1	0.996677	0.873478	1
0.0718733	1.37929	0.167817	0.167817	1	1	0.955973	0.894751	0.475483	1
-0.0745693	-1.43361	0.151696	0.218781	1	1	0.938994	0.938994	0.698568	1
-0.0489672	-0.967417	0.333346	0.434334	1	1	0.998985	0.988441	0.761951	1
-0.0237122	-0.460926	0.644856	0.644856	1	1	1	0.999938	0.936671	1
0.0230886	0.452336	0.651031	0.692303	1	1	1	0.998194	0.810844	1
-0.0661545	-1.26778	0.20489	0.351853	1	1	0.979711	0.936155	0.580522	1
0.11326	2.17503	0.0296379	0.0296379	0.503844	0.503844	0.400381	0.400381	0.503844	1
0.0632643	1.21248	0.22534	0.22534	1	1	0.986972	0.971974	0.738943	1
0.0374508	0.718844	0.472245	0.521882	1	1	0.999981	0.99528	0.802047	1
-0.0594849	-1.13236	0.257495	0.499499	1	1	0.993663	0.941439	0.486379	1
0.0231854	0.455262	0.648925	0.722539	1	1	1	0.994064	0.739003	1
-0.0337398	-0.651385	0.514804	0.514804	1	1	0.999995	0.999649	0.924126	1
-0.098023	-1.88313	0.0596954	0.0596954	1	0.955126	0.648791	0.626494	0.507411	1
-0.0433468	-0.845821	0.397662	0.397662	1	1	0.999819	0.998831	0.95662	1
-0.0221009	-0.424121	0.671482	0.739356	1	1	1	0.998743	0.852219	1
-0.0726069	-1.41231	0.157872	0.236586	1	1	0.94612	0.935082	0.716189	1
-0.0534907	-1.02359	0.306041	0.475624	1	1	0.997992	0.987677	0.572821	1
-0.0365431	-0.701462	0.483022	0.483022	1	1	0.999987	0.999295	0.985336	1
-0.0133904	-0.255629	0.79824	0.850144	1	1	1	0.997606	0.904672	1
0.0257598	0.492224	0.622566	0.622566	1	1	1	0.999962	0.91621	1
0.0629398	1.19808	0.230898	0.230898	1	1	0.988473	0.985012	0.935831	1
-0.0447242	-0.849887	0.395397	0.395397	1	1	0.999807	0.998558	0.928807	1
0.0538559	1.02348	0.30609	0.30609	1	1	0.997995	0.991352	0.847063	1
0.0139072	0.264489	0.791406	0.791406	1	1	1	0.999918	0.92939	1
0.007083	0.136049	0.891784	0.891784	1	1	1	0.999992	0.926693	1
-0.0851753	-1.63349	0.102379	0.102379	1	1	0.840566	0.779554	0.435111	1
-0.0422674	-0.805977	0.420265	0.420265	1	1	0.999906	0.998559	0.989097	1
-0.0438128	-0.84298	0.399249	0.421598	1	1	0.999827	0.996322	0.812085	1
-0.0819581	-1.56745	0.117024	0.117024	1	1	0.87946	0.845391	0.580204	1
0.00576347	0.110452	0.912052	0.932485	1	1	1	0.999862	0.944328	1
0.0684619	1.3089	0.190583	0.190583	1	1	0.972525	0.958064	0.805684	1
0.0173747	0.33962	0.734146	0.734146	1	1	1	0.999873	0.958399	1
-0.0200502	-0.394164	0.693463	0.693463	1	1	1	0.999892	0.988046	1
-0.0593664	-1.15559	0.247862	0.272035	1	1	0.99211	0.975347	0.823933	1
-0.00390217	-0.0745529	0.940571	0.940571	1	1	1	0.999656	0.940571	1
0.0674216	1.29482	0.195397	0.195397	1	1	0.975175	0.919079	0.474534	1
-0.0195836	-0.373881	0.708497	0.708497	1	1	1	0.999969	0.928968	1
-0.0881366	-1.68282	0.0924235	0.112957	1	1	0.807684	0.7881	0.604266	1
0.0398214	0.772067	0.440083	0.440083	1	1	0.999948	0.999051	0.882283	1
0.0371226	0.72657	0.467497	0.467497	1	1	0.999978	0.998167	0.81779	1
0.0673205	1.28833	0.197646	0.356482	1	1	0.976329	0.96323	0.65251	1
-0.00154802	-0.0294827	0.97648	0.97648	1	1	1	0.999174	0.97648	1
-0.00925356	-0.176005	0.860292	0.860292	1	1	1	0.998928	0.863588	1
-0.0061902	-0.118977	0.905294	0.912964	1	1	1	0.999951	0.925292	1
-0.0220976	-0.429976	0.667217	0.752649	1	1	1	0.99173	0.810192	1
-0.038898	-0.752008	0.452054	0.532556	1	1	0.999964	0.994817	0.728939	1
0.0255261	0.486122	0.626885	0.789661	1	1	1	0.992769	0.819773	1
-0.0594755	-1.17994	0.238036	0.292718	1	1	0.990162	0.983056	0.714896	1
-0.0263943	-0.50684	0.612272	0.612272	1	1	1	0.999814	0.88044	1
-0.011575	-0.227939	0.819696	0.819696	1	1	1	0.999696	0.928815	1
-0.0365378	-0.698751	0.484715	0.484715	1	1	0.999987	0.999907	0.919611	1
0.131412	2.51605	0.0118746	0.0890752	0.201869	0.201869	0.183785	0.183785	0.166508	0.572714
0.0558969	1.07166	0.283885	0.283885	1	1	0.996575	0.990673	0.870497	1
-0.0216433	-0.412872	0.679705	0.679705	1	1	1	0.999907	0.965838	1
-0.0328098	-0.623218	0.533147	0.533147	1	1	0.999998	0.99901	0.859998	1
-0.00346831	-0.0685861	0.94532	0.94532	1	1	1	0.999899	0.94532	1
-0.0583355	-1.12251	0.261656	0.261656	1	1	0.99424	0.985691	0.905876	1
-0.103848	-1.98084	0.0476211	0.0476211	0.809559	0.809559	0.563719	0.563719	0.438083	1
-0.0285578	-0.551976	0.58097	0.58097	1	1	1	0.999971	0.98949	1
-0.0229133	-0.441731	0.658688	0.658688	1	1	1	0.999956	0.996794	1
-0.076109	-1.49758	0.134257	0.134257	1	1	0.913779	0.913779	0.935802	1
0.0161776	0.312224	0.754873	0.754873	1	1	1	0.999652	0.857387	1
0.0796806	1.5149	0.129811	0.321785	1	1	0.905935	0.857246	0.551697	1
-0.0894517	-1.71647	0.0860891	0.0979319	1	1	0.783546	0.783546	0.678044	1
0.0792932	1.51497	0.129794	0.129794	1	1	0.905904	0.891869	0.847262	1
-0.0287011	-0.548236	0.583536	0.724349	1	1	1	0.994782	0.826675	1
-0.0120725	-0.231975	0.816559	0.816559	1	1	1	0.999551	0.925434	1
-0.0867521	-1.66425	0.096077	0.168903	1	1	0.82043	0.801344	0.782019	1
0.00701518	0.133768	0.893587	0.893587	1	1	1	0.999816	0.949436	1
0.0136087	0.25891	0.795707	0.795707	1	1	1	0.999764	0.940688	1
0.10882	2.08716	0.0368843	0.0368843	0.627033	0.590149	0.472121	0.451905	0.313516	1
-0.0705816	-1.34097	0.179942	0.213146	1	1	0.965695	0.955024	0.882153	1
0.0533727	1.01594	0.309667	0.506836	1	1	0.998163	0.960345	0.478576	1
0.0814221	1.56976	0.116486	0.116486	1	1	0.878204	0.862146	0.849028	1
0.0770509	1.48149	0.13849	0.13849	1	1	0.920672	0.920672	0.976582	1
0.040517	0.783754	0.433192	0.494959	1	1	0.999936	0.99806	0.719841	1
0.0332064	0.630834	0.528156	0.528156	1	1	0.999997	0.999662	0.936393	1
0.0144229	0.273659	0.784349	0.784349	1	1	1	0.999944	0.888929	1
-0.0803717	-1.53066	0.125868	0.228817	1	1	0.89842	0.847919	0.53494	1
0.00757517	0.144231	0.885319	0.885319	1	1	1	0.999929	0.940652	1
0.0689869	1.32224	0.186101	0.186101	1	1	0.969821	0.954442	0.993964	1
-0.0303791	-0.577215	0.5638	0.5638	1	1	0.999999	0.999787	0.782218	1
0.0439003	0.881109	0.378268	0.499499	1	1	0.99969	0.986119	0.628822	1
-0.0714159	-1.37854	0.168049	0.168049	1	1	0.956181	0.908531	0.571365	1
-0.0600471	-1.16183	0.245315	0.427256	1	1	0.991644	0.971918	0.595766	1
-0.0196139	-0.377918	0.705495	0.720048	1	1	1	0.999808	0.943505	1
0.00342084	0.0653542	0.947893	0.966282	1	1	1	0.999826	0.957095	1
-0.0767856	-1.46981	0.141628	0.396818	1	1	0.925444	0.817816	0.343955	1
-0.0412466	-0.79579	0.426162	0.489196	1	1	0.999921	0.997239	0.694698	1
0.00845015	0.161621	0.871606	0.871606	1	1	1	0.999996	0.989451	1
0.108122	2.13125	0.0330793	0.234961	0.562349	0.530541	0.435526	0.416666	0.281174	0.967114
-0.0821051	-1.56636	0.117278	0.176217	1	1	0.880048	0.825605	0.494057	1
-0.0106118	-0.201623	0.840213	0.840213	1	1	1	0.999765	0.892726	1
0.055941	1.06497	0.286902	0.286902	1	1	0.996812	0.991208	0.9711	1
-0.0333654	-0.648079	0.516941	0.516941	1	1	0.999996	0.999666	0.998099	1
0.0873533	1.67108	0.0947193	0.0947193	1	1	0.815789	0.796515	0.805114	1
0.038496	0.750968	0.45268	0.619673	1	1	0.999965	0.985287	0.699596	1
0.121601	2.33924	0.0193314	0.0225064	0.328634	0.328634	0.282406	0.282406	0.328634	1
0.00599756	0.113814	0.909386	0.909386	1	1	1	0.999632	0.96178	1
0.039106	0.753703	0.451035	0.451035	1	1	0.999963	0.998568	0.809847	1
0.0207462	0.399179	0.689765	0.698571	1	1	1	0.999022	0.81596	1
-0.0448257	-0.850744	0.39492	0.493604	1	1	0.999805	0.995768	0.758162	1
-0.0411177	-0.783167	0.433537	0.499499	1	1	0.999936	0.995835	0.74739	1
-0.00896954	-0.170762	0.864413	0.864413	1	1	1	0.999814	0.918439	1
0.0126009	0.240347	0.810063	0.810063	1	1	1	0.999999	0.99072	1
0.0128808	0.246105	0.805604	0.805604	1	1	1	0.999468	0.934279	1
-0.0615801	-1.18274	0.236923	0.305314	1	1	0.989915	0.975103	0.647026	1
0.0456736	0.872626	0.382876	0.382876	1	1	0.999727	0.995284	0.813612	1
-0.00969133	-0.183695	0.854255	0.854255	1	1	1	0.999912	0.982171	1
0.03255	0.622741	0.533461	0.533461	1	1	0.999998	0.998933	0.808421	1
-0.103108	-1.97486	0.0482966	0.0847237	0.821042	0.821042	0.56895	0.56895	0.470106	1
-0.0653268	-1.24835	0.211916	0.274163	1	1	0.982552	0.977976	0.786714	1
-0.0440976	-0.848615	0.396105	0.396105	1	1	0.999811	0.999142	0.937033	1
-0.103575	-1.97856	0.0478776	0.0478776	0.813919	0.766041	0.565712	0.543874	0.406959	1
0.0136846	0.261964	0.793351	0.793351	1	1	1	0.99969	0.898143	1
0.0498676	0.953946	0.340121	0.340121	1	1	0.999147	0.997032	0.903189	1
0.0425141	0.814857	0.415162	0.550554	1	1	0.99989	0.986314	0.683187	1
5.89285e-05	0.00113766	0.999092	0.999094	1	1	1	0.999966	0.999092	1
0.0612823	1.17258	0.240977	0.280826	1	1	0.990788	0.987864	0.795365	1
0.0573846	1.08946	0.275961	0.490286	1	1	0.99587	0.960407	0.514956	1
0.146328	2.78208	0.0054056	0.0215737	0.0918951	0.0918951	0.0880265	0.0880265	0.0918951	0.316078
0.060346	1.36107	0.173501	0.173501	1	1	0.960815	0.952589	0.971574	1
0.0401254	0.90937	0.363162	0.473578	1	1	0.999534	0.989028	0.739568	1
-0.00802469	-0.18098	0.856384	0.917674	1	1	1	0.979375	0.894792	1
-0.0721849	-1.62691	0.103766	0.152089	1	1	0.844703	0.80666	0.455674	1
-0.00747102	-0.16813	0.866482	0.887241	1	1	1	0.999958	0.939891	1
0.0132152	0.295797	0.767387	0.767387	1	1	1	0.999951	0.983247	1
-0.0708797	-1.58847	0.112191	0.382661	1	1	0.867739	0.810994	0.399205	1
-0.0392311	-0.879753	0.379	0.397291	1	1	0.999696	0.996711	0.863052	1
-0.0397387	-0.891545	0.372644	0.548612	1	1	0.999639	0.967032	0.527912	1
0.0411722	0.93248	0.351096	0.351096	1	1	0.999359	0.986762	0.746078	1
-0.0588364	-1.32588	0.18489	0.424765	1	1	0.969049	0.923262	0.458431	1
-0.0672504	-1.51642	0.129423	0.233989	1	1	0.905219	0.856351	0.511716	1
-0.0402236	-0.901159	0.367511	0.499272	1	1	0.999585	0.991507	0.694667	1
-0.0532366	-1.21197	0.225533	0.300462	1	1	0.987027	0.963939	0.766813	1
0.0103692	0.232525	0.816132	0.816132	1	1	1	0.998776	0.816132	1
0.000972054	0.0219687	0.982473	0.984037	1	1	1	0.999693	0.984671	1
-0.038783	-0.874876	0.381648	0.545484	1	1	0.999718	0.978626	0.621914	1
-0.075681	-1.6938	0.0903134	0.0948034	1	1	0.79994	0.707859	0.307066	1
-0.00716328	-0.160968	0.87212	0.87212	1	1	1	0.999951	0.926627	1
0.0299857	0.669996	0.502865	0.559533	1	1	0.999993	0.99869	0.71878	1
-0.0520893	-1.16732	0.243091	0.331693	1	1	0.991215	0.984284	0.759541	1
0.0171738	0.384318	0.700745	0.766984	1	1	1	0.999346	0.916359	1
-0.032672	-0.737001	0.461127	0.55474	1	1	0.999973	0.993825	0.681034	1
0.0371044	0.842892	0.399295	0.399295	1	1	0.999827	0.997792	0.885972	1
-0.0159	-0.36073	0.718304	0.796663	1	1	1	0.993703	0.756232	1
-0.0770229	-1.73414	0.0829031	0.190534	1	1	0.770354	0.726959	0.45003	1
-0.0624279	-1.40514	0.15999	0.40378	1	1	0.948378	0.912908	0.452185	1
0.0854878	1.94404	0.0518996	0.107847	0.882294	0.882294	0.595868	0.595868	0.437651	1
-0.0403344	-0.912714	0.3614	0.3614	1	1	0.999511	0.998124	0.986822	1
-0.00191706	-0.0440159	0.964892	0.964892	1	1	1	0.999814	0.964892	1
0.00280929	0.0630069	0.949761	0.949761	1	1	1	0.999985	0.982828	1
0.0403042	0.91535	0.360015	0.415434	1	1	0.999493	0.992623	0.845942	1
-0.0168575	-0.384952	0.700276	0.780116	1	1	1	0.995383	0.810582	1
0.00056488	0.0128006	0.989787	0.991501	1	1	1	0.999896	0.995368	1
-0.000951351	-0.0214193	0.982911	0.982911	1	1	1	0.999846	0.98868	1
0.0236737	0.531396	0.595148	0.595148	1	1	1	0.999906	0.910429	1
-0.000736363	-0.0165947	0.98676	0.98676	1	1	1	1	0.991577	1
0.0580526	1.31729	0.187752	0.191089	1	1	0.970846	0.933019	0.60984	1
0.0761105	1.70916	0.0874306	0.226155	1	1	0.788884	0.746494	0.320911	1
0.0263478	0.595958	0.551207	0.71696	1	1	0.999999	0.998316	0.744874	1
0.0151742	0.339202	0.73446	0.754903	1	1	1	0.999379	0.829876	1
0.0964418	2.15879	0.0308742	0.110343	0.524862	0.493988	0.413237	0.394544	0.187647	0.645421
0.0367292	0.824331	0.409758	0.437392	1	1	0.999872	0.998212	0.758087	1
0.00229222	0.0517923	0.958694	0.958694	1	1	1	0.999973	0.987034	1
-0.0954717	-2.15307	0.0313209	0.0482174	0.532454	0.532454	0.417817	0.417817	0.341892	1
0.00382404	0.0858378	0.931596	0.931596	1	1	1	0.999994	0.935291	1
-0.0370348	-0.829179	0.40701	0.40701	1	1	0.999861	0.999335	0.980506	1
-0.0343378	-0.767569	0.442749	0.573982	1	1	0.999952	0.985269	0.603245	1
-0.048904	-1.09693	0.272682	0.275382	1	1	0.99554	0.993868	0.937638	1
-0.0281591	-0.630923	0.528096	0.528096	1	1	0.999997	0.998888	0.865644	1
0.11617	2.59891	0.0093566	0.0573812	0.159062	0.149706	0.147695	0.139645	0.0795311	0.273552
0.0379551	0.850972	0.394792	0.576877	1	1	0.999804	0.969135	0.516266	1
0.0749973	1.69988	0.0891633	0.120555	1	1	0.795596	0.753619	0.389149	1
-0.0181494	-0.407485	0.683655	0.760739	1	1	1	0.98909	0.726383	1
0.0542153	1.22077	0.222183	0.407323	1	1	0.986039	0.961858	0.563869	1
0.0118496	0.26728	0.789255	0.789255	1	1	1	0.999955	0.876963	1
-0.0333871	-0.754355	0.450642	0.450642	1	1	0.999962	0.998625	0.987432	1
-0.0177818	-0.416116	0.677328	0.677328	1	1	1	0.999911	0.998932	1
0.0816339	1.84955	0.0643875	0.174553	1	0.965812	0.677424	0.631498	0.364862	1
0.0250295	0.563077	0.573387	0.687066	1	1	0.999999	0.997297	0.812298	1
0.0876092	1.97877	0.0478511	0.233356	0.813469	0.765617	0.565507	0.543671	0.218207	0.750536
-0.088028	-1.98913	0.0466953	0.0859623	0.793821	0.793821	0.556453	0.556453	0.46439	1
-0.0378017	-0.857498	0.391176	0.391176	1	1	0.999783	0.998955	0.998007	1
0.0240392	0.544014	0.586436	0.586436	1	1	1	0.999684	0.764138	1
0.0386701	0.87254	0.38292	0.48876	1	1	0.999727	0.99506	0.629852	1
0.0596502	1.35846	0.174327	0.174327	1	1	0.961475	0.94349	0.798907	1
-0.000346771	-0.0078241	0.993757	0.995484	1	1	1	0.996954	0.993757	1
0.0282562	0.636646	0.52436	0.52436	1	1	0.999997	0.999407	0.942696	1
-0.00114776	-0.0258641	0.979366	0.984058	1	1	1	0.996981	0.979366	1
-0.0210701	-0.474086	0.635442	0.635442	1	1	1	0.999991	0.956156	1
-0.0650369	-1.49372	0.135259	0.135259	1	1	0.915459	0.886944	0.661699	1
-0.0504106	-1.12705	0.259731	0.259731	1	1	0.99398	0.964263	0.630774	1
-0.0522259	-1.17992	0.238042	0.268395	1	1	0.990164	0.977765	0.747823	1
0.00523905	0.118469	0.905697	0.905697	1	1	1	0.999022	0.962303	1
-0.0587245	-1.33303	0.182533	0.182533	1	1	0.967492	0.960233	0.794214	1
0.0043868	0.0990317	0.921114	0.948573	1	1	1	0.993777	0.949692	1
0.0533149	1.1961	0.231667	0.231667	1	1	0.988667	0.971797	0.769693	1
-0.0092292	-0.208838	0.834576	0.834576	1	1	1	0.999761	0.910927	1
-0.00557556	-0.131513	0.895371	0.910819	1	1	1	0.998014	0.951331	1
0.0235624	0.528602	0.597085	0.60464	1	1	1	0.998244	0.717546	1
-0.00525218	-0.118169	0.905935	0.905935	1	1	1	0.999217	0.966389	1
0.0340243	0.761622	0.446291	0.465033	1	1	0.999957	0.997291	0.909423	1
0.00888307	0.199336	0.842001	0.842001	1	1	1	0.999946	0.989338	1
-0.0835523	-1.87925	0.0602194	0.106206	1	0.931315	0.652103	0.616923	0.341243	1
-0.0284756	-0.637663	0.523698	0.680615	1	1	0.999997	0.996499	0.778888	1
0.0778466	1.74536	0.0809329	0.0809329	1	1	0.761821	0.718026	0.45862	1
0.0420529	0.94497	0.344682	0.344682	1	1	0.999242	0.99589	0.900789	1
-0.0220036	-0.4986	0.618065	0.672615	1	1	1	0.998205	0.872619	1
0.0311536	0.705822	0.480304	0.659275	1	1	0.999985	0.977446	0.62809	1
0.128963	2.9149	0.00356054	0.0142231	0.0605292	0.0605292	0.0588354	0.0588354	0.0605292	0.208193
-0.0881878	-1.98347	0.0473242	0.0473242	0.804512	0.757187	0.561401	0.539614	0.402256	1
-0.0220725	-0.510942	0.609395	0.609395	1	1	1	0.999628	0.833469	1
-0.0435696	-0.99097	0.321708	0.334439	1	1	0.998638	0.993567	0.885362	1
0.00088567	0.0199784	0.984061	0.984061	1	1	1	0.999972	0.984061	1
-0.0376719	-0.851712	0.394381	0.499499	1	1	0.999802	0.98904	0.744941	1
0.0357567	0.808126	0.419024	0.572066	1	1	0.999902	0.985614	0.647583	1
0.0718678	1.63426	0.102215	0.157118	1	1	0.84007	0.821862	0.79213	1
0.0282582	0.633367	0.526499	0.621068	1	1	0.999997	0.994664	0.81368	1
0.0235824	0.527215	0.598048	0.598048	1	1	1	0.999876	0.912842	1
0.0718523	1.65544	0.0978458	0.346998	1	1	0.826311	0.798714	0.436691	1
-0.000339508	-0.00772246	0.993838	0.993838	1	1	1	0.999988	0.993838	1
-0.0236662	-0.536151	0.591858	0.591858	1	1	1	0.99923	0.833329	1
0.00127265	0.0292237	0.976686	0.980761	1	1	1	0.999483	0.984812	1
0.00120942	0.0272197	0.978285	0.978285	1	1	1	0.999989	0.978285	1
-0.0542416	-1.23508	0.216809	0.216809	1	1	0.984305	0.979961	0.890325	1
-0.041139	-0.933253	0.350697	0.350697	1	1	0.999352	0.994385	0.821563	1
-0.0345536	-0.778966	0.436006	0.44783	1	1	0.999941	0.998964	0.922364	1
-0.0331885	-0.749585	0.45351	0.45351	1	1	0.999965	0.997624	0.96371	1
-0.000708641	-0.016108	0.987148	0.987148	1	1	1	1	0.987148	1
-0.00842452	-0.19001	0.849302	0.902328	1	1	1	0.997619	0.909193	1
0.00288127	0.0647197	0.948398	0.948398	1	1	1	0.999761	0.949073	1
0.0932323	2.1045	0.0353428	0.0495205	0.600828	0.600828	0.457573	0.457573	0.528251	1
0.010205	0.229435	0.818532	0.854576	1	1	1	0.999812	0.953766	1
0.00904331	0.20345	0.838785	0.838785	1	1	1	0.999926	0.988834	1
-0.000721558	-0.0162814	0.98701	0.988228	1	1	1	0.997383	0.98701	1
0.0430765	0.965242	0.334431	0.334431	1	1	0.999013	0.994971	0.99542	1
0.0196656	0.44653	0.655217	0.655217	1	1	1	0.99998	0.91722	1
-0.00123818	-0.0278192	0.977807	0.981553	1	1	1	0.997486	0.977807	1
-0.00546335	-0.125619	0.900035	0.902373	1	1	1	0.999416	0.956287	1
0.0409997	0.930257	0.352245	0.375074	1	1	0.999378	0.996465	0.904449	1
-0.0425473	-0.96296	0.335575	0.398679	1	1	0.999042	0.997829	0.757553	1
-0.0150572	-0.344999	0.730097	0.730097	1	1	1	0.999892	0.957615	1
-0.0209375	-0.470121	0.638272	0.638272	1	1	1	0.999775	0.969049	1
0.0160637	0.359779	0.719015	0.719015	1	1	1	0.998351	0.873089	1
0.0484047	1.08649	0.277271	0.345612	1	1	0.995995	0.985321	0.824735	1
-0.0357016	-0.800141	0.423636	0.453586	1	1	0.999915	0.996559	0.809434	1
-0.0255672	-0.574008	0.565966	0.601418	1	1	0.999999	0.995968	0.74011	1
-0.0369823	-0.837094	0.402546	0.402546	1	1	0.999843	0.997497	0.894246	1
0.0635544	1.44928	0.147269	0.184972	1	1	0.933349	0.90834	0.755437	1
0.0710649	1.60282	0.108984	0.108984	1	1	0.859377	0.842177	0.816168	1
0.00562686	0.12674	0.899147	0.899147	1	1	1	0.99999	0.979163	1
-0.0281535	-0.634088	0.526028	0.530925	1	1	0.999997	0.998818	0.876432	1
-0.0590022	-1.34236	0.17949	0.337388	1	1	0.965372	0.906888	0.508556	1
0.0216496	0.491401	0.623146	0.714336	1	1	1	0.989038	0.706233	1
0.035988	0.815801	0.41462	0.41462	1	1	0.999889	0.997234	0.883984	1
0.00348497	0.0782359	0.937641	0.958571	1	1	1	0.994046	0.937641	1
-0.0533252	-1.22373	0.221063	0.315461	1	1	0.985693	0.961138	0.552445	1
-0.000662713	-0.0147822	0.988206	0.989689	1	1	1	0.999458	0.988206	1
-0.00839005	-0.190492	0.848925	0.848925	1	1	1	0.999996	0.962115	1
0.0193927	0.438836	0.660783	0.660783	1	1	1	0.999516	0.920673	1
0.0468564	1.0579	0.290108	0.499499	1	1	0.997047	0.972394	0.540428	1
0.0508911	1.1436	0.252798	0.252798	1	1	0.992946	0.959466	0.613938	1
-0.0105377	-0.235346	0.813942	0.813942	1	1	1	0.999913	0.93067	1
-0.00166432	-0.03727	0.97027	0.97027	1	1	1	0.999994	0.993954	1
-0.00820115	-0.192046	0.847707	0.847707	1	1	1	0.999846	0.913711	1
-0.0396618	-0.902191	0.366963	0.366963	1	1	0.999579	0.998949	0.9825	1
-0.0276776	-0.621619	0.534197	0.534197	1	1	0.999998	0.999519	0.901177	1
-0.0155951	-0.354859	0.722697	0.72715	1	1	1	0.999965	0.925938	1
0.0437829	0.990002	0.322181	0.444505	1	1	0.998654	0.986124	0.690113	1
-0.0255511	-0.592393	0.553592	0.553592	1	1	0.999999	0.999296	0.964363	1
-0.00485833	-0.111076	0.911557	0.911557	1	1	1	0.999995	0.941257	1
0.0284391	0.635826	0.524895	0.524895	1	1	0.999997	0.998152	0.787819	1
-0.0191257	-0.432487	0.665391	0.665391	1	1	1	0.999778	0.942637	1
0.0602283	1.35118	0.176649	0.176649	1	1	0.963276	0.955397	0.75292	1
0.0267349	0.603039	0.546487	0.546487	1	1	0.999999	0.99977	0.963231	1
-0.0171094	-0.388296	0.6978	0.723011	1	1	1	0.999546	0.847328	1
-0.0553956	-1.26742	0.205013	0.205013	1	1	0.979764	0.967982	0.851103	1
0.0144499	0.323831	0.746068	0.746068	1	1	1	0.999508	0.845544	1
-0.010658	-0.239329	0.810852	0.825774	1	1	1	0.998596	0.86153	1
0.0940368	2.11511	0.0344282	0.0344282	0.58528	0.58528	0.448764	0.448764	0.453999	1
-0.0171145	-0.390281	0.696331	0.696331	1	1	1	0.999941	0.912017	1
-0.0213625	-0.485043	0.627649	0.627649	1	1	1	0.999862	0.9456	1
0.0543387	1.22535	0.220454	0.393521	1	1	0.985502	0.969396	0.553075	1
0.0765179	1.71627	0.0861223	0.0861223	1	1	0.78368	0.78368	0.954595	1
0.0363518	0.824824	0.409478	0.409478	1	1	0.999871	0.998938	0.973462	1
-0.00309159	-0.0691405	0.944878	0.944878	1	1	1	0.999988	0.944878	1
-0.012317	-0.275976	0.782568	0.782568	1	1	1	0.99987	0.87749	1
-0.0563795	-1.26838	0.204672	0.204672	1	1	0.979616	0.967775	0.953744	1
-0.00469056	-0.106469	0.915211	0.915211	1	1	1	0.999934	0.977697	1
0.0667573	1.49799	0.134146	0.206008	1	1	0.913591	0.884743	0.629664	1
-0.0247344	-0.554902	0.578966	0.578966	1	1	1	0.998641	0.807447	1
0.0343485	0.794224	0.427071	0.62928	1	1	0.999923	0.979737	0.615337	1
-0.0489644	-1.10319	0.269954	0.459007	1	1	0.995247	0.965747	0.573651	1
-0.0220905	-0.493833	0.621427	0.621427	1	1	1	0.999673	0.908162	1
-0.0176658	-0.400306	0.688934	0.688934	1	1	1	0.99841	0.836563	1
-0.00483566	-0.108792	0.913368	0.913368	1	1	1	0.999997	0.976442	1
-0.00920527	-0.206544	0.836367	0.839218	1	1	1	0.99963	0.932232	1
-0.0245613	-0.55562	0.578475	0.578475	1	1	1	0.999257	0.897977	1
-0.0025132	-0.0561566	0.955217	0.958896	1	1	1	0.999702	0.955217	1
0.0601095	1.3772	0.168461	0.235594	1	1	0.956548	0.896427	0.462403	1
-0.0475479	-1.06583	0.286507	0.377143	1	1	0.996782	0.97881	0.631505	1
-0.0110235	-0.247434	0.804574	0.804574	1	1	1	0.999422	0.932347	1
0.0799006	1.79831	0.0721379	0.0803822	1	1	0.719961	0.698189	0.542989	1
0.00999445	0.225207	0.82182	0.82182	1	1	1	0.999982	0.870636	1
0.048983	1.1046	0.269344	0.297094	1	1	0.995179	0.99097	0.717691	1
-0.018997	-0.433276	0.664817	0.664817	1	1	1	0.999841	0.973377	1
0.0492389	1.11717	0.263931	0.366836	1	1	0.994535	0.974706	0.646335	1
0.0456173	1.02176	0.306903	0.306903	1	1	0.998034	0.982269	0.745336	1
0.0317796	0.713505	0.475539	0.537155	1	1	0.999983	0.995963	0.805417	1
-0.0605098	-1.37282	0.169817	0.254653	1	1	0.957738	0.926136	0.664653	1
-0.0304645	-0.683073	0.494566	0.551466	1	1	0.999991	0.995741	0.76885	1
-0.0308025	-0.689186	0.490711	0.60431	1	1	0.99999	0.995474	0.750302	1
-0.0183162	-0.410292	0.681594	0.681594	1	1	1	0.999966	0.953279	1
-0.0212634	-0.475928	0.634129	0.634129	1	1	1	0.999152	0.89835	1
-0.030282	-0.685924	0.492766	0.492766	1	1	0.99999	0.998873	0.939844	1
-0.0692527	-1.56697	0.117132	0.117132	1	1	0.87971	0.863751	0.776072	1
0.0213521	0.480145	0.631128	0.668259	1	1	1	0.998822	0.894098	1
-0.0634276	-1.41567	0.156881	0.238039	1	1	0.945032	0.908285	0.577922	1
-0.0565124	-1.27651	0.201785	0.215989	1	1	0.978321	0.966038	0.837632	1
-0.0590945	-1.32959	0.183664	0.246821	1	1	0.968248	0.899768	0.446042	1
-0.00669486	-0.150277	0.880547	0.889768	1	1	1	0.999094	0.880547	1
-0.027898	-0.633918	0.526139	0.594366	1	1	0.999997	0.997458	0.811566	1
-0.0414537	-0.934161	0.350228	0.461555	1	1	0.999344	0.987909	0.739666	1
-0.0504847	-1.14472	0.252332	0.252332	1	1	0.992871	0.987246	0.896015	1
-0.039374	-0.892246	0.372268	0.372268	1	1	0.999635	0.999074	0.932586	1
-0.0665994	-1.51668	0.129357	0.300128	1	1	0.905096	0.8748	0.567463	1
0.0324176	0.729039	0.465983	0.465983	1	1	0.999977	0.998114	0.918789	1
0.0351092	0.792952	0.427812	0.427812	1	1	0.999924	0.999295	0.890741	1
0.051621	1.15739	0.24712	0.24712	1	1	0.991977	0.9812	0.803732	1
0.0907698	2.02895	0.042472	0.042472	0.722024	0.679552	0.521838	0.500628	0.273993	0.942414
0.0189756	0.402899	0.687025	0.786212	1	1	1	0.99293	0.778629	1
0.0393092	0.85617	0.391911	0.553756	1	1	0.999787	0.981305	0.659383	1
0.0209853	0.450768	0.652161	0.790498	1	1	1	0.993914	0.692921	1
0.0451211	0.972992	0.330566	0.507205	1	1	0.998911	0.976525	0.550498	1
0.0499752	1.06158	0.288435	0.467953	1	1	0.996926	0.984243	0.610726	1
0.0842377	1.85148	0.064112	0.064112	1	0.961679	0.675805	0.629866	0.363301	1
0.0569005	1.23173	0.218062	0.397275	1	1	0.984727	0.947752	0.569216	1
0.0821195	1.79596	0.0725114	0.223219	1	1	0.721871	0.700127	0.562174	1
0.109067	2.33316	0.019647	0.138834	0.333999	0.333999	0.286322	0.286322	0.279582	0.961638
0.0822659	1.77559	0.0758113	0.174435	1	1	0.738223	0.719752	0.467115	1
0.106373	2.38279	0.017189	0.0386717	0.292213	0.292213	0.255285	0.255285	0.292213	1
0.0713198	1.61833	0.105604	0.105604	1	1	0.850029	0.850029	0.774597	1
0.0895267	1.8948	0.0581291	0.180834	0.988195	0.871937	0.638712	0.592741	0.329398	1
0.064968	1.38766	0.165253	0.226724	1	1	0.953609	0.885539	0.468218	1
0.0806129	1.75396	0.0794487	0.16609	1	1	0.755197	0.711118	0.450209	1
0.0828013	1.76479	0.0776102	0.235663	1	1	0.746752	0.702342	0.439791	1
