0	0	0	0	0	0	0	0	0	0
0.00542624	0.865243	0.386912	0.386912	1	1	0.999756	0.9954	0.939643	1
0.00354148	0.816808	0.414044	0.414044	1	1	0.999887	0.998259	0.976735	1
-0.00247285	-0.351196	0.725444	0.768729	1	1	1	0.99903	0.880896	1
-0.00228315	-0.352251	0.724652	0.763064	1	1	1	0.999171	0.879935	1
0.00511541	0.861432	0.389007	0.44679	1	1	0.99977	0.997293	0.839619	1
0.00316571	0.792033	0.428347	0.428347	1	1	0.999926	0.996273	0.910238	1
-0.00834967	-1.06057	0.288892	0.480289	1	1	0.99696	0.971635	0.564021	1
-0.00463415	-1.13434	0.256662	0.427687	1	1	0.993541	0.97154	0.528184	1
-0.00077638	-0.114512	0.908833	0.916375	1	1	1	0.999435	0.912094	1
-0.000721017	-0.207199	0.835856	0.860126	1	1	1	0.999274	0.999744	1
-0.017284	-2.94726	0.00320833	0.0872859	0.0545417	0.0513334	0.053164	0.0501165	0.0272708	0.0937995
-0.0140893	-2.44791	0.0143741	0.140593	0.244359	0.229985	0.218181	0.20678	0.12218	0.420243
-0.000417456	-0.0596956	0.952398	0.96778	1	1	1	0.994074	0.952398	1
0.00276581	0.392032	0.695037	0.715335	1	1	1	0.999366	0.880171	1
-0.0113478	-1.70852	0.0875491	0.0875491	1	1	0.78935	0.769138	0.486015	1
-0.0120349	-1.83522	0.0664825	0.148671	1	1	0.689486	0.656233	0.365038	1
-0.0245658	-3.34995	0.000809198	0.000809198	0.0137564	0.0137564	0.0136677	0.0136677	0.0137564	0.0473157
-0.0212889	-2.92237	0.00347616	0.0457879	0.0590947	0.0556185	0.0574795	0.0541917	0.0295473	0.10163
-0.00134533	-0.177085	0.859443	0.859443	1	1	1	0.999934	0.932667	1
-0.000149789	-0.0200621	0.983994	0.990531	1	1	1	0.998005	0.983994	1
-0.0149782	-1.88426	0.0595389	0.0595389	1	1	0.647796	0.647796	0.537491	1
-0.0081518	-1.00814	0.313397	0.315116	1	1	0.998325	0.988859	0.761106	1
-0.00553364	-0.734469	0.462668	0.499499	1	1	0.999974	0.996266	0.838282	1
-0.00386056	-0.513216	0.607804	0.607804	1	1	1	0.999675	0.784807	1
-0.0144284	-2.2446	0.0248004	0.0874437	0.421606	0.372006	0.347486	0.313876	0.140535	0.483379
-0.000468818	-0.0799563	0.936273	0.944427	1	1	1	0.998816	0.936273	1
-0.00054457	-0.0933959	0.92559	0.92559	1	1	1	0.999891	0.92559	1
0.00241848	0.400446	0.688831	0.791703	1	1	1	0.997083	0.864125	1
0.00952396	1.56361	0.117919	0.212407	1	1	0.88152	0.865681	0.69463	1
0.000261793	0.0362861	0.971054	0.971054	1	1	1	0.999968	0.971054	1
0.00702454	0.962949	0.33558	0.33558	1	1	0.999042	0.996733	0.909115	1
0.00852226	1.18687	0.235286	0.275608	1	1	0.989541	0.982115	0.826454	1
0.00489789	0.686451	0.492434	0.492434	1	1	0.99999	0.999424	0.904218	1
-0.00171953	-0.214128	0.830449	0.88017	1	1	1	0.999905	0.936584	1
0.00110122	0.137068	0.890978	0.890978	1	1	1	1	0.975012	1
0.0155249	1.96756	0.0491268	0.131985	0.835156	0.736902	0.575298	0.53028	0.278385	0.957521
-0.000875203	-0.109483	0.91282	0.91282	1	1	1	0.999981	0.990123	1
0.00167507	0.249093	0.80329	0.813735	1	1	1	0.999942	0.974107	1
0.00143906	0.210498	0.833281	0.870901	1	1	1	0.995783	0.833281	1
-0.00637616	-0.927694	0.353573	0.353573	1	1	0.999399	0.994676	0.849281	1
-0.000112605	-0.0162846	0.987007	0.987007	1	1	1	0.998658	0.987007	1
-0.000521485	-0.0687219	0.945211	0.949677	1	1	1	0.999855	0.996029	1
0.00389634	0.510735	0.60954	0.626098	1	1	1	0.998034	0.799385	1
0.0065882	0.875852	0.381117	0.441719	1	1	0.999713	0.99366	0.809874	1
0.0013964	0.190895	0.848609	0.848609	1	1	1	0.999881	0.912808	1
-0.00716779	-0.968228	0.332938	0.332938	1	1	0.998975	0.996	0.988689	1
-0.00172236	-0.226716	0.820646	0.822907	1	1	1	0.998829	0.892294	1
0.00319429	0.452593	0.650845	0.650845	1	1	1	0.999888	0.924912	1
-0.00243414	-0.340184	0.73372	0.73372	1	1	1	0.999886	0.941947	1
0.00931245	1.17002	0.242001	0.421355	1	1	0.990998	0.974891	0.615417	1
0.00219196	0.292346	0.770024	0.770024	1	1	1	0.99998	0.986543	1
-0.00362856	-0.467031	0.640481	0.764806	1	1	1	0.983464	0.680511	1
0.0106893	1.37347	0.169617	0.185861	1	1	0.957564	0.925886	0.619807	1
-0.00573207	-0.779116	0.435917	0.499499	1	1	0.999941	0.997058	0.697942	1
0.00038961	0.0526812	0.957986	0.957986	1	1	1	0.999997	0.995697	1
0.000954508	0.124055	0.901272	0.905238	1	1	1	0.999351	0.98225	1
-0.00391651	-0.527083	0.59814	0.661935	1	1	1	0.995324	0.726313	1
0.0144825	2.02196	0.0431891	0.0683055	0.734216	0.647837	0.52789	0.484307	0.244739	0.841791
-0.0079571	-1.09318	0.274323	0.345084	1	1	0.995708	0.991646	0.763445	1
-0.0126793	-1.60828	0.107783	0.164029	1	1	0.856121	0.819259	0.610771	1
-0.0004012	-0.0505527	0.959682	0.966206	1	1	1	0.996676	0.959682	1
0.010441	1.33086	0.183244	0.183244	1	1	0.967969	0.960783	0.871101	1
-0.00723899	-0.911332	0.362127	0.499499	1	1	0.999521	0.984563	0.616468	1
-0.0139408	-1.80387	0.0712608	0.0712608	1	1	0.715426	0.670081	0.377704	1
-0.00895859	-1.14524	0.25212	0.46556	1	1	0.992836	0.95906	0.546358	1
-0.00474151	-0.597683	0.550055	0.550055	1	1	0.999999	0.998355	0.72194	1
-0.0018667	-0.239958	0.810365	0.810365	1	1	1	0.999782	0.928112	1
0.0166889	2.36428	0.0180709	0.149221	0.307205	0.274286	0.266564	0.241691	0.102402	0.352216
0.0147374	2.0992	0.0358069	0.0805993	0.608718	0.572911	0.461993	0.442013	0.304359	1
0.00253617	0.336163	0.73675	0.786685	1	1	1	0.999555	0.848781	1
-0.00800588	-1.12283	0.26152	0.26152	1	1	0.994222	0.985653	0.996035	1
-0.0130119	-1.69097	0.0908522	0.0908522	1	1	0.801945	0.782153	0.41534	1
-0.00946378	-1.24702	0.212398	0.212398	1	1	0.982733	0.943025	0.601794	1
0.00230023	0.299613	0.764474	0.764474	1	1	1	0.999858	0.912212	1
0.0026131	0.337459	0.735773	0.735773	1	1	1	0.999996	0.870011	1
-0.00855484	-1.10019	0.271258	0.38246	1	1	0.995389	0.977567	0.681702	1
-0.00115042	-0.147252	0.882934	0.882934	1	1	1	0.999992	0.901914	1
0.000320487	0.0527015	0.95797	0.95797	1	1	1	0.999963	0.979519	1
-0.000686509	-0.111691	0.911069	0.911069	1	1	1	0.999965	0.938432	1
0.0033925	0.496685	0.619415	0.619415	1	1	1	0.999832	0.962448	1
-0.00437001	-0.623734	0.532807	0.532807	1	1	0.999998	0.99894	0.827431	1
-0.00125362	-0.16725	0.867174	0.867174	1	1	1	0.999903	0.867174	1
7.08904e-06	0.000942519	0.999248	0.999248	1	1	1	0.999996	0.999248	1
-0.00108504	-0.179117	0.857847	0.857847	1	1	1	0.999977	0.977677	1
0.00550298	0.902622	0.366733	0.366733	1	1	0.999576	0.989628	0.779308	1
-0.00118393	-0.18459	0.853551	0.853551	1	1	1	0.999849	0.966407	1
-0.00401524	-0.627811	0.530132	0.622908	1	1	0.999997	0.989906	0.727222	1
0.00339573	0.445569	0.655912	0.706776	1	1	1	0.999755	0.835451	1
0.00461132	0.62665	0.530893	0.548784	1	1	0.999997	0.998236	0.840575	1
0.00934978	1.45768	0.144938	0.236543	1	1	0.930183	0.888322	0.615985	1
0.00501661	0.757437	0.448794	0.492009	1	1	0.99996	0.997411	0.862557	1
-0.00144468	-0.207465	0.835648	0.835648	1	1	1	0.999891	0.936229	1
-0.00217711	-0.314994	0.752768	0.77111	1	1	1	0.999106	0.752768	1
-0.00202764	-0.266153	0.790123	0.790123	1	1	1	0.999953	0.993478	1
0.00618338	0.807111	0.419609	0.454102	1	1	0.999904	0.997483	0.769853	1
0.00268236	0.42192	0.673086	0.673086	1	1	1	0.999664	0.879774	1
-0.00382897	-0.609903	0.54193	0.54193	1	1	0.999998	0.999814	0.924952	1
-0.00498308	-0.688365	0.491228	0.491228	1	1	0.99999	0.999409	0.978073	1
0.0103961	1.44348	0.148894	0.201173	1	1	0.935476	0.877034	0.506241	1
0.00351183	0.512853	0.608058	0.649912	1	1	1	0.996314	0.795152	1
0.00863442	1.24775	0.21213	0.346447	1	1	0.982633	0.951971	0.601035	1
0.0063203	0.855526	0.392266	0.427505	1	1	0.99979	0.998679	0.803438	1
0.00678951	0.9408	0.346815	0.346815	1	1	0.999283	0.995426	0.941631	1
-0.00339	-0.459056	0.646197	0.646197	1	1	1	0.999464	0.799943	1
0.00732999	0.985315	0.324477	0.450557	1	1	0.99873	0.980212	0.689514	1
0.0174412	2.31825	0.0204423	0.103519	0.347518	0.334109	0.2961	0.286402	0.173759	0.597654
0.0092397	1.20194	0.229396	0.296574	1	1	0.988084	0.966208	0.745447	1
0.00285474	0.423461	0.671962	0.671962	1	1	1	0.999974	0.976991	1
0.00921437	1.36324	0.172816	0.172816	1	1	0.960259	0.941919	0.862497	1
-0.000430487	-0.0587271	0.95317	0.956712	1	1	1	0.99888	0.95317	1
-0.0022164	-0.30773	0.75829	0.822508	1	1	1	0.999336	0.85646	1
-0.00116814	-0.165674	0.868414	0.868414	1	1	1	0.999977	0.975769	1
0.00212776	0.310629	0.756085	0.75756	1	1	1	0.999949	0.952019	1
0.00225796	0.312391	0.754745	0.754745	1	1	1	0.99978	0.935128	1
0.015522	2.22965	0.0257773	0.062818	0.438214	0.386659	0.358509	0.324113	0.146071	0.50242
-0.00182645	-0.253597	0.799809	0.863623	1	1	1	0.998394	0.936091	1
0.00339763	0.482283	0.629608	0.736101	1	1	1	0.999424	0.873445	1
0.000733068	0.0967941	0.922891	0.922891	1	1	1	0.999984	0.960185	1
0.00656871	0.87454	0.381831	0.381831	1	1	0.999719	0.996886	0.889486	1
-0.0116421	-1.60494	0.108517	0.352035	1	1	0.858121	0.77537	0.296525	1
-0.00233879	-0.328123	0.742821	0.753323	1	1	1	0.999711	0.918529	1
-0.0069225	-0.92442	0.355275	0.552368	1	1	0.999425	0.970146	0.603967	1
-0.00602412	-0.836196	0.403051	0.608474	1	1	0.999845	0.954157	0.517065	1
0.000729698	0.0951484	0.924198	0.94346	1	1	1	0.994061	0.924198	1
0.000967609	0.129492	0.896969	0.927076	1	1	1	0.999775	0.983674	1
0.00368069	0.456845	0.647786	0.803641	1	1	1	0.99458	0.847104	1
0.0052638	0.664844	0.506155	0.652599	1	1	0.999994	0.996462	0.718763	1
-0.00257619	-0.316474	0.751645	0.783535	1	1	1	0.999912	0.931221	1
-0.00105511	-0.131409	0.895453	0.902431	1	1	1	0.997754	0.895453	1
-0.00894758	-1.35083	0.176759	0.347232	1	1	0.96336	0.920229	0.533922	1
0.000987231	0.147391	0.882825	0.882825	1	1	1	0.999978	0.980378	1
-0.0143409	-2.1444	0.032008	0.121305	0.544135	0.544135	0.424798	0.424798	0.27261	0.937656
-0.00776009	-1.18267	0.236951	0.308301	1	1	0.989922	0.977315	0.794022	1
0.00408032	0.573424	0.566362	0.566362	1	1	0.999999	0.999458	0.86533	1
0.000254935	0.0360159	0.97127	0.976794	1	1	1	0.997908	0.97127	1
-0.0180483	-2.52309	0.0116376	0.0424089	0.197839	0.197839	0.180449	0.180449	0.10491	0.360844
-0.00609145	-0.799428	0.424048	0.424048	1	1	0.999916	0.995983	0.820579	1
-0.00604323	-0.799117	0.424228	0.424228	1	1	0.999916	0.998673	0.945148	1
-0.000593288	-0.0809493	0.935483	0.935483	1	1	1	0.999983	0.990328	1
0.00432884	0.597796	0.54998	0.54998	1	1	0.999999	0.999713	0.762116	1
-0.000286034	-0.041498	0.966899	0.966899	1	1	1	0.999987	0.973302	1
0.000232104	0.0294928	0.976472	0.981735	1	1	1	0.996886	0.976472	1
0.00221263	0.319281	0.749515	0.749515	1	1	1	0.999723	0.89519	1
-0.00160211	-0.212611	0.831632	0.831632	1	1	1	0.99922	0.883609	1
0.00558706	0.665445	0.505771	0.505771	1	1	0.999994	0.998241	0.828919	1
0.000643432	0.0879367	0.929928	0.930057	1	1	1	0.999918	0.929928	1
0.00606072	0.800502	0.423426	0.602705	1	1	0.999914	0.987787	0.700142	1
0.00358164	0.435632	0.663106	0.663106	1	1	1	0.999507	0.795932	1
0.00351396	0.46166	0.644329	0.644329	1	1	1	0.998537	0.782399	1
0.00683604	0.921922	0.356576	0.499499	1	1	0.999445	0.981099	0.673533	1
0.00163351	0.20639	0.836488	0.836488	1	1	1	0.999896	0.893855	1
0.00534678	0.720936	0.470954	0.55378	1	1	0.99998	0.991464	0.676029	1
0.00148467	0.210084	0.833603	0.918741	1	1	1	0.995811	0.849477	1
-0.0130742	-1.76566	0.077462	0.24167	1	0.866202	0.746059	0.593046	0.188122	0.647055
0.00448528	0.637259	0.523961	0.712655	1	1	0.999997	0.984465	0.685179	1
-0.0105891	-1.48183	0.138395	0.499154	1	1	0.920523	0.774532	0.262011	0.901201
-0.00673409	-0.888314	0.374379	0.532292	1	1	0.999655	0.977415	0.578585	1
-0.00196364	-0.273368	0.784572	0.826766	1	1	1	0.997398	0.882142	1
-0.00695522	-0.931773	0.351461	0.499499	1	1	0.999365	0.979703	0.597661	1
-0.00549412	-0.73078	0.464919	0.620435	1	1	0.999976	0.976195	0.604603	1
-0.0106308	-1.41984	0.155665	0.193227	1	1	0.943668	0.868726	0.413688	1
-0.015356	-2.04928	0.0404427	0.14008	0.687526	0.687526	0.504316	0.504316	0.508305	1
0.021179	2.6771	0.00743012	0.141709	0.126312	0.111452	0.119076	0.105838	0.042104	0.144819
-0.00845112	-1.12276	0.261548	0.395187	1	1	0.994226	0.973705	0.669765	1
-0.00876674	-1.31737	0.187723	0.296516	1	1	0.970828	0.932988	0.636066	1
-0.00354531	-0.498946	0.617821	0.617821	1	1	1	0.999826	0.95697	1
0.00116345	0.154347	0.877337	0.896711	1	1	1	0.999026	0.877337	1
0.00693408	0.869916	0.384353	0.499499	1	1	0.999738	0.991503	0.707625	1
-0.00367798	-0.573237	0.566488	0.749608	1	1	0.999999	0.987005	0.687879	1
0.0119192	1.73692	0.0824106	0.0824106	1	1	0.768249	0.724751	0.433206	1
-0.00510768	-0.799648	0.423921	0.472294	1	1	0.999915	0.995974	0.854703	1
-0.00649486	-0.986737	0.323779	0.499499	1	1	0.998707	0.970434	0.611582	1
0.000368953	0.0540155	0.956923	0.972217	1	1	1	0.995484	0.956923	1
-0.000344074	-0.05832	0.953494	0.953494	1	1	1	0.999899	0.981219	1
-0.0108131	-1.43087	0.152478	0.152478	1	1	0.939943	0.883598	0.43595	1
-0.00495622	-0.811077	0.417327	0.417327	1	1	0.999897	0.999108	0.847752	1
0.000569664	0.0919104	0.92677	0.92677	1	1	1	0.999971	0.99418	1
0.00460581	0.633755	0.526245	0.526245	1	1	0.999997	0.999531	0.901231	1
0.00750912	1.09236	0.274684	0.378738	1	1	0.995744	0.984624	0.752529	1
0.00480331	0.636516	0.524445	0.650543	1	1	0.999997	0.996305	0.810505	1
0.0186269	2.63634	0.00838457	0.0241887	0.142538	0.134153	0.133366	0.126038	0.0712688	0.245133
0.0127269	1.7036	0.0884654	0.148396	1	1	0.792918	0.750772	0.501304	1
-0.0205961	-2.53906	0.0111198	0.0491015	0.189037	0.177917	0.17312	0.163822	0.0945185	0.325101
7.5189e-05	0.0123376	0.990156	0.990156	1	1	1	0.999916	0.990156	1
-0.00371826	-0.543777	0.586599	0.586599	1	1	1	0.999854	0.968417	1
0.00030089	0.0478453	0.96184	0.973981	1	1	1	0.994044	0.96184	1
0.00379009	0.587702	0.556737	0.684701	1	1	0.999999	0.99007	0.691293	1
0.00369472	0.594796	0.551984	0.634845	1	1	0.999999	0.998184	0.815046	1
0.0129937	2.08144	0.0374014	0.100001	0.635823	0.598422	0.476919	0.456595	0.317912	1
0.00318651	0.566454	0.57109	0.58777	1	1	0.999999	0.998698	0.882593	1
0.000863816	0.12073	0.903905	0.903905	1	1	1	0.999149	0.937722	1
0.00155547	0.268832	0.788061	0.788061	1	1	1	0.999572	0.912858	1
-0.00152433	-0.229197	0.818717	0.847125	1	1	1	0.999953	0.964187	1
0.0117743	1.55092	0.120932	0.241631	1	1	0.888215	0.837713	0.51396	1
0.00598041	1.0047	0.315049	0.393963	1	1	0.998392	0.984431	0.673438	1
0.00528739	0.676351	0.498823	0.518755	1	1	0.999992	0.998484	0.776816	1
-0.00147502	-0.206515	0.83639	0.848784	1	1	1	0.999845	0.926575	1
0.00524926	0.727276	0.467062	0.499499	1	1	0.999977	0.996532	0.882229	1
0.0131846	1.65984	0.0969562	0.0969562	1	1	0.823376	0.803961	0.549419	1
0.00329524	0.522792	0.601123	0.707055	1	1	1	0.99911	0.881452	1
0.00286642	0.430488	0.666844	0.731595	1	1	1	0.996219	0.666844	1
-0.00231199	-0.373334	0.708902	0.708902	1	1	1	0.999912	0.883685	1
-0.000770123	-0.113525	0.909615	0.92049	1	1	1	0.99993	0.999442	1
-0.00799753	-1.17241	0.241041	0.427599	1	1	0.990802	0.968604	0.545434	1
0.00624652	1.07062	0.284348	0.35854	1	1	0.996612	0.981952	0.762885	1
-0.00594874	-0.78949	0.429832	0.577574	1	1	0.999929	0.988831	0.730714	1
-0.00259389	-0.425783	0.670269	0.670269	1	1	1	0.999954	0.986308	1
-0.000173619	-0.0292723	0.976648	0.977749	1	1	1	0.999297	0.976648	1
-0.00783734	-1.08568	0.277628	0.308351	1	1	0.996029	0.989464	0.735024	1
0.00848878	1.22124	0.222004	0.431045	1	1	0.985984	0.959877	0.544761	1
0.00411461	0.55673	0.577716	0.65728	1	1	1	0.997967	0.832675	1
0.00758702	1.04371	0.296626	0.440344	1	1	0.997476	0.970361	0.63033	1
0.0075645	1.00441	0.315189	0.414314	1	1	0.998398	0.983633	0.660316	1
-0.0072858	-0.911202	0.362196	0.499499	1	1	0.999522	0.982534	0.684148	1
0.00114273	0.180601	0.856682	0.905115	1	1	1	0.998322	0.943241	1
0.00743958	1.08339	0.278646	0.499499	1	1	0.996123	0.947114	0.524408	1
0.00617431	0.97985	0.327167	0.327167	1	1	0.998813	0.991392	0.926974	1
0.00194642	0.313758	0.753707	0.791957	1	1	1	0.992781	0.828664	1
-0.00111758	-0.159438	0.873325	0.907071	1	1	1	0.999571	0.980453	1
0.00253607	0.398061	0.690588	0.736122	1	1	1	0.993138	0.782667	1
-0.0011811	-0.215174	0.829633	0.829633	1	1	1	0.999978	0.916263	1
0.00471549	0.670221	0.502722	0.502722	1	1	0.999993	0.99884	0.909306	1
0.000437108	0.0765415	0.938989	0.951186	1	1	1	0.999425	0.938989	1
0.000864628	0.129894	0.896651	0.934781	1	1	1	0.998896	0.959806	1
0.00426826	0.584732	0.558732	0.558732	1	1	0.999999	0.999185	0.847364	1
0.00522419	0.8699	0.384362	0.418548	1	1	0.999738	0.992179	0.796152	1
0.013872	1.65089	0.0987711	0.132733	1	1	0.829314	0.789851	0.513847	1
0.00281241	0.34999	0.726348	0.726348	1	1	1	0.998857	0.865421	1
-0.00245415	-0.29155	0.770633	0.781796	1	1	1	0.999793	0.977169	1
-0.0064733	-0.770632	0.440931	0.499499	1	1	0.999949	0.994664	0.787971	1
0.0161992	1.96202	0.0497688	0.0497688	0.84607	0.746533	0.580147	0.535015	0.282023	0.970035
0.0119375	1.49569	0.134744	0.24579	1	1	0.9146	0.901301	0.584483	1
0.00990828	1.18844	0.234667	0.424436	1	1	0.989396	0.969093	0.595064	1
-0.00918369	-1.09779	0.272303	0.499499	1	1	0.995501	0.954412	0.51435	1
0.00323152	0.387574	0.698334	0.716261	1	1	1	0.999051	0.847976	1
0.00382571	0.454778	0.649272	0.649272	1	1	1	0.99995	0.965567	1
0.00174931	0.209691	0.83391	0.837318	1	1	1	0.999724	0.859056	1
0.00709591	0.842459	0.399538	0.499499	1	1	0.999829	0.99516	0.754682	1
0.0111962	1.35153	0.176534	0.261632	1	1	0.963189	0.897418	0.428725	1
0.0114874	1.36011	0.173804	0.246736	1	1	0.961058	0.932508	0.656737	1
-0.00592628	-0.724658	0.468667	0.51264	1	1	0.999979	0.997077	0.796734	1
0.00170873	0.210836	0.833017	0.833017	1	1	1	0.999719	0.989431	1
0.00197735	0.238926	0.811164	0.811164	1	1	1	0.999651	0.984985	1
0.00615467	0.763852	0.444961	0.444961	1	1	0.999955	0.999098	0.880056	1
-0.000266049	-0.031771	0.974655	0.978018	1	1	1	0.999775	0.974655	1
0.00576375	0.70787	0.479031	0.568884	1	1	0.999985	0.994574	0.814353	1
-0.000266631	-0.0318901	0.97456	0.976238	1	1	1	0.99768	0.97456	1
0.000721358	0.0893343	0.928817	0.940307	1	1	1	0.998895	0.928817	1
0.00540424	0.668847	0.503598	0.503598	1	1	0.999993	0.999662	0.818962	1
-0.00223576	-0.269375	0.787643	0.787643	1	1	1	0.999931	0.956423	1
0.0115021	1.4472	0.14785	0.265639	1	1	0.934118	0.922687	0.681765	1
0.00247148	0.319943	0.749014	0.749014	1	1	1	0.99983	0.919076	1
0.0122083	1.51072	0.13087	0.174887	1	1	0.907862	0.859659	0.556199	1
0.00824435	1.01904	0.308191	0.478496	1	1	0.998096	0.97772	0.626317	1
0.0154187	1.93366	0.053164	0.085076	0.903788	0.850624	0.604933	0.58275	0.451894	1
0.00265322	0.310801	0.755954	0.765053	1	1	1	0.999134	0.915778	1
-0.00166249	-0.200081	0.841419	0.903251	1	1	1	0.998022	0.953608	1
0.00773693	0.918927	0.358141	0.456603	1	1	0.999467	0.988131	0.7054	1
-0.00255081	-0.318116	0.750399	0.816268	1	1	1	0.999193	0.931221	1
-0.0112064	-1.31938	0.187052	0.213023	1	1	0.970416	0.944935	0.626061	1
-0.00780064	-0.926675	0.354102	0.402413	1	1	0.999407	0.991838	0.699092	1
0.00815511	0.985898	0.324191	0.339655	1	1	0.998721	0.995855	0.828414	1
0.0125234	1.5653	0.117522	0.117522	1	1	0.88061	0.846693	0.544723	1
0.00768279	0.920047	0.357555	0.357555	1	1	0.999459	0.996037	0.870795	1
0.00179187	0.21505	0.82973	0.871072	1	1	1	0.999682	0.932611	1
0.00614578	0.739355	0.459697	0.499499	1	1	0.999972	0.997636	0.868316	1
0.00944446	1.12561	0.260339	0.260339	1	1	0.994063	0.989149	0.890832	1
-0.00774272	-0.921457	0.356819	0.356819	1	1	0.999448	0.994988	0.85985	1
-0.000534641	-0.0632984	0.949529	0.949529	1	1	1	0.999871	0.984872	1
0.00715427	0.864361	0.387396	0.397524	1	1	0.999759	0.99544	0.839468	1
0.0112974	1.34179	0.179675	0.374074	1	1	0.965504	0.948738	0.581856	1
0.000962344	0.117227	0.906681	0.906681	1	1	1	0.999979	0.947323	1
0.00555365	0.684052	0.493948	0.611441	1	1	0.999991	0.991501	0.68712	1
0.0149986	1.81876	0.068957	0.068957	1	1	0.703185	0.657591	0.309524	1
-4.42929e-06	-0.000549582	0.999562	0.999562	1	1	1	1	0.999562	1
-0.0098065	-1.16615	0.243562	0.243562	1	1	0.991307	0.973451	0.705775	1
-0.0021214	-0.258872	0.795736	0.814518	1	1	1	0.996092	0.845469	1
0.00644183	0.775515	0.438041	0.534499	1	1	0.999944	0.990054	0.736703	1
-0.000923041	-0.114474	0.908863	0.90933	1	1	1	0.999767	0.966047	1
0.00820354	1.01377	0.3107	0.311674	1	1	0.99821	0.994533	0.941866	1
-0.00403824	-0.480254	0.63105	0.63105	1	1	1	0.999101	0.923679	1
0.00857472	1.07843	0.280848	0.41792	1	1	0.996319	0.964892	0.596802	1
0.000728658	0.0940105	0.925101	0.943168	1	1	1	0.995915	0.925101	1
0.00667992	0.828743	0.407256	0.407256	1	1	0.999862	0.996702	0.823522	1
0.00529519	0.662717	0.507517	0.507517	1	1	0.999994	0.999398	0.867337	1
0.0122164	1.52012	0.128491	0.26014	1	1	0.90348	0.887457	0.661362	1
0.0104383	1.22299	0.221342	0.221342	1	1	0.98578	0.961318	0.752562	1
0.00706145	0.846948	0.397031	0.445278	1	1	0.999816	0.99617	0.856992	1
0.0047092	0.537691	0.590794	0.590794	1	1	1	0.999739	0.96303	1
-0.006632	-0.754405	0.450612	0.499499	1	1	0.999962	0.995441	0.772976	1
-0.00990805	-1.14026	0.254185	0.514615	1	1	0.993165	0.912752	0.432115	1
-0.0206809	-2.37624	0.0174967	0.129042	0.297444	0.244954	0.259239	0.218955	0.0743611	0.255769
-0.00867393	-1.00786	0.31353	0.592959	1	1	0.998331	0.928163	0.484547	1
-0.015028	-1.73257	0.0831832	0.445315	1	0.915015	0.771543	0.615312	0.197611	0.679692
-0.0137523	-1.54183	0.123126	0.26138	1	1	0.892865	0.81879	0.345029	1
-0.0114751	-1.28667	0.198218	0.499499	1	1	0.976614	0.880658	0.371635	1
-0.0108265	-1.32882	0.183919	0.183919	1	1	0.968416	0.961298	0.985518	1
-0.00515456	-0.642358	0.520646	0.520646	1	1	0.999996	0.998664	0.905752	1
-0.0133038	-1.56672	0.117191	0.344546	1	1	0.879848	0.84583	0.496841	1
-0.000292862	-0.0347854	0.972251	0.972251	1	1	1	1	0.982441	1
-0.0159482	-1.82873	0.0674504	0.0674504	1	1	0.694913	0.694913	0.904526	1
-0.0103502	-1.17497	0.240016	0.240016	1	1	0.990588	0.983705	0.707836	1
0.00488144	0.700559	0.483583	0.618314	1	1	0.999987	0.991419	0.685077	1
0.000856314	0.109428	0.912864	0.933419	1	1	1	0.999338	0.996086	1
0.00132216	0.161286	0.871869	0.879928	1	1	1	0.99973	0.975555	1
0.00101557	0.12739	0.898633	0.898633	1	1	1	0.999989	0.955929	1
0.000161877	0.019694	0.984288	0.985337	1	1	1	0.999756	0.984288	1
-0.00162294	-0.192131	0.847641	0.847641	1	1	1	0.999655	0.900618	1
-0.0037903	-0.518705	0.60397	0.685454	1	1	1	0.998472	0.864278	1
-0.00813277	-0.993835	0.320311	0.484307	1	1	0.99859	0.985698	0.637084	1
-0.00155171	-0.187317	0.851413	0.851413	1	1	1	0.999963	0.984371	1
0.000636854	0.0802661	0.936026	0.936026	1	1	1	0.999875	0.936026	1
-0.00162088	-0.203957	0.838388	0.838388	1	1	1	0.99998	0.98363	1
-0.0131809	-1.66912	0.0951047	0.141237	1	1	0.817118	0.753182	0.404195	1
-0.000139705	-0.0178875	0.985729	0.989057	1	1	1	0.999987	0.985729	1
-0.000504286	-0.062875	0.949866	0.965247	1	1	1	0.999709	0.962773	1
0.00148861	0.185568	0.852785	0.869832	1	1	1	0.99953	0.965201	1
-0.00388701	-0.489576	0.624438	0.624438	1	1	1	0.998554	0.816572	1
-0.00555439	-0.705286	0.480638	0.688343	1	1	0.999985	0.980374	0.680903	1
0.00250706	0.302508	0.762267	0.799562	1	1	1	0.997746	0.863902	1
0.000659726	0.0800024	0.936236	0.936236	1	1	1	0.999833	0.93802	1
0.0131854	1.57791	0.114597	0.150306	1	1	0.873701	0.794489	0.389629	1
0.019946	2.379	0.0173657	0.0219682	0.295218	0.260486	0.257558	0.231085	0.0984058	0.338472
-0.0104663	-1.25151	0.210758	0.33637	1	1	0.982112	0.963598	0.700503	1
-0.012678	-1.51526	0.129718	0.129718	1	1	0.905763	0.880661	0.735067	1
-0.00178701	-0.2251	0.821903	0.821903	1	1	1	0.999993	0.96004	1
-0.00155411	-0.200727	0.840914	0.840914	1	1	1	0.999602	0.840914	1
0.0136528	1.62941	0.103237	0.236088	1	1	0.843136	0.80494	0.585008	1
0.0072063	0.863292	0.387984	0.548738	1	1	0.999763	0.979807	0.549644	1
-0.00125985	-0.147076	0.883073	0.883073	1	1	1	0.999968	0.982887	1
0.00344661	0.407597	0.683573	0.683573	1	1	1	0.999789	0.873641	1
-0.0114589	-1.43292	0.151892	0.151892	1	1	0.939233	0.900387	0.645542	1
-0.00934452	-1.16463	0.244177	0.244177	1	1	0.991427	0.965243	0.691836	1
-0.00450337	-0.536394	0.59169	0.605775	1	1	1	0.999227	0.856843	1
-0.00616853	-0.738114	0.460451	0.460451	1	1	0.999972	0.999183	0.982067	1
-0.0166649	-2.09774	0.0359366	0.214422	0.610922	0.610922	0.463221	0.463221	0.40697	1
-0.00807625	-1.01585	0.309708	0.345502	1	1	0.998165	0.993965	0.776505	1
-0.0132151	-1.5889	0.112093	0.156136	1	1	0.867492	0.831923	0.534082	1
-0.00386702	-0.469898	0.638432	0.742709	1	1	1	0.997766	0.857508	1
-0.0116948	-1.40969	0.158642	0.254834	1	1	0.946951	0.91093	0.58551	1
-0.0139454	-1.68221	0.0925385	0.243599	1	1	0.808098	0.766964	0.509424	1
-0.0105916	-1.41858	0.156031	0.344291	1	1	0.944083	0.906982	0.520101	1
-0.0111314	-1.50112	0.133336	0.256148	1	1	0.912206	0.883114	0.566774	1
-0.00254072	-0.300459	0.763829	0.817931	1	1	1	0.999259	0.866858	1
0.00310814	0.368042	0.712844	0.712844	1	1	1	0.999653	0.892837	1
-0.0201138	-2.47701	0.0132543	0.0548535	0.225323	0.212069	0.202944	0.192237	0.112662	0.387506
-0.0134359	-1.66859	0.0952089	0.0952089	1	1	0.817476	0.777041	0.489012	1
0.000129876	0.015203	0.98787	0.98787	1	1	1	0.999619	0.98787	1
-0.00444543	-0.51827	0.604274	0.64109	1	1	1	0.997756	0.74256	1
-0.0124852	-1.52144	0.12816	0.176062	1	1	0.902854	0.826457	0.363121	1
-0.0155334	-1.83736	0.0661663	0.252201	1	0.992494	0.687693	0.641868	0.325562	1
0.00658399	0.864904	0.387099	0.457541	1	1	0.999757	0.995415	0.796618	1
0.000783908	0.0959892	0.92353	0.938985	1	1	1	0.992403	0.92353	1
0.00140476	0.187897	0.850959	0.850959	1	1	1	0.999926	0.999922	1
0.00429164	0.565692	0.571607	0.571607	1	1	0.999999	0.999792	0.899734	1
0.0129751	1.69153	0.0907463	0.198292	1	1	0.801552	0.736008	0.3803	1
0.000353134	0.0491959	0.960764	0.968266	1	1	1	0.999944	0.960764	1
-0.000279602	-0.0332555	0.973471	0.97703	1	1	1	0.999533	0.973471	1
0.00334791	0.395263	0.692651	0.692651	1	1	1	0.999541	0.814183	1
-0.00571527	-0.708397	0.478704	0.552127	1	1	0.999984	0.99323	0.739815	1
0.00336554	0.417009	0.676675	0.730482	1	1	1	0.998435	0.794824	1
0.00772443	0.987115	0.323594	0.499499	1	1	0.998701	0.970361	0.530221	1
0.00238156	0.292897	0.769603	0.830454	1	1	1	0.980849	0.817703	1
0.00686638	0.916804	0.359253	0.541933	1	1	0.999483	0.971589	0.560318	1
-0.00362282	-0.492343	0.622481	0.660243	1	1	1	0.998896	0.874971	1
-0.00200611	-0.259656	0.795131	0.886277	1	1	1	0.997247	0.830097	1
0.00204382	0.25419	0.799351	0.875022	1	1	1	0.974029	0.799351	1
-0.00819917	-1.12291	0.261485	0.498842	1	1	0.994218	0.958355	0.450527	1
-0.00712584	-0.94601	0.344151	0.366294	1	1	0.999231	0.990343	0.788565	1
-0.00216486	-0.293115	0.769437	0.769437	1	1	1	0.99985	0.980108	1
-0.00801309	-1.05224	0.292699	0.378162	1	1	0.997225	0.988912	0.748472	1
-0.00342938	-0.436992	0.66212	0.808861	1	1	1	0.994172	0.750403	1
0.00368546	0.458395	0.646672	0.665445	1	1	1	0.998786	0.814666	1
0.00199225	0.269325	0.787682	0.787682	1	1	1	0.999472	0.882165	1
0.00161008	0.217505	0.827816	0.827816	1	1	1	0.999972	0.920471	1
0.00351792	0.498368	0.618228	0.641521	1	1	1	0.998818	0.954491	1
0.00731082	1.01894	0.308242	0.499499	1	1	0.998098	0.97661	0.582234	1
0.00614928	0.828008	0.407673	0.49269	1	1	0.999864	0.996844	0.784014	1
0.00899029	1.18388	0.236471	0.386425	1	1	0.989813	0.977115	0.642969	1
-0.000123208	-0.015966	0.987262	0.987262	1	1	1	0.99997	0.987262	1
0.00163845	0.214943	0.829813	0.839521	1	1	1	0.999899	0.870762	1
0.00262882	0.343292	0.731381	0.731381	1	1	1	0.999973	0.961121	1
0.00719695	0.945095	0.344618	0.499499	1	1	0.999241	0.978278	0.650945	1
0.00213771	0.288915	0.772648	0.772648	1	1	1	0.999862	0.892117	1
0.00614466	0.830933	0.406018	0.406018	1	1	0.999857	0.998071	0.908138	1
0.00459588	0.612752	0.540045	0.660322	1	1	0.999998	0.997878	0.791132	1
0.00153813	0.200992	0.840706	0.840706	1	1	1	0.999639	0.935004	1
0.00839444	1.06704	0.285961	0.402375	1	1	0.99674	0.968239	0.607668	1
0.00267769	0.330138	0.741298	0.754316	1	1	1	0.99892	0.787629	1
0.000767329	0.104428	0.91683	0.91683	1	1	1	0.999832	0.958903	1
-0.00242738	-0.324018	0.745926	0.745926	1	1	1	0.999486	0.949091	1
0.0084816	1.10499	0.269174	0.269174	1	1	0.99516	0.987601	0.91718	1
0.00340773	0.432636	0.665283	0.665283	1	1	1	0.998849	0.818073	1
0.00554195	0.782344	0.434019	0.559472	1	1	0.999937	0.991182	0.670756	1
0.00983734	1.34907	0.177325	0.177325	1	1	0.963786	0.946492	0.764074	1
-0.00157121	-0.201106	0.840617	0.885743	1	1	1	0.997961	0.843698	1
-0.00104082	-0.138379	0.889942	0.943539	1	1	1	0.995724	0.889942	1
0.00958492	1.20579	0.227908	0.227908	1	1	0.987687	0.979345	0.884299	1
0.0182461	2.21414	0.0268268	0.0268268	0.456056	0.456056	0.370157	0.370157	0.456056	1
-0.0135787	-1.59414	0.110916	0.412988	1	1	0.864472	0.807159	0.356127	1
-0.00115515	-0.143312	0.886044	0.923093	1	1	1	0.999942	0.98538	1
-0.0127351	-1.52999	0.126029	0.278055	1	1	0.898738	0.867428	0.5723	1
-0.00358096	-0.453435	0.650239	0.650239	1	1	1	0.999389	0.849772	1
0.00990041	1.229	0.21908	0.21908	1	1	0.985061	0.98087	0.963471	1
-0.00220107	-0.270343	0.786898	0.808285	1	1	1	0.995531	0.836079	1
-0.00897333	-1.05022	0.293624	0.347528	1	1	0.997286	0.988146	0.831936	1
0.00323461	0.378299	0.705211	0.735947	1	1	1	0.995299	0.79924	1
-0.00607301	-0.735931	0.461778	0.463339	1	1	0.999973	0.998319	0.772613	1
0.00405864	0.492282	0.622524	0.676559	1	1	1	0.997946	0.871072	1
-0.0103139	-1.35321	0.175998	0.192599	1	1	0.96278	0.919264	0.506473	1
-6.46228e-05	-0.00823152	0.993432	0.993432	1	1	1	0.999996	0.993432	1
0.00403525	0.476748	0.633545	0.650525	1	1	1	0.999675	0.863333	1
-0.0187353	-2.23804	0.025226	0.025226	0.428841	0.428841	0.35231	0.35231	0.308622	1
-0.000261834	-0.0311974	0.975112	0.975112	1	1	1	0.999965	0.975112	1
-0.000262424	-0.0317504	0.974671	0.974671	1	1	1	0.9997	0.974671	1
0.00868858	1.11848	0.263371	0.499499	1	1	0.994464	0.948483	0.458165	1
0.00205956	0.260558	0.794435	0.843706	1	1	1	0.995509	0.90036	1
0.0174242	2.03409	0.0419512	0.130782	0.713171	0.545366	0.517398	0.427153	0.129034	0.443819
0.0136685	1.61262	0.106838	0.192926	1	1	0.853507	0.74227	0.267133	0.918817
-0.0217629	-2.53797	0.0111547	0.0111547	0.18963	0.182569	0.173616	0.167695	0.0948151	0.326122
-0.00693367	-0.816304	0.414333	0.414333	1	1	0.999888	0.999441	0.930059	1
-0.0100323	-1.16218	0.245171	0.287839	1	1	0.991616	0.965787	0.689244	1
-0.0113044	-1.31489	0.188555	0.375166	1	1	0.971332	0.933875	0.598272	1
0.011994	1.43823	0.15038	0.221265	1	1	0.937365	0.897872	0.601398	1
0.0140938	1.70461	0.0882773	0.246241	1	1	0.79219	0.725793	0.375179	1
-0.00286563	-0.352964	0.724118	0.724118	1	1	1	0.999966	0.925873	1
0.00534896	0.649315	0.51614	0.51614	1	1	0.999996	0.999297	0.975469	1
-0.0170391	-2.01169	0.0442617	0.179587	0.752449	0.619664	0.536806	0.469426	0.158469	0.545063
-0.0153832	-1.83121	0.067079	0.193498	1	1	0.692841	0.647082	0.380114	1
7.91103e-05	0.00921377	0.992649	0.994987	1	1	1	0.998812	0.992649	1
0.00252947	0.295697	0.767464	0.767464	1	1	1	0.999963	0.955616	1
-0.00966591	-1.18611	0.235589	0.476385	1	1	0.989611	0.931881	0.492458	1
-0.00405168	-0.48764	0.625808	0.670054	1	1	1	0.998871	0.886562	1
-0.0066808	-0.792733	0.42794	0.499499	1	1	0.999925	0.993439	0.701479	1
-0.0143102	-1.70487	0.0882294	0.166151	1	1	0.792004	0.749802	0.339487	1
-0.00608632	-0.716194	0.473877	0.499499	1	1	0.999982	0.996911	0.834212	1
-0.00842145	-0.980338	0.326927	0.328727	1	1	0.998806	0.987156	0.793965	1
-0.0219592	-2.71171	0.00669743	0.0481143	0.113856	0.107159	0.107955	0.101941	0.0569281	0.195807
-0.00765795	-0.957649	0.338247	0.525302	1	1	0.999105	0.98265	0.575021	1
-0.00241841	-0.282351	0.777677	0.819397	1	1	1	0.999001	0.944321	1
0.00257326	0.296437	0.766898	0.811391	1	1	1	0.999803	0.931233	1
-0.0135756	-1.55632	0.119643	0.313942	1	1	0.885397	0.869822	0.505957	1
-0.0190881	-2.20557	0.0274216	0.0274216	0.466168	0.466168	0.37667	0.37667	0.466168	1
0.0055114	0.637811	0.523602	0.523602	1	1	0.999997	0.998463	0.890123	1
-0.0114288	-1.33053	0.183355	0.381196	1	1	0.968043	0.912016	0.519505	1
-0.00641172	-0.756733	0.449216	0.645224	1	1	0.99996	0.972082	0.636389	1
-0.00756679	-0.916441	0.359443	0.478862	1	1	0.999485	0.99255	0.62867	1
0.00724878	1.10116	0.270836	0.455412	1	1	0.995344	0.96902	0.544707	1
8.78846e-05	0.0111161	0.991131	0.992665	1	1	1	0.999921	0.995138	1
0.00239634	0.319972	0.748992	0.748992	1	1	1	0.999833	0.972357	1
0.00516322	0.674409	0.500057	0.500057	1	1	0.999992	0.999512	0.910479	1
0.0144216	1.87477	0.060834	0.0858841	1	1	0.655951	0.655951	0.8135	1
-0.00173752	-0.242199	0.808628	0.838907	1	1	1	0.99864	0.916445	1
-0.00731295	-0.876663	0.380677	0.442772	1	1	0.99971	0.994858	0.83212	1
0.00162901	0.194243	0.845987	0.888042	1	1	1	0.9999	0.964177	1
-0.00746689	-0.905195	0.365369	0.499499	1	1	0.999561	0.987441	0.690142	1
0.00166331	0.201216	0.840531	0.84649	1	1	1	0.999892	0.989529	1
-0.0043109	-0.609423	0.542249	0.542249	1	1	0.999998	0.999915	0.932271	1
0.00472505	0.614238	0.539063	0.65149	1	1	0.999998	0.994442	0.704928	1
0.0063348	0.990327	0.322022	0.499499	1	1	0.998649	0.969735	0.608265	1
-0.00439645	-0.663222	0.507194	0.680432	1	1	0.999994	0.985676	0.718524	1
-0.00321009	-0.41364	0.67914	0.778317	1	1	1	0.998909	0.867531	1
-0.00131878	-0.163238	0.870332	0.893887	1	1	1	0.996662	0.924728	1
-0.00573269	-0.791813	0.428476	0.499499	1	1	0.999926	0.995712	0.809343	1
-0.00625042	-0.832275	0.40526	0.499499	1	1	0.999854	0.995673	0.667048	1
0.00896462	1.1288	0.258993	0.42991	1	1	0.993877	0.950086	0.55036	1
0.00828359	1.02542	0.305172	0.305172	1	1	0.997949	0.992155	0.848334	1
-0.0138562	-1.81912	0.0689033	0.171876	1	1	0.702894	0.657294	0.324254	1
-0.00510644	-0.66126	0.508451	0.521144	1	1	0.999994	0.997515	0.75124	1
-0.00178639	-0.229562	0.818434	0.818434	1	1	1	0.99953	0.967188	1
-0.00259711	-0.330933	0.740697	0.758087	1	1	1	0.997186	0.899418	1
0.0095638	1.30325	0.192499	0.192499	1	1	0.97361	0.937933	0.654495	1
0.0103808	1.41015	0.158505	0.282365	1	1	0.946804	0.910727	0.630344	1
0.00479156	0.679882	0.496584	0.496584	1	1	0.999991	0.998955	0.904444	1
0.0114893	1.5789	0.11437	0.227472	1	1	0.873151	0.856769	0.555991	1
-0.0105561	-1.35297	0.176074	0.261397	1	1	0.962838	0.883333	0.374157	1
-0.00616108	-0.794565	0.426873	0.426873	1	1	0.999922	0.997808	0.825538	1
-0.000324368	-0.0439039	0.964981	0.972479	1	1	1	0.999597	0.964981	1
0.00491348	0.663849	0.506792	0.71031	1	1	0.999994	0.978185	0.61539	1
-0.0101415	-1.33477	0.181962	0.450709	1	1	0.967103	0.882894	0.386669	1
0.00121459	0.159573	0.873219	0.918631	1	1	1	0.999196	0.950648	1
-0.00641167	-0.792501	0.428075	0.484977	1	1	0.999925	0.996256	0.837672	1
-0.0025818	-0.318699	0.749957	0.827422	1	1	1	0.984921	0.826072	1
-0.0010722	-0.139371	0.889158	0.930079	1	1	1	0.998162	0.944731	1
-0.00867504	-1.10429	0.269478	0.429021	1	1	0.995194	0.987124	0.607061	1
-0.00722738	-0.947306	0.343491	0.343491	1	1	0.999218	0.995791	0.825711	1
-0.00870928	-1.13319	0.257143	0.257143	1	1	0.993612	0.980424	0.837495	1
0.0082866	1.08815	0.276536	0.306286	1	1	0.995925	0.985126	0.707123	1
0.00648431	0.81466	0.415274	0.420734	1	1	0.999891	0.999066	0.853957	1
-0.0124579	-1.65201	0.0985419	0.316292	1	1	0.828575	0.740407	0.335042	1
-0.00247352	-0.325263	0.744984	0.744984	1	1	1	0.999741	0.923786	1
-0.00229308	-0.284988	0.775656	0.775656	1	1	1	0.999855	0.941868	1
-0.00629866	-0.804789	0.420948	0.499499	1	1	0.999907	0.995689	0.795124	1
0.00502816	0.629988	0.528707	0.528707	1	1	0.999997	0.999943	0.988931	1
0.0133054	1.62732	0.103679	0.103679	1	1	0.844447	0.80638	0.587517	1
0.00580395	0.710591	0.477343	0.477343	1	1	0.999984	0.999205	0.911694	1
0.00205893	0.245384	0.806161	0.892174	1	1	1	0.992717	0.882979	1
0.00234029	0.297312	0.766231	0.766231	1	1	1	0.999908	0.886629	1
0.00114574	0.143397	0.885977	0.885977	1	1	1	0.999716	0.921255	1
0.000511649	0.0607706	0.951542	0.951542	1	1	1	0.999797	0.999006	1
0.000895475	0.124163	0.901187	0.919627	1	1	1	0.999853	0.968339	1
0.00228764	0.271032	0.786368	0.786368	1	1	1	0.999151	0.845437	1
3.319e-05	0.0038922	0.996895	0.997615	1	1	1	0.998595	0.996895	1
-0.00302863	-0.380731	0.703406	0.718446	1	1	1	0.999319	0.81641	1
0.00294824	0.369441	0.711802	0.711802	1	1	1	0.999358	0.864331	1
0.0148159	1.82836	0.0675054	0.121023	1	1	0.695219	0.649494	0.38253	1
0.00218881	0.273511	0.784462	0.813244	1	1	1	0.999412	0.921088	1
0.00534228	0.646654	0.517861	0.613834	1	1	0.999996	0.993944	0.769725	1
-0.000732967	-0.090266	0.928076	0.939271	1	1	1	0.998022	0.939768	1
-0.00115243	-0.144656	0.884983	0.884983	1	1	1	0.999521	0.972088	1
0.00327058	0.406061	0.684701	0.80609	1	1	1	0.996884	0.856438	1
-0.0102915	-1.25692	0.208791	0.499499	1	1	0.981338	0.891483	0.394384	1
-0.00704771	-0.857828	0.390994	0.390994	1	1	0.999782	0.995726	0.917206	1
-0.0162768	-1.95738	0.0503123	0.0503123	0.85531	0.65406	0.58421	0.488848	0.171062	0.588377
-0.0202425	-2.4382	0.0147664	0.043287	0.251028	0.221496	0.223455	0.200003	0.0836761	0.287808
0.0109863	1.33112	0.183161	0.433684	1	1	0.967914	0.911766	0.473972	1
0.0106343	1.26736	0.205036	0.205036	1	1	0.979774	0.959741	0.747737	1
0.00544483	0.718775	0.472285	0.499499	1	1	0.999981	0.996826	0.74685	1
0.00567308	0.754179	0.450748	0.45476	1	1	0.999962	0.999246	0.88309	1
-0.0108705	-1.37366	0.169558	0.29968	1	1	0.957513	0.870461	0.411784	1
-0.00793387	-0.981891	0.326162	0.477015	1	1	0.998783	0.9807	0.663248	1
0.00612091	0.738824	0.46002	0.512792	1	1	0.999972	0.995215	0.782033	1
0.00475963	0.577879	0.56335	0.649701	1	1	0.999999	0.996289	0.736689	1
0.0110145	1.40021	0.161462	0.161462	1	1	0.949894	0.915019	0.686212	1
0.00998824	1.27605	0.201946	0.28149	1	1	0.978395	0.967944	0.725328	1
0.00367677	0.45499	0.64912	0.661292	1	1	1	0.99842	0.788131	1
0.00785953	0.960925	0.336598	0.336598	1	1	0.999066	0.995179	0.936551	1
0.00904163	1.22552	0.220389	0.294736	1	1	0.985482	0.96936	0.681716	1
0.00868439	1.16667	0.243354	0.243354	1	1	0.991267	0.980869	0.892357	1
0.0113458	1.42438	0.154347	0.251861	1	1	0.942155	0.886891	0.445333	1
0.00637757	0.794571	0.426869	0.455527	1	1	0.999922	0.996176	0.822935	1
0.0116539	1.42261	0.15486	0.158045	1	1	0.942748	0.919845	0.65791	1
0.0102983	1.24342	0.213724	0.249744	1	1	0.983221	0.956099	0.658101	1
0.0118731	1.6307	0.102964	0.332375	1	1	0.842324	0.781558	0.432887	1
0.00584954	0.798575	0.424543	0.452729	1	1	0.999917	0.996018	0.746126	1
0.00712006	0.875362	0.381384	0.499499	1	1	0.999715	0.992964	0.720392	1
0.000922521	0.111387	0.91131	0.913842	1	1	1	0.997536	0.91131	1
0.0142901	1.90928	0.0562352	0.0562352	0.955999	0.899763	0.626161	0.603886	0.477999	1
0.0190216	2.50525	0.0122416	0.0122416	0.208107	0.195865	0.188922	0.17887	0.104053	0.357897
-0.000538049	-0.0653389	0.947905	0.958744	1	1	1	0.999449	0.985109	1
0.00630778	0.782054	0.434189	0.499499	1	1	0.999938	0.99659	0.820135	1
0.0203299	2.39391	0.016676	0.0272405	0.283492	0.283492	0.248649	0.248649	0.283492	0.975085
0.0114021	1.39084	0.164283	0.22163	1	1	0.952684	0.932253	0.749162	1
0.00275798	0.334111	0.738298	0.738298	1	1	1	0.999916	0.920073	1
0.00171338	0.211255	0.83269	0.847531	1	1	1	0.995972	0.83269	1
-0.00171292	-0.22253	0.823903	0.823903	1	1	1	0.999995	0.952544	1
0.0019004	0.237325	0.812406	0.812406	1	1	1	0.999914	0.924828	1
0.00970775	1.22565	0.220342	0.300137	1	1	0.985466	0.969334	0.671465	1
0.00131956	0.182769	0.85498	0.878822	1	1	1	0.999936	0.973513	1
0.00531388	0.632173	0.527279	0.527279	1	1	0.999997	0.998821	0.862826	1
0.00550531	0.650626	0.515293	0.515293	1	1	0.999996	0.999284	0.79829	1
-0.002159	-0.272263	0.785422	0.785422	1	1	1	0.999961	0.961087	1
0.00437158	0.552191	0.580821	0.580821	1	1	1	0.999833	0.982073	1
0.0131634	1.61728	0.105829	0.187736	1	1	0.850669	0.813229	0.364191	1
0.00275133	0.337623	0.73565	0.755329	1	1	1	0.999795	0.929399	1
0.00652877	0.783189	0.433522	0.653222	1	1	0.999936	0.985687	0.669989	1
-0.00317765	-0.39135	0.695542	0.737574	1	1	1	0.997027	0.823688	1
0.00208387	0.263414	0.792233	0.827183	1	1	1	0.9986	0.815078	1
0.00402303	0.50806	0.611415	0.737805	1	1	1	0.992302	0.692937	1
-0.00160699	-0.214986	0.829779	0.829779	1	1	1	0.99916	0.987854	1
-0.00230577	-0.304655	0.760631	0.818073	1	1	1	0.997809	0.84539	1
-0.00302122	-0.392052	0.695022	0.811491	1	1	1	0.997362	0.850684	1
-0.0126923	-1.60266	0.109021	0.211157	1	1	0.859477	0.749729	0.283662	0.975672
-0.000406393	-0.0495922	0.960448	0.970368	1	1	1	0.999755	0.985908	1
0.00897092	1.08358	0.278559	0.316912	1	1	0.996115	0.989653	0.798733	1
0.0003291	0.0435858	0.965235	0.965235	1	1	1	0.999808	0.965235	1
-0.000368537	-0.0494058	0.960596	0.960596	1	1	1	0.999849	0.960596	1
0.000750231	0.102048	0.918719	0.931716	1	1	1	0.999927	0.918719	1
0.00604241	0.818757	0.412932	0.434108	1	1	0.999883	0.995137	0.768827	1
0.00422041	0.550526	0.581963	0.581963	1	1	1	0.999837	0.970739	1
0.00484705	0.625137	0.531886	0.531886	1	1	0.999998	0.99823	0.851805	1
0.00427153	0.545653	0.585308	0.67695	1	1	1	0.997124	0.817009	1
0.00518301	0.667047	0.504747	0.610892	1	1	0.999994	0.992692	0.688865	1
0.00567323	0.699715	0.48411	0.48411	1	1	0.999987	0.998665	0.879521	1
0.00790778	0.990919	0.321733	0.351278	1	1	0.998639	0.99052	0.790066	1
0.00696935	0.902878	0.366598	0.366598	1	1	0.999575	0.993416	0.811117	1
0.0065263	0.848653	0.396081	0.396081	1	1	0.999811	0.995445	0.841673	1
0.0105046	1.31677	0.187925	0.353855	1	1	0.970951	0.931191	0.461901	1
0.00221527	0.275998	0.782552	0.828252	1	1	1	0.999405	0.91516	1
0.0122978	1.48894	0.136513	0.155966	1	1	0.91752	0.889379	0.767171	1
0.0091671	1.09216	0.274771	0.462236	1	1	0.995753	0.959751	0.583888	1
0.000924799	0.124357	0.901033	0.915548	1	1	1	0.999781	0.949513	1
0.00304016	0.407544	0.683612	0.772292	1	1	1	0.998164	0.775844	1
0.00664008	0.826672	0.408429	0.468861	1	1	0.999867	0.994751	0.681102	1
0.000432222	0.0535812	0.957269	0.957269	1	1	1	0.999951	0.966046	1
0.0115863	1.55729	0.119413	0.119413	1	1	0.884885	0.869275	0.754551	1
0.00807738	1.08024	0.280045	0.35207	1	1	0.996249	0.989948	0.772905	1
-0.000899104	-0.107398	0.914474	0.929034	1	1	1	0.992863	0.971629	1
-0.000904911	-0.110783	0.911789	0.916557	1	1	1	0.997464	0.911789	1
0.0112586	1.42244	0.15491	0.15491	1	1	0.942806	0.919916	0.774349	1
0.0165877	2.02492	0.0428844	0.131768	0.729034	0.729034	0.525327	0.525327	0.688108	1
0.00134459	0.165702	0.868393	0.868393	1	1	1	0.999998	0.972208	1
-0.00610918	-0.754456	0.450582	0.499499	1	1	0.999962	0.995987	0.842516	1
0.00640305	0.772871	0.439605	0.439605	1	1	0.999947	0.996945	0.742152	1
-0.00336519	-0.392807	0.694464	0.776311	1	1	1	0.997337	0.858745	1
-0.00650358	-0.797227	0.425325	0.499499	1	1	0.999919	0.994427	0.66156	1
-0.00538783	-0.639762	0.522332	0.589612	1	1	0.999996	0.994326	0.76112	1
-0.017143	-2.10106	0.0356442	0.0499502	0.605952	0.463375	0.460447	0.376143	0.12119	0.41684
-0.012857	-1.56539	0.117502	0.218348	1	1	0.880564	0.826222	0.499383	1
-0.000329211	-0.0457296	0.963526	0.968369	1	1	1	0.999885	0.973765	1
-0.00172807	-0.247124	0.804814	0.861931	1	1	1	0.99736	0.804814	1
-0.0044446	-0.558507	0.576502	0.576502	1	1	1	0.999666	0.90114	1
0.00328403	0.41584	0.67753	0.774226	1	1	1	0.989187	0.781413	1
0.00835291	1.03052	0.302772	0.302772	1	1	0.997825	0.986345	0.735304	1
0.00952892	1.1438	0.252716	0.301001	1	1	0.992933	0.983064	0.800234	1
-0.00524791	-0.630427	0.52842	0.52842	1	1	0.999997	0.998568	0.82318	1
0.00599384	0.709787	0.477842	0.572667	1	1	0.999984	0.992946	0.651237	1
0.00836875	1.05288	0.292404	0.292404	1	1	0.997205	0.988852	0.983558	1
0.0151404	1.89187	0.0585177	0.0585177	0.994801	0.819248	0.641238	0.570097	0.2487	0.855417
0.00227458	0.278251	0.780822	0.780822	1	1	1	0.999976	0.982873	1
0.00665089	0.802342	0.422361	0.422361	1	1	0.999911	0.99862	0.932385	1
0.00235556	0.286436	0.774546	0.774546	1	1	1	0.999299	0.935486	1
-0.00744771	-0.888414	0.374325	0.437435	1	1	0.999655	0.994248	0.758684	1
-0.00180312	-0.229686	0.818337	0.818337	1	1	1	0.998901	0.866622	1
-0.00267014	-0.338735	0.734812	0.734812	1	1	1	0.999652	0.953768	1
-0.0062601	-0.787289	0.431119	0.432464	1	1	0.999932	0.997981	0.841442	1
-0.00775348	-0.984103	0.325073	0.325073	1	1	0.998749	0.99397	0.836378	1
-0.0077525	-0.966464	0.33382	0.33382	1	1	0.998998	0.99236	0.945822	1
-0.0101371	-1.25676	0.208849	0.208849	1	1	0.981362	0.939867	0.59174	1
-0.00600986	-0.742669	0.457688	0.457688	1	1	0.99997	0.9978	0.903482	1
-0.00554044	-0.688923	0.490877	0.561949	1	1	0.99999	0.995486	0.834491	1
-0.00469811	-0.571861	0.567421	0.567421	1	1	0.999999	0.99839	0.818711	1
-0.00421163	-0.517009	0.605154	0.684223	1	1	1	0.996211	0.857301	1
-0.00250594	-0.324877	0.745276	0.776631	1	1	1	0.998928	0.919253	1
-0.00419453	-0.54625	0.584898	0.584898	1	1	1	0.999609	0.907895	1
-0.00878642	-1.08519	0.277846	0.288321	1	1	0.996049	0.985472	0.805886	1
-0.00723059	-0.8918	0.372507	0.407739	1	1	0.999637	0.994061	0.864736	1
-0.0110643	-1.37615	0.168784	0.168784	1	1	0.956835	0.924839	0.717333	1
-0.00659732	-0.803746	0.42155	0.49228	1	1	0.999909	0.997112	0.785811	1
-0.00150565	-0.180926	0.856427	0.856427	1	1	1	0.999755	0.991678	1
-0.00786617	-0.955749	0.339207	0.339207	1	1	0.999127	0.989511	0.823787	1
-0.0059237	-0.71499	0.474621	0.474621	1	1	0.999982	0.999519	0.938487	1
-0.00480499	-0.588656	0.556097	0.634068	1	1	0.999999	0.99827	0.859422	1
-0.00797936	-1.05816	0.289991	0.289991	1	1	0.997039	0.988347	0.881801	1
-0.00360386	-0.482329	0.629575	0.638586	1	1	1	0.999108	0.8748	1
0.00226691	0.282218	0.777778	0.777778	1	1	1	0.999569	0.903358	1
1.96426e-06	0.000248256	0.999802	0.999802	1	1	1	0.999856	0.999802	1
-0.00505805	-0.639407	0.522563	0.524412	1	1	0.999997	0.998234	0.868073	1
-0.00756231	-0.948933	0.342662	0.499499	1	1	0.999201	0.977086	0.593855	1
0.00281936	0.406404	0.684449	0.684449	1	1	1	0.999881	0.881051	1
0.00609739	0.807353	0.41947	0.499499	1	1	0.999903	0.993469	0.658087	1
0.00617627	0.754822	0.450361	0.632435	1	1	0.999962	0.984846	0.638194	1
-0.000946594	-0.11352	0.909619	0.914307	1	1	1	0.999921	0.931787	1
-0.0144658	-1.82343	0.0682481	0.0682481	1	1	0.69932	0.69932	0.702639	1
0.0044548	0.565321	0.571859	0.631489	1	1	0.999999	0.99518	0.750733	1
0.0194498	2.31118	0.0208294	0.0799152	0.3541	0.291612	0.300815	0.255239	0.088525	0.304486
0.00570604	0.672046	0.501559	0.654893	1	1	0.999993	0.985713	0.710543	1
0.00159561	0.195002	0.845393	0.904935	1	1	1	0.998782	0.89823	1
-0.00305412	-0.369584	0.711695	0.772924	1	1	1	0.998876	0.818331	1
0.00999165	1.3515	0.176546	0.176546	1	1	0.963198	0.945726	0.80723	1
0.00755815	0.991363	0.321516	0.456738	1	1	0.998632	0.987621	0.58006	1
0.00319236	0.415747	0.677598	0.677598	1	1	1	0.999235	0.903752	1
0.0170965	2.1934	0.0282861	0.0411238	0.480864	0.396005	0.386022	0.330828	0.120216	0.413489
0.00215046	0.269173	0.787798	0.82222	1	1	1	0.998567	0.956612	1
0.00757237	0.935668	0.349451	0.357724	1	1	0.99933	0.991168	0.766985	1
0.0114153	1.36756	0.171459	0.171459	1	1	0.959136	0.959136	0.83419	1
0.0165781	1.97358	0.0484389	0.0706229	0.823461	0.823461	0.570044	0.570044	0.746108	1
-0.0125586	-1.49056	0.136088	0.303126	1	1	0.916827	0.799938	0.3305	1
-0.0131735	-1.55796	0.119253	0.158085	1	1	0.884531	0.808106	0.405462	1
0.0169401	2.10538	0.0352665	0.0777236	0.59953	0.564264	0.456843	0.436988	0.299765	1
0.00555186	0.691622	0.48918	0.499499	1	1	0.999989	0.999153	0.921801	1
0.00531122	0.622987	0.533298	0.533298	1	1	0.999998	0.998714	0.72215	1
0.00680131	0.802721	0.422142	0.466317	1	1	0.999911	0.995848	0.754128	1
-0.0119372	-1.43119	0.152388	0.152388	1	1	0.939833	0.901199	0.647647	1
-0.0105472	-1.27052	0.203909	0.401104	1	1	0.979281	0.935204	0.543484	1
-0.000569841	-0.0732296	0.941624	0.941624	1	1	1	0.999902	0.941624	1
-0.0147427	-1.84854	0.0645345	0.0645345	1	1	0.678284	0.65609	0.548543	1
0.0112753	1.36136	0.173411	0.398009	1	1	0.960743	0.8511	0.368499	1
0.0119717	1.45109	0.146766	0.3196	1	1	0.932677	0.851125	0.415836	1
0.00102072	0.126256	0.89953	0.918775	1	1	1	0.999528	0.981682	1
0.00248819	0.307569	0.758412	0.798633	1	1	1	0.998828	0.859534	1
0.014793	1.80593	0.0709391	0.146331	1	0.993148	0.713746	0.643041	0.301197	1
0.00234943	0.285356	0.775374	0.808189	1	1	1	0.997982	0.878757	1
0.00988982	1.19444	0.232315	0.30175	1	1	0.988829	0.928906	0.49367	1
-0.0013791	-0.167866	0.86669	0.882506	1	1	1	0.999994	0.991542	1
0.00641375	0.818385	0.413144	0.499499	1	1	0.999884	0.994241	0.780383	1
0.00905823	1.16882	0.242485	0.260047	1	1	0.991095	0.984481	0.793379	1
0.012491	1.61182	0.107012	0.2011	1	1	0.853991	0.8169	0.46286	1
0.0125164	1.62682	0.103787	0.121178	1	1	0.844763	0.844763	0.661573	1
-0.00255569	-0.301536	0.763008	0.864847	1	1	1	0.997679	0.864742	1
-0.00654482	-0.764647	0.444488	0.446379	1	1	0.999954	0.997201	0.784216	1
0.0270706	3.16955	0.00152825	0.0903587	0.0259802	0.0259802	0.025665	0.025665	0.0129964	0.0447018
0.0162268	1.8926	0.0584202	0.20025	0.993143	0.941404	0.640605	0.620338	0.496571	1
-0.00460821	-0.544874	0.585844	0.585844	1	1	1	0.999134	0.927264	1
0.00348579	0.415589	0.677714	0.79998	1	1	1	0.997318	0.831586	1
-0.00074274	-0.0874564	0.930309	0.930309	1	1	1	0.998819	0.930309	1
0.00386571	0.460667	0.645041	0.645041	1	1	1	0.999748	0.962237	1
0.00829935	1.04026	0.298226	0.433264	1	1	0.997571	0.979668	0.634185	1
0.000702072	0.0842662	0.932845	0.93764	1	1	1	0.9978	0.932845	1
0.00617808	0.835025	0.40371	0.473758	1	1	0.999848	0.994317	0.737056	1
-0.00113248	-0.158373	0.874164	0.901504	1	1	1	0.995459	0.874164	1
0.0134324	1.7402	0.0818347	0.100648	1	1	0.765763	0.722148	0.390035	1
0.000478963	0.0672846	0.946356	0.962099	1	1	1	0.998565	0.946356	1
-0.00562765	-0.659881	0.509335	0.626691	1	1	0.999994	0.993153	0.747977	1
-0.00204396	-0.238957	0.811141	0.811141	1	1	1	0.999826	0.959422	1
-0.00624346	-0.783517	0.433329	0.606055	1	1	0.999936	0.976392	0.613883	1
0.00440431	0.56616	0.571289	0.65257	1	1	0.999999	0.99399	0.74707	1
0.0083085	0.996435	0.319047	0.518238	1	1	0.998545	0.966988	0.54238	1
0.00464904	0.576959	0.563972	0.663049	1	1	0.999999	0.993154	0.711487	1
0.0105844	1.33571	0.181653	0.36734	1	1	0.966892	0.909791	0.493333	1
-0.001867	-0.242335	0.808522	0.838591	1	1	1	0.998837	0.916325	1
-0.00563258	-0.719719	0.471704	0.471704	1	1	0.999981	0.999105	0.967519	1
0.00112668	0.139064	0.889401	0.910323	1	1	1	0.995122	0.944988	1
-0.00465389	-0.609622	0.542117	0.605312	1	1	0.999998	0.99578	0.710842	1
0.00617702	0.778139	0.436493	0.436493	1	1	0.999942	0.998181	0.968643	1
-0.00145313	-0.19703	0.843805	0.843805	1	1	1	0.999957	0.985333	1
-0.00549368	-0.712103	0.476406	0.476406	1	1	0.999983	0.999884	0.901456	1
0.000183436	0.0230844	0.981583	0.986604	1	1	1	0.999656	0.981583	1
0.00142274	0.172072	0.863382	0.894156	1	1	1	0.999652	0.892508	1
-0.00179003	-0.237154	0.812539	0.82688	1	1	1	0.999876	0.916837	1
-0.00355201	-0.471784	0.637084	0.765417	1	1	1	0.97649	0.722029	1
-0.0070775	-1.0501	0.29368	0.420062	1	1	0.99729	0.969096	0.624069	1
-0.0040411	-0.562857	0.573537	0.694568	1	1	0.999999	0.997434	0.826573	1
-0.00370559	-0.502001	0.615671	0.687491	1	1	1	0.993461	0.7476	1
-0.00281312	-0.3647	0.715338	0.715338	1	1	1	0.99891	0.760047	1
-0.0066147	-0.860221	0.389674	0.670682	1	1	0.999774	0.915315	0.509574	1
0.00134699	0.170883	0.864317	0.898509	1	1	1	0.999762	0.918337	1
-0.00174016	-0.228845	0.818991	0.868209	1	1	1	0.992687	0.870178	1
0.00981792	1.22143	0.221934	0.444403	1	1	0.985963	0.918686	0.47161	1
-0.00088108	-0.110303	0.91217	0.933822	1	1	1	0.999883	0.945203	1
0.00324363	0.399166	0.689773	0.689773	1	1	1	0.999906	0.930463	1
-0.00435636	-0.560747	0.574974	0.574974	1	1	1	0.998746	0.74874	1
-0.00881688	-1.12305	0.261426	0.49503	1	1	0.99421	0.969272	0.503178	1
-0.0101356	-1.21356	0.224925	0.226123	1	1	0.986852	0.971763	0.845185	1
-0.00566746	-0.693979	0.487701	0.487701	1	1	0.999988	0.999545	0.99958	1
-0.0018474	-0.243403	0.807695	0.862904	1	1	1	0.99763	0.807695	1
-0.00677957	-0.898571	0.368888	0.500143	1	1	0.9996	0.983953	0.62711	1
0.00657524	0.896047	0.370235	0.450288	1	1	0.999614	0.990187	0.786012	1
-0.00105769	-0.130906	0.89585	0.89585	1	1	1	0.999862	0.999605	1
-0.00235022	-0.304123	0.761036	0.761036	1	1	1	0.999838	0.971268	1
0.00767231	0.975346	0.329396	0.469256	1	1	0.998878	0.992677	0.621417	1
-0.0015499	-0.183562	0.854358	0.854358	1	1	1	0.999979	0.968273	1
0.00907568	1.07314	0.283215	0.349278	1	1	0.99652	0.981606	0.759322	1
0.0121813	1.47551	0.140085	0.140085	1	1	0.923132	0.91061	0.990985	1
0.0150691	1.79287	0.0730038	0.0730038	1	1	0.724371	0.724371	0.991541	1
0.0127942	1.52253	0.127888	0.127888	1	1	0.902337	0.852764	0.543522	1
0.012789	1.51939	0.128676	0.128676	1	1	0.903826	0.879521	0.629051	1
0.00735546	0.8682	0.385292	0.499499	1	1	0.999745	0.987468	0.668503	1
0.00369194	0.445066	0.656275	0.656275	1	1	1	0.99977	0.858206	1
-0.00805316	-0.953594	0.340296	0.421908	1	1	0.999151	0.993205	0.70248	1
-0.000955029	-0.113194	0.909877	0.912618	1	1	1	0.998943	0.919414	1
0.00286175	0.336722	0.736329	0.842808	1	1	1	0.998726	0.909479	1
0.00292097	0.355921	0.721902	0.721902	1	1	1	0.999835	0.971277	1
0.00998347	1.18143	0.23744	0.366616	1	1	0.990031	0.977518	0.659313	1
0.00571635	0.67854	0.497435	0.497435	1	1	0.999992	0.998972	0.63575	1
-0.00183089	-0.217021	0.828194	0.828194	1	1	1	0.999906	0.879956	1
-0.00075253	-0.0896426	0.928572	0.928572	1	1	1	0.999772	0.95992	1
0.00181288	0.213273	0.831115	0.831115	1	1	1	0.999965	0.889026	1
-0.00166074	-0.202135	0.839812	0.839812	1	1	1	0.999785	0.839812	1
-0.00872137	-1.05291	0.292389	0.292389	1	1	0.997204	0.994725	0.831054	1
-0.00253123	-0.310742	0.755999	0.814605	1	1	1	0.999634	0.912334	1
0.0043179	0.521946	0.601711	0.601711	1	1	1	0.998612	0.89727	1
-0.000462096	-0.0570138	0.954535	0.96554	1	1	1	0.999514	0.954535	1
-0.00346091	-0.420779	0.673919	0.673919	1	1	1	0.999986	0.953065	1
0.00394594	0.47397	0.635525	0.678071	1	1	1	0.999682	0.90132	1
-0.0043616	-0.51983	0.603186	0.746557	1	1	1	0.991235	0.772286	1
0.0110875	1.3493	0.177249	0.177249	1	1	0.963729	0.955915	0.91195	1
0.00165153	0.208244	0.83504	0.83504	1	1	1	0.999919	0.903828	1
0.00159964	0.198866	0.842369	0.842369	1	1	1	0.999069	0.870863	1
0.00530624	0.652803	0.513888	0.513888	1	1	0.999995	0.999263	0.931577	1
0.00839033	1.06644	0.286231	0.499499	1	1	0.996761	0.951914	0.524769	1
0.00160794	0.188599	0.850408	0.850408	1	1	1	0.999942	0.900925	1
-0.00140366	-0.176404	0.859977	0.900409	1	1	1	0.995392	0.913726	1
0.00820412	1.01358	0.310791	0.318561	1	1	0.998214	0.992083	0.930432	1
-0.000304489	-0.0376489	0.969968	0.97347	1	1	1	0.999098	0.976597	1
-0.00330339	-0.408185	0.683141	0.717864	1	1	1	0.999581	0.916536	1
-0.00450614	-0.557197	0.577397	0.637173	1	1	1	0.993131	0.701125	1
-0.0105385	-1.28409	0.199119	0.370673	1	1	0.977057	0.937026	0.440388	1
-0.00201491	-0.253589	0.799815	0.835867	1	1	1	0.998599	0.906457	1
0.00134897	0.168374	0.86629	0.86629	1	1	1	0.999946	0.980739	1
-0.007147	-0.918023	0.358614	0.50551	1	1	0.999474	0.985025	0.609644	1
-0.000786288	-0.0947854	0.924486	0.924486	1	1	1	0.999927	0.989962	1
-0.000763797	-0.0963379	0.923253	0.945925	1	1	1	0.989961	0.923253	1
-0.00291027	-0.358981	0.719612	0.79014	1	1	1	0.999232	0.921216	1
0.00667654	0.83356	0.404536	0.499499	1	1	0.999851	0.990588	0.764123	1
0.0115128	1.35458	0.175563	0.366615	1	1	0.962444	0.901397	0.497428	1
0.00513462	0.653572	0.513392	0.650838	1	1	0.999995	0.984113	0.660185	1
0.00171408	0.211616	0.832408	0.832408	1	1	1	0.999922	0.993221	1
-0.000767477	-0.100116	0.920253	0.934242	1	1	1	0.999577	0.977768	1
0.00293992	0.365199	0.714965	0.77738	1	1	1	0.998978	0.846969	1
0.00389191	0.472762	0.636387	0.636387	1	1	1	0.998343	0.721238	1
0.0089322	1.08681	0.277128	0.504748	1	1	0.995982	0.942019	0.471117	1
0.00239098	0.291399	0.770748	0.770748	1	1	1	0.999434	0.935909	1
0.000536542	0.0641608	0.948843	0.953417	1	1	1	0.999421	0.948843	1
0.00251306	0.310342	0.756303	0.823865	1	1	1	0.99914	0.940918	1
-0.000532827	-0.0639603	0.949002	0.95133	1	1	1	0.999372	0.949002	1
-0.00694629	-0.87227	0.383068	0.545893	1	1	0.999728	0.981503	0.651216	1
0.00390726	0.466442	0.640902	0.652403	1	1	1	0.998428	0.838103	1
0.00342071	0.417866	0.676048	0.780096	1	1	1	0.988987	0.820916	1
-0.00848893	-1.03816	0.299204	0.467367	1	1	0.997628	0.97143	0.632306	1
-0.00106092	-0.130468	0.896197	0.896197	1	1	1	0.999998	0.923439	1
0.00798488	0.983982	0.325132	0.495401	1	1	0.998751	0.984189	0.602541	1
0.00896883	1.10302	0.270029	0.550212	1	1	0.995255	0.91938	0.431201	1
0.000455838	0.0632923	0.949534	0.950176	1	1	1	0.998005	0.993154	1
-0.000205241	-0.02537	0.97976	0.985418	1	1	1	0.999135	0.97976	1
0.00522813	0.649092	0.516284	0.638828	1	1	0.999996	0.979391	0.548551	1
0.00679434	0.838901	0.401532	0.463462	1	1	0.999838	0.994106	0.745676	1
0.00109188	0.137018	0.891018	0.891018	1	1	1	1	0.965553	1
-0.00459162	-0.600223	0.548362	0.631192	1	1	0.999999	0.996167	0.747009	1
0.0104247	1.31292	0.189219	0.189219	1	1	0.971728	0.934574	0.528027	1
0.00401079	0.50576	0.613029	0.645901	1	1	1	0.998734	0.947409	1
-0.00233037	-0.289715	0.772036	0.786973	1	1	1	0.999774	0.907143	1
-0.00643077	-0.829035	0.407091	0.617973	1	1	0.999862	0.984728	0.692054	1
0.00451755	0.553553	0.579889	0.579889	1	1	1	0.99842	0.807429	1
0.00604377	0.755787	0.449783	0.639619	1	1	0.999961	0.972254	0.637192	1
-0.0076472	-0.985955	0.324163	0.41158	1	1	0.99872	0.993863	0.682803	1
0.00200031	0.276313	0.782309	0.782309	1	1	1	0.998613	0.87771	1
0.000641008	0.088532	0.929454	0.929454	1	1	1	0.999941	0.935529	1
-0.0148722	-1.81063	0.0702085	0.0702085	1	1	0.709895	0.693103	0.502839	1
-0.00572775	-0.766551	0.443355	0.499499	1	1	0.999953	0.995534	0.697091	1
-0.00733732	-1.03724	0.29963	0.29963	1	1	0.997653	0.985991	0.727673	1
-0.0125222	-1.2568	0.208841	0.338252	1	1	0.981358	0.957478	0.704942	1
-0.0189919	-1.90155	0.0572433	0.0572433	0.973136	0.858649	0.632892	0.586958	0.324379	1
0.0195535	1.93677	0.0527856	0.207173	0.897355	0.738998	0.60224	0.531967	0.224339	0.771625
-0.022404	-2.22357	0.0261875	0.0759977	0.445187	0.445187	0.363086	0.363086	0.445187	1
0.0223666	2.22995	0.0257607	0.0625496	0.437932	0.437932	0.358324	0.358324	0.437932	1
0.0178481	1.7648	0.0776107	0.0776107	1	1	0.746754	0.725446	0.536077	1
-0.0122507	-1.22789	0.219502	0.219502	1	1	0.985198	0.960113	0.746308	1
-0.0162673	-1.61891	0.10548	0.125064	1	1	0.849676	0.849676	0.663952	1
0.00961952	0.957536	0.338307	0.49009	1	1	0.999106	0.98391	0.623074	1
0.00501245	0.499027	0.617765	0.66291	1	1	1	0.996646	0.807846	1
0.00905468	0.902567	0.366765	0.366765	1	1	0.999577	0.993435	0.798716	1
-0.0173726	-1.72574	0.0844084	0.123786	1	1	0.776678	0.722446	0.358736	1
-0.0155764	-1.54717	0.121836	0.121836	1	1	0.890154	0.874914	0.840789	1
-0.0144719	-1.44575	0.148262	0.148262	1	1	0.934657	0.89425	0.630115	1
0.0141188	1.39813	0.162086	0.190224	1	1	0.950525	0.915901	0.556374	1
-0.000472714	-0.0473482	0.962236	0.962236	1	1	1	0.999967	0.995338	1
-0.00224261	-0.225656	0.821471	0.880336	1	1	1	0.999464	0.931001	1
-0.00399555	-0.399066	0.689849	0.689849	1	1	1	0.999382	0.927416	1
-0.0074288	-0.739256	0.459759	0.459759	1	1	0.999972	0.998856	0.988065	1
-0.000492863	-0.0488932	0.961005	0.961005	1	1	1	0.999973	0.961005	1
-0.000660813	-0.0653249	0.947916	0.957771	1	1	1	0.999116	0.947916	1
-0.0275063	-2.73242	0.0062919	0.0926888	0.106962	0.106962	0.101744	0.101744	0.0997005	0.342925
0.0147947	1.47085	0.141346	0.141346	1	1	0.925026	0.862077	0.480577	1
0.0284012	2.81401	0.00489693	0.00489693	0.0832478	0.0832478	0.0800651	0.0800651	0.0832478	0.286335
0.0187947	1.8608	0.0627849	0.136031	1	0.878989	0.667901	0.596587	0.266836	0.917796
-0.0109229	-1.09292	0.274439	0.499499	1	1	0.99572	0.944273	0.518384	1
-0.0243242	-2.41444	0.0157673	0.0553443	0.268044	0.252277	0.236758	0.224531	0.125665	0.432231
-0.00421255	-0.426049	0.670077	0.670077	1	1	1	0.999951	0.968056	1
0.0182275	1.8209	0.0686349	0.0686349	1	1	0.701434	0.672397	0.382735	1
-0.0120397	-1.20199	0.229379	0.361685	1	1	0.988079	0.92614	0.487429	1
-0.0190515	-1.89385	0.0582582	0.207228	0.990389	0.873873	0.639553	0.593577	0.254781	0.876333
-0.0184102	-1.83037	0.0672084	0.29813	1	1	0.693565	0.671486	0.384664	1
-0.0040163	-0.399587	0.689464	0.728177	1	1	1	0.999103	0.880048	1
0.00963058	0.954335	0.339924	0.339924	1	1	0.999143	0.998033	0.854373	1
-0.0040568	-0.405042	0.685451	0.685451	1	1	1	0.999899	0.922274	1
-0.0194803	-1.93314	0.0532311	0.108318	0.904929	0.798467	0.605409	0.55979	0.301643	1
-0.000159907	-0.0159174	0.9873	0.9873	1	1	1	0.999851	0.9873	1
0.0134581	1.35605	0.175098	0.389998	1	1	0.962082	0.918109	0.498642	1
-0.00324406	-0.321727	0.747662	0.838449	1	1	1	0.989715	0.847351	1
0.00120635	0.121051	0.903652	0.903652	1	1	1	0.99958	0.974704	1
-0.00349175	-0.345195	0.729951	0.7923	1	1	1	0.999535	0.872641	1
-0.00951267	-0.941524	0.346446	0.346446	1	1	0.999276	0.997109	0.982399	1
-0.00425434	-0.419529	0.674833	0.674833	1	1	1	0.999875	0.970683	1
0.00578576	0.581951	0.560605	0.560605	1	1	0.999999	0.998856	0.953029	1
-0.00146158	-0.146815	0.883279	0.890591	1	1	1	0.997369	0.905745	1
-0.0147209	-1.46514	0.142895	0.144973	1	1	0.927293	0.895774	0.607306	1
0.0207017	2.05704	0.0396936	0.0396936	0.674792	0.674792	0.497696	0.497696	0.345384	1
0.0146822	1.4554	0.145572	0.153192	1	1	0.931058	0.919312	0.8576	1
-0.000265015	-0.0263638	0.978967	0.978967	1	1	1	0.999998	0.992242	1
0.000513953	0.0507247	0.959545	0.961786	1	1	1	0.999577	0.959545	1
0.00607091	0.601398	0.547581	0.640177	1	1	0.999999	0.99612	0.784728	1
-0.00841108	-0.829008	0.407109	0.611074	1	1	0.999862	0.974247	0.629168	1
0.0162759	1.63653	0.101742	0.169849	1	1	0.838631	0.820353	0.583704	1
-0.00993153	-0.989528	0.322415	0.322415	1	1	0.998662	0.99103	0.842919	1
-0.0100709	-1.00471	0.315048	0.47303	1	1	0.998392	0.980799	0.650552	1
-0.0116771	-1.17633	0.239474	0.32114	1	1	0.990473	0.962557	0.596192	1
0.00852837	0.850986	0.394786	0.48628	1	1	0.999804	0.993407	0.772881	1
0.00403632	0.41005	0.681773	0.681773	1	1	1	0.999766	0.839256	1
0.0010528	0.104363	0.916882	0.940348	1	1	1	0.999984	0.95977	1
0.00670556	0.664752	0.506216	0.506216	1	1	0.999994	0.999138	0.869119	1
0.00175829	0.17496	0.861113	0.881258	1	1	1	0.999614	0.972353	1
-0.0050603	-0.504562	0.613872	0.613872	1	1	1	0.999506	0.898504	1
0.0108081	1.08545	0.277733	0.343413	1	1	0.996039	0.985546	0.802915	1
-0.00485997	-0.480343	0.630988	0.630988	1	1	1	0.999139	0.803829	1
0.000407495	0.040595	0.967619	0.974413	1	1	1	0.999966	0.976017	1
-0.00326444	-0.326278	0.744217	0.744217	1	1	1	0.999982	0.912174	1
0.0113406	1.12668	0.259891	0.499499	1	1	0.994002	0.949501	0.490906	1
-0.00460906	-0.460839	0.644919	0.644919	1	1	1	0.99974	0.893454	1
-0.0261962	-2.60422	0.00921437	0.0981705	0.156644	0.151892	0.145613	0.141505	0.0554271	0.190645
-0.00461735	-0.460837	0.64492	0.64492	1	1	1	0.999528	0.821639	1
-0.00529738	-0.533727	0.593535	0.593535	1	1	1	0.999978	0.920764	1
-0.0034158	-0.338336	0.735113	0.735113	1	1	1	0.999958	0.994284	1
0.000898122	0.0892516	0.928883	0.928883	1	1	1	0.99978	0.967887	1
-0.0129113	-1.28817	0.197699	0.205072	1	1	0.976355	0.933996	0.530562	1
0.0145273	1.44733	0.147817	0.194942	1	1	0.934074	0.874995	0.502578	1
-0.000257099	-0.0256106	0.979568	0.984229	1	1	1	0.99995	0.979568	1
-0.0066033	-0.652521	0.514072	0.580457	1	1	0.999995	0.995766	0.742796	1
-0.0109048	-1.0951	0.273487	0.273487	1	1	0.995623	0.988587	0.914198	1
0.00819375	0.83135	0.405784	0.405784	1	1	0.999856	0.998848	0.963588	1
0.000273499	0.0269124	0.97853	0.981558	1	1	1	0.999986	0.989969	1
-0.00333746	-0.333972	0.738404	0.738404	1	1	1	0.999927	0.923557	1
-0.0128328	-1.26758	0.20496	0.20496	1	1	0.979741	0.96795	0.829338	1
-0.00950567	-0.946582	0.343862	0.461951	1	1	0.999226	0.985211	0.687848	1
0.00260867	0.25897	0.795661	0.82028	1	1	1	0.99803	0.795661	1
0.00205313	0.204909	0.837645	0.837645	1	1	1	0.999977	0.953563	1
-0.00974426	-0.959327	0.337404	0.44535	1	1	0.999085	0.986941	0.716984	1
0.00497329	0.492155	0.622615	0.622615	1	1	1	0.999985	0.933063	1
0.00426429	0.424708	0.671054	0.671054	1	1	1	0.999795	0.914692	1
-0.00410431	-0.411608	0.68063	0.751364	1	1	1	0.996677	0.831203	1
-0.00306879	-0.306258	0.759411	0.759411	1	1	1	0.999987	0.931171	1
0.0129586	1.29499	0.195338	0.266626	1	1	0.975144	0.96911	0.698568	1
0.00536837	0.551653	0.581192	0.655735	1	1	1	0.99774	0.825253	1
-0.00290955	-0.29422	0.768593	0.768593	1	1	1	0.999938	0.936671	1
0.000551267	0.0561759	0.955202	0.960803	1	1	1	0.998194	0.97833	1
0.00880045	0.877068	0.380459	0.519519	1	1	0.999708	0.981426	0.587982	1
-0.000197582	-0.0197352	0.984255	0.984255	1	1	1	0.999757	0.984255	1
0.00163941	0.163513	0.870116	0.870116	1	1	1	0.999978	0.987954	1
0.0159372	1.59163	0.111481	0.156185	1	1	0.865929	0.830176	0.620702	1
0.00144954	0.143535	0.885869	0.931786	1	1	1	0.998902	0.885869	1
-0.00847463	-0.865835	0.38659	0.499499	1	1	0.999754	0.989434	0.730225	1
0.00236084	0.237113	0.812571	0.812571	1	1	1	0.999972	0.924126	1
-0.00344632	-0.344447	0.730514	0.730514	1	1	1	0.999918	0.887052	1
-0.000535774	-0.054396	0.95662	0.95662	1	1	1	0.999935	0.95662	1
0.00862727	0.860823	0.389344	0.499499	1	1	0.999772	0.994432	0.735428	1
0.00286106	0.289395	0.772282	0.808371	1	1	1	0.999726	0.874672	1
0.012765	1.26971	0.204201	0.376221	1	1	0.97941	0.967488	0.572821	1
-0.0181421	-1.80971	0.0703538	0.0703538	1	1	0.710665	0.688769	0.598007	1
-0.013534	-1.34322	0.179214	0.320831	1	1	0.965174	0.906309	0.435234	1
0.000996942	0.0990609	0.921091	0.921091	1	1	1	0.999962	0.978659	1
0.00142183	0.140747	0.888071	0.888071	1	1	1	0.999982	0.986549	1
-0.000903499	-0.0893463	0.928807	0.928807	1	1	1	0.999901	0.928807	1
0.00565708	0.559032	0.576145	0.576145	1	1	1	0.998958	0.847063	1
-0.0112529	-1.11302	0.265711	0.265711	1	1	0.994755	0.97543	0.752848	1
0.00486143	0.485446	0.627364	0.627364	1	1	1	0.999948	0.926693	1
-0.0046623	-0.464632	0.6422	0.6422	1	1	1	0.999904	0.939255	1
-0.00522128	-0.51767	0.604694	0.604694	1	1	1	0.999764	0.989097	1
-0.00721659	-0.721438	0.470648	0.49159	1	1	0.99998	0.998272	0.812085	1
-0.00263999	-0.262471	0.792961	0.792961	1	1	1	0.999969	0.938565	1
0.00136855	0.136189	0.891673	0.916805	1	1	1	0.999862	0.944328	1
-0.00688059	-0.68406	0.493944	0.493944	1	1	0.999991	0.999718	0.979276	1
-0.00612669	-0.622659	0.533515	0.533515	1	1	0.999998	0.999772	0.958399	1
0.000974983	0.0996634	0.920612	0.920612	1	1	1	0.999892	0.988046	1
0.00459487	0.465305	0.641717	0.658287	1	1	1	0.998433	0.878445	1
-0.00542033	-0.538491	0.590243	0.590243	1	1	1	0.999656	0.91252	1
0.00336762	0.336329	0.736626	0.736626	1	1	1	0.999827	0.850342	1
0.0108798	1.08032	0.280011	0.280011	1	1	0.996246	0.973048	0.680026	1
-0.0144886	-1.43924	0.150096	0.175218	1	1	0.937008	0.897393	0.604266	1
0.008875	0.894578	0.371022	0.371022	1	1	0.999623	0.997589	0.882283	1
0.000865466	0.0881024	0.929796	0.929796	1	1	1	0.999616	0.929796	1
-0.0122815	-1.22187	0.22177	0.381832	1	1	0.985913	0.96323	0.65251	1
-0.00341095	-0.337885	0.735453	0.735453	1	1	1	0.999059	0.89305	1
-0.00340162	-0.336754	0.736305	0.736305	1	1	1	0.998928	0.863588	1
0.00173211	0.173184	0.862509	0.873591	1	1	1	0.999951	0.925292	1
-0.000358723	-0.0362955	0.971047	0.978777	1	1	1	0.99173	0.971047	1
0.00808815	0.813663	0.415846	0.499499	1	1	0.999893	0.994817	0.728939	1
0.00187451	0.185735	0.852654	0.918821	1	1	1	0.999492	0.924101	1
-0.00649752	-0.670568	0.502503	0.549864	1	1	0.999993	0.995311	0.714896	1
-0.000541057	-0.0540227	0.956918	0.956918	1	1	1	0.999814	0.956918	1
0.00593451	0.607379	0.543605	0.543605	1	1	0.999998	0.999141	0.928815	1
-0.00420031	-0.417621	0.676229	0.676229	1	1	1	0.999988	0.919611	1
0.0113671	1.13223	0.257548	0.444162	1	1	0.993671	0.962212	0.600117	1
0.00482514	0.481052	0.630484	0.630484	1	1	1	0.999652	0.870497	1
0.0027102	0.268874	0.788029	0.788029	1	1	1	0.999907	0.965838	1
0.00322879	0.318909	0.749799	0.749799	1	1	1	0.999615	0.859998	1
-0.00202608	-0.208231	0.83505	0.83505	1	1	1	0.999899	0.920997	1
-0.00823648	-0.823846	0.410035	0.410035	1	1	0.999873	0.998222	0.905876	1
-0.00682787	-0.677133	0.498328	0.498328	1	1	0.999992	0.999746	0.932972	1
-0.00502119	-0.504813	0.613695	0.613695	1	1	1	0.999971	0.98949	1
0.0163778	1.64192	0.100621	0.100621	1	1	0.835174	0.79623	0.467613	1
-0.0146047	-1.49437	0.135094	0.135094	1	1	0.915186	0.913779	0.935802	1
0.0072092	0.723328	0.469486	0.469486	1	1	0.999979	0.998234	0.857387	1
0.00228682	0.226221	0.821032	0.882375	1	1	1	0.994268	0.930502	1
-0.0054985	-0.548894	0.583084	0.596639	1	1	1	0.998827	0.793169	1
-0.0126769	-1.25977	0.207767	0.207767	1	1	0.980923	0.969605	0.847262	1
0.0144503	1.43432	0.151495	0.356211	1	1	0.938747	0.88183	0.46352	1
0.022022	2.20233	0.0276518	0.0276518	0.470081	0.442429	0.379173	0.361517	0.23504	0.808433
0.000399057	0.0397984	0.968254	0.973754	1	1	1	0.999912	0.968254	1
-0.00611651	-0.60654	0.544162	0.544162	1	1	0.999998	0.999613	0.918632	1
-0.0174841	-1.73133	0.0834064	0.0834064	1	1	0.772487	0.751784	0.708954	1
-0.00424478	-0.423829	0.671694	0.671694	1	1	1	0.99965	0.87837	1
0.0029954	0.295846	0.76735	0.78357	1	1	1	0.999318	0.95496	1
-0.0104385	-1.03355	0.301356	0.499499	1	1	0.997749	0.960345	0.478576	1
0.00461272	0.462679	0.643599	0.643599	1	1	1	0.99982	0.849028	1
0.00392505	0.392509	0.694686	0.694686	1	1	1	0.999753	0.976778	1
0.00767861	0.772974	0.439546	0.500912	1	1	0.999947	0.99806	0.719841	1
0.00483049	0.477185	0.633235	0.633235	1	1	1	0.999662	0.936393	1
-0.0150795	-1.48756	0.136881	0.136881	1	1	0.918115	0.890084	0.775657	1
0.00331351	0.328158	0.742795	0.796402	1	1	1	0.998177	0.901966	1
-0.00447592	-0.443252	0.657588	0.657588	1	1	1	0.999929	0.940652	1
0.000317318	0.0316371	0.974762	0.974762	1	1	1	0.999989	0.993964	1
0.00380577	0.376064	0.706873	0.706873	1	1	1	0.999787	0.80632	1
0.0122431	1.27839	0.201124	0.327212	1	1	0.978014	0.953614	0.611495	1
-0.00416136	-0.417504	0.676314	0.676314	1	1	1	0.999628	0.842154	1
-0.00204648	-0.205898	0.836872	0.888111	1	1	1	0.997782	0.948455	1
-0.00206645	-0.207113	0.835923	0.844286	1	1	1	0.999829	0.943505	1
-0.0110548	-1.09796	0.272235	0.477605	1	1	0.995493	0.979958	0.503934	1
0.0151744	1.51048	0.130935	0.383882	1	1	0.907978	0.817816	0.343955	1
0.0141747	1.42398	0.154466	0.2159	1	1	0.942293	0.919283	0.694698	1
-0.00416003	-0.413696	0.679101	0.679101	1	1	1	0.99965	0.989451	1
0.00359738	0.368837	0.712253	0.837142	1	1	1	0.999589	0.871403	1
0.00756327	0.750727	0.452825	0.516831	1	1	0.999965	0.996136	0.769802	1
0.00614738	0.607542	0.543497	0.543497	1	1	0.999998	0.999765	0.892726	1
0.00182061	0.180383	0.856853	0.856853	1	1	1	0.999836	0.9711	1
0.0109971	1.1107	0.266711	0.266711	1	1	0.994875	0.990469	0.998099	1
0.00371404	0.369611	0.711676	0.711676	1	1	1	0.999463	0.82375	1
-0.0166047	-1.68637	0.0917375	0.265067	1	1	0.805198	0.763859	0.48367	1
-0.00427305	-0.427338	0.669137	0.676786	1	1	1	0.999402	0.877893	1
-0.00633507	-0.624969	0.531998	0.531998	1	1	0.999998	0.998994	0.907729	1
-0.00455979	-0.457221	0.647516	0.647516	1	1	1	0.998901	0.809847	1
-0.0061275	-0.612746	0.54005	0.552223	1	1	0.999998	0.998939	0.81596	1
-0.00467042	-0.461123	0.644715	0.710589	1	1	1	0.996436	0.804524	1
-0.0106538	-1.05506	0.291409	0.362975	1	1	0.997138	0.988646	0.74739	1
-0.00885463	-0.877499	0.380225	0.380225	1	1	0.999706	0.996788	0.918439	1
-0.00259774	-0.257671	0.796663	0.796663	1	1	1	0.999999	0.99072	1
-0.00109194	-0.108431	0.913655	0.913655	1	1	1	0.999468	0.934279	1
0.0117742	1.17634	0.239471	0.30794	1	1	0.990473	0.975103	0.647026	1
-0.010719	-1.06516	0.286813	0.286813	1	1	0.996805	0.991193	0.813612	1
-0.00466241	-0.459622	0.645792	0.645792	1	1	1	0.999912	0.982171	1
0.00200561	0.199529	0.841851	0.841851	1	1	1	0.999901	0.991335	1
0.00456647	0.454588	0.64941	0.691486	1	1	1	0.995742	0.788569	1
0.00437195	0.434234	0.664123	0.70366	1	1	1	0.998572	0.786714	1
0.00325431	0.325485	0.744817	0.744817	1	1	1	0.999724	0.937033	1
0.0126654	1.25822	0.208325	0.208325	1	1	0.981151	0.939388	0.590255	1
-0.00834165	-0.83019	0.40644	0.40644	1	1	0.999859	0.998853	0.898143	1
0.00817664	0.813738	0.415804	0.415804	1	1	0.999892	0.99842	0.903189	1
0.012083	1.20415	0.228546	0.377724	1	1	0.987859	0.968873	0.659769	1
0.00739756	0.742259	0.457938	0.458865	1	1	0.99997	0.999117	0.928837	1
0.00510085	0.507707	0.611664	0.640527	1	1	1	0.998576	0.795365	1
0.00315918	0.312015	0.755032	0.84338	1	1	1	0.996399	0.916824	1
-0.00731631	-0.723371	0.46946	0.550175	1	1	0.999979	0.991805	0.725528	1
0.00340817	0.392406	0.694761	0.694761	1	1	1	0.999974	0.971574	1
-0.0200032	-2.31611	0.0205586	0.0679631	0.349497	0.349497	0.297521	0.297521	0.225349	0.775099
0.00963655	1.10945	0.267247	0.526317	1	1	0.994938	0.921206	0.417792	1
-0.00319695	-0.367994	0.71288	0.745971	1	1	1	0.996852	0.816192	1
0.0144254	1.65717	0.0974963	0.162239	1	1	0.825163	0.825163	0.6536	1
-0.0176877	-2.02183	0.0432024	0.0432024	0.73444	0.691238	0.528	0.506688	0.36722	1
-0.0170381	-1.9491	0.051293	0.284084	0.87198	0.820687	0.591449	0.56936	0.328951	1
-0.0109412	-1.253	0.210215	0.227977	1	1	0.981901	0.963261	0.863052	1
0.0123867	1.41962	0.155729	0.339515	1	1	0.943741	0.89474	0.441232	1
0.00898863	1.0392	0.298721	0.298721	1	1	0.9976	0.980261	0.725466	1
0.00265543	0.305438	0.760035	0.85411	1	1	1	0.998035	0.807537	1
-0.00128154	-0.14748	0.882754	0.907851	1	1	1	0.998388	0.946317	1
-0.0135002	-1.54426	0.122537	0.246955	1	1	0.891634	0.839599	0.520781	1
-0.00729798	-0.848068	0.396407	0.468729	1	1	0.999813	0.994598	0.800187	1
0.0134022	1.53522	0.12474	0.12474	1	1	0.896169	0.881371	0.738014	1
-0.00411023	-0.474167	0.635384	0.665844	1	1	1	0.99852	0.863931	1
0.00412789	0.475638	0.634336	0.742407	1	1	1	0.997609	0.898642	1
-0.0053945	-0.615976	0.537915	0.543488	1	1	0.999998	0.997921	0.907823	1
-0.00260583	-0.298945	0.764984	0.764984	1	1	1	0.999951	0.926627	1
0.00474462	0.541477	0.588183	0.637211	1	1	1	0.99869	0.71878	1
0.000381201	0.0436119	0.965214	0.97107	1	1	1	0.999446	0.965214	1
-0.0279949	-3.20203	0.00136603	0.0135619	0.0232225	0.0232225	0.0229704	0.0229704	0.0232225	0.079875
0.00678352	0.781672	0.434413	0.531004	1	1	0.999938	0.993825	0.681034	1
-0.00400468	-0.464774	0.642097	0.642097	1	1	1	0.999787	0.885972	1
0.00268074	0.310435	0.756232	0.824514	1	1	1	0.993703	0.756232	1
0.00225728	0.259363	0.795357	0.844781	1	1	1	0.999219	0.845067	1
-0.00827957	-0.951329	0.341445	0.5719	1	1	0.999176	0.964622	0.574581	1
0.00470885	0.547233	0.584223	0.65081	1	1	1	0.993777	0.763984	1
0.00920045	1.06367	0.287484	0.287484	1	1	0.996856	0.995587	0.986822	1
-0.00916495	-1.07413	0.282774	0.282774	1	1	0.996483	0.98147	0.801194	1
-0.00325309	-0.372685	0.709386	0.709386	1	1	1	0.999985	0.982828	1
-0.0199467	-2.31321	0.0207175	0.0395959	0.352198	0.310763	0.299456	0.269501	0.117399	0.403801
-0.00530672	-0.618588	0.536192	0.653719	1	1	0.999998	0.995383	0.787658	1
0.00520742	0.602713	0.546704	0.615972	1	1	0.999999	0.998217	0.847521	1
-0.00542904	-0.624154	0.532531	0.532531	1	1	0.999998	0.999502	0.978631	1
-0.00278307	-0.318952	0.749765	0.749765	1	1	1	0.999906	0.910429	1
-0.00287542	-0.330976	0.740665	0.740665	1	1	1	0.999995	0.991577	1
0.00166081	0.192319	0.847494	0.848625	1	1	1	0.999822	0.960493	1
-0.00763873	-0.876026	0.381023	0.535023	1	1	0.999713	0.978453	0.586064	1
-0.0113285	-1.30821	0.190813	0.42616	1	1	0.972658	0.947244	0.50167	1
-0.0156002	-1.78085	0.0749473	0.101224	1	1	0.734031	0.734031	0.644423	1
-0.0217543	-2.48406	0.0129948	0.0661807	0.220912	0.220912	0.199373	0.199373	0.187647	0.645421
-0.00998546	-1.14373	0.252743	0.281253	1	1	0.992937	0.987351	0.758087	1
-0.0171295	-1.97558	0.0482108	0.0482108	0.819584	0.819584	0.568289	0.568289	0.719179	1
0.00501263	0.576779	0.564093	0.596656	1	1	0.999999	0.998696	0.958958	1
0.000914078	0.104725	0.916595	0.916595	1	1	1	0.999994	0.935291	1
0.00859428	0.982543	0.32584	0.32584	1	1	0.998773	0.9973	0.980506	1
0.0104508	1.1931	0.232841	0.382193	1	1	0.988958	0.958445	0.59546	1
-0.00939113	-1.07486	0.282446	0.285155	1	1	0.996456	0.993868	0.937638	1
-0.000463445	-0.0529935	0.957737	0.957737	1	1	1	0.999283	0.957737	1
0.00210515	0.240327	0.810079	0.860495	1	1	1	0.999719	0.933175	1
-0.000400779	-0.0458567	0.963425	0.976014	1	1	1	0.99506	0.963425	1
0.00366896	0.424409	0.671271	0.698307	1	1	1	0.998145	0.877816	1
-0.00422811	-0.484701	0.627892	0.717193	1	1	1	0.98909	0.711611	1
-0.00164756	-0.189294	0.849864	0.897763	1	1	1	0.996616	0.931096	1
-0.0050146	-0.577411	0.563666	0.563666	1	1	0.999999	0.999891	0.876963	1
0.00141857	0.163592	0.870054	0.870054	1	1	1	0.999988	0.998188	1
0.00664582	0.794043	0.427177	0.427177	1	1	0.999923	0.999782	0.998932	1
-0.0104232	-1.20567	0.227953	0.376117	1	1	0.987699	0.965377	0.595792	1
0.000724115	0.0831908	0.9337	0.95254	1	1	1	0.999113	0.9337	1
0.0103995	1.1989	0.230575	0.470244	1	1	0.98839	0.945915	0.495295	1
-0.0104763	-1.20825	0.226961	0.296937	1	1	0.987428	0.964794	0.678201	1
0.000508296	0.0588485	0.953073	0.953073	1	1	1	0.999992	0.998007	1
-0.00506999	-0.585347	0.558318	0.558318	1	1	0.999999	0.999684	0.764138	1
-0.00720799	-0.830468	0.406281	0.509958	1	1	0.999858	0.99506	0.629852	1
-0.00320603	-0.372769	0.709323	0.709323	1	1	1	0.999948	0.798907	1
-0.00524487	-0.604019	0.545836	0.662131	1	1	0.999999	0.98623	0.713785	1
0.0158231	1.8208	0.0686473	0.0686473	1	1	0.701502	0.655878	0.389001	1
-0.00759671	-0.874096	0.382073	0.499499	1	1	0.999721	0.991172	0.651911	1
0.00205463	0.235786	0.813601	0.813601	1	1	1	0.999993	0.956156	1
0.000757388	0.0888395	0.92921	0.92921	1	1	1	0.99999	0.982694	1
-0.00661396	-0.754956	0.450281	0.450281	1	1	0.999962	0.99748	0.904347	1
0.00624688	0.720831	0.471019	0.498948	1	1	0.99998	0.998284	0.780899	1
-0.0125677	-1.45027	0.146994	0.146994	1	1	0.932983	0.892023	0.605468	1
0.010974	1.27089	0.203776	0.203776	1	1	0.979222	0.963888	0.794214	1
-0.000547641	-0.0630942	0.949692	0.967222	1	1	1	0.993777	0.949692	1
-0.00323415	-0.370132	0.711287	0.711287	1	1	1	0.999377	0.863705	1
0.0043978	0.508559	0.611065	0.611065	1	1	1	0.999761	0.889177	1
-0.00138909	-0.167246	0.867178	0.886734	1	1	1	0.998014	0.951331	1
0.00601578	0.689447	0.490547	0.499499	1	1	0.99999	0.998244	0.717546	1
0.00472061	0.542358	0.587576	0.587576	1	1	1	0.999217	0.895491	1
-0.000268248	-0.0306413	0.975556	0.976551	1	1	1	0.999879	0.990807	1
0.00446295	0.511401	0.609074	0.609074	1	1	1	0.999787	0.989338	1
0.00237408	0.272641	0.785131	0.81469	1	1	1	0.999179	0.834202	1
0.00166367	0.190122	0.849215	0.902322	1	1	1	0.996499	0.902291	1
-0.000342722	-0.0392316	0.968706	0.968706	1	1	1	0.999949	0.974071	1
0.000969168	0.111218	0.911444	0.911444	1	1	1	0.999337	0.911444	1
0.00371418	0.429865	0.667297	0.715627	1	1	1	0.998205	0.872619	1
0.0031844	0.368317	0.712639	0.818028	1	1	1	0.993181	0.865348	1
0.00153337	0.176867	0.859614	0.88174	1	1	1	0.998994	0.91334	1
0.00937002	1.07628	0.281811	0.281811	1	1	0.996402	0.981581	0.798464	1
0.00927247	1.09564	0.273244	0.273244	1	1	0.995598	0.991666	0.833469	1
-0.00181319	-0.210496	0.833282	0.837552	1	1	1	0.999552	0.885362	1
-0.00568413	-0.654361	0.512884	0.512884	1	1	0.999995	0.999665	0.924837	1
-0.000483904	-0.0558336	0.955475	0.964691	1	1	1	0.999995	0.96574	1
0.000343382	0.0396334	0.968386	0.977893	1	1	1	0.998219	0.968386	1
0.00672354	0.779993	0.435401	0.499499	1	1	0.99994	0.99417	0.804526	1
0.0243989	2.79225	0.00523759	0.0293175	0.0890391	0.0890391	0.0854042	0.0854042	0.0890391	0.306255
-0.0116778	-1.33246	0.182719	0.182719	1	1	0.967617	0.967617	0.912842	1
-0.0117219	-1.37808	0.168189	0.433703	1	1	0.956306	0.890277	0.443086	1
0.00352465	0.409395	0.682252	0.682252	1	1	1	0.999967	0.93373	1
0.0038048	0.440046	0.659907	0.659907	1	1	1	0.99923	0.833329	1
-0.00401598	-0.470945	0.637683	0.697555	1	1	1	0.999016	0.903384	1
0.000503963	0.0579195	0.953813	0.953813	1	1	1	0.999989	0.978285	1
0.00199791	0.23228	0.816322	0.816322	1	1	1	0.999986	0.890325	1
0.0103541	1.19948	0.23035	0.23035	1	1	0.988332	0.974408	0.821563	1
-0.013754	-1.58172	0.113723	0.12326	1	1	0.871565	0.871565	0.922364	1
-0.00104123	-0.120005	0.90448	0.90448	1	1	1	0.999995	0.997916	1
0.000289743	0.0336056	0.973192	0.973192	1	1	1	1	0.987148	1
-0.00907703	-1.04555	0.295775	0.499499	1	1	0.997423	0.969344	0.510599	1
-0.00382871	-0.439142	0.660562	0.660562	1	1	1	0.999761	0.935796	1
0.00199384	0.229696	0.81833	0.830253	1	1	1	0.999141	0.92744	1
-0.0115982	-1.33173	0.182957	0.287404	1	1	0.967777	0.935005	0.596819	1
0.00340626	0.391311	0.69557	0.69557	1	1	1	0.999926	0.988834	1
-0.00426167	-0.490572	0.623733	0.656624	1	1	1	0.997383	0.706897	1
-0.00704992	-0.806258	0.4201	0.4201	1	1	0.999905	0.998554	0.99542	1
-0.00972441	-1.12664	0.259903	0.259903	1	1	0.994003	0.985207	0.91722	1
-0.00423496	-0.485587	0.627264	0.686504	1	1	1	0.997486	0.76164	1
-0.00978031	-1.147	0.251391	0.262707	1	1	0.992717	0.976809	0.817405	1
-0.00463298	-0.536566	0.591571	0.608915	1	1	1	0.998274	0.914246	1
-0.00362829	-0.419165	0.675098	0.713337	1	1	1	0.997829	0.780829	1
0.00229182	0.2681	0.788624	0.788624	1	1	1	0.999892	0.957615	1
0.00315132	0.361293	0.717883	0.717883	1	1	1	0.999775	0.969049	1
-0.00510453	-0.583311	0.559688	0.559688	1	1	0.999999	0.998351	0.820508	1
-0.000849997	-0.0974313	0.922385	0.932598	1	1	1	0.997692	0.922385	1
0.00629919	0.720951	0.470945	0.499499	1	1	0.99998	0.996753	0.809434	1
-0.00700835	-0.803383	0.42176	0.46472	1	1	0.99991	0.995821	0.729016	1
-0.00536174	-0.619236	0.535765	0.535765	1	1	0.999998	0.99924	0.894246	1
0.00326763	0.380625	0.703484	0.727729	1	1	1	0.997708	0.8508	1
-0.0109085	-1.25564	0.209255	0.209255	1	1	0.981523	0.962631	0.816168	1
0.00093654	0.107751	0.914194	0.914194	1	1	1	0.99999	0.979163	1
0.0017055	0.196215	0.844443	0.846256	1	1	1	0.999336	0.892415	1
-0.000762972	-0.0886444	0.929365	0.949486	1	1	1	0.99962	0.967447	1
0.0135348	1.56816	0.116855	0.242775	1	1	0.879068	0.852204	0.583643	1
0.00456316	0.527948	0.597539	0.597539	1	1	1	0.999413	0.883984	1
0.00110386	0.126513	0.899327	0.933056	1	1	1	0.994046	0.937641	1
-0.00975577	-1.14396	0.252651	0.348044	1	1	0.992922	0.967372	0.552445	1
-0.0242099	-2.75799	0.00581927	0.0159103	0.0989276	0.0989276	0.0944534	0.0944534	0.0989276	0.340267
-0.000125264	-0.0145227	0.988413	0.988413	1	1	1	0.999996	0.988413	1
-0.00694911	-0.802899	0.422039	0.422039	1	1	0.99991	0.999197	0.920673	1
-0.00287769	-0.331615	0.740183	0.832359	1	1	1	0.999256	0.813014	1
-0.00507849	-0.58215	0.56047	0.56047	1	1	0.999999	0.999388	0.889898	1
-0.000762606	-0.087003	0.93067	0.93067	1	1	1	0.999913	0.93067	1
0.00667013	0.762517	0.445757	0.445757	1	1	0.999956	0.998484	0.993954	1
-0.00360829	-0.431256	0.666285	0.666285	1	1	1	0.999846	0.913711	1
-0.00654838	-0.76022	0.447129	0.447129	1	1	0.999958	0.999751	0.9825	1
0.00378768	0.434139	0.66419	0.66419	1	1	1	0.999655	0.901177	1
-0.00229102	-0.266068	0.790189	0.793619	1	1	1	0.999965	0.925938	1
0.0165474	1.91097	0.0560176	0.13998	0.9523	0.896282	0.624694	0.602422	0.422627	1
-0.0132217	-1.56469	0.117666	0.117666	1	1	0.880942	0.865064	0.691739	1
0.0133497	1.55893	0.119024	0.119024	1	1	0.884019	0.850562	0.67447	1
0.00586181	0.669662	0.503078	0.503078	1	1	0.999993	0.998152	0.787819	1
-0.00918426	-1.06051	0.288923	0.288923	1	1	0.996962	0.988117	0.942637	1
0.000644279	0.0737961	0.941173	0.941173	1	1	1	0.999647	0.94955	1
0.00392272	0.451735	0.651463	0.651463	1	1	1	0.999816	0.963231	1
0.00355859	0.412331	0.6801	0.706637	1	1	1	0.999546	0.847328	1
-0.00449259	-0.524678	0.599811	0.599811	1	1	1	0.999918	0.851103	1
-0.00389299	-0.445242	0.656148	0.656148	1	1	1	0.999508	0.832146	1
-0.00893021	-1.02382	0.305928	0.346368	1	1	0.997987	0.99462	0.843465	1
0.00538775	0.618978	0.535936	0.535936	1	1	0.999998	0.999537	0.981687	1
0.0026971	0.314058	0.753479	0.753479	1	1	1	0.999941	0.912017	1
-0.00119447	-0.138335	0.889976	0.889976	1	1	1	0.999972	0.9456	1
-0.00831787	-0.958014	0.338063	0.504708	1	1	0.999101	0.982228	0.553075	1
0.000807006	0.0923714	0.926404	0.926404	1	1	1	0.999999	0.954595	1
-0.00537272	-0.622636	0.533529	0.533529	1	1	0.999998	0.998954	0.986162	1
0.00167443	0.191079	0.848465	0.848465	1	1	1	0.999988	0.944878	1
-0.012762	-1.45875	0.144645	0.144645	1	1	0.929776	0.86881	0.491794	1
0.0017335	0.199053	0.842223	0.842223	1	1	1	0.99998	0.953744	1
0.0039836	0.461523	0.644427	0.644427	1	1	1	0.999905	0.958948	1
-0.0126223	-1.44611	0.148156	0.222153	1	1	0.934518	0.894065	0.629664	1
0.0121186	1.38804	0.165134	0.165134	1	1	0.953496	0.944298	0.705317	1
0.0147239	1.73828	0.0821724	0.290727	1	1	0.767224	0.698938	0.312268	1
-0.00874739	-1.00604	0.314403	0.499499	1	1	0.998366	0.966533	0.593871	1
0.00281706	0.321415	0.747898	0.747898	1	1	1	0.999673	0.908162	1
0.00370352	0.428445	0.66833	0.66833	1	1	1	0.99841	0.836563	1
-0.00546532	-0.627511	0.530329	0.530329	1	1	0.999997	0.998888	0.976442	1
0.00227875	0.26098	0.79411	0.797667	1	1	1	0.99963	0.932232	1
0.0051611	0.59645	0.550879	0.550879	1	1	0.999999	0.999257	0.897977	1
-0.00172747	-0.197028	0.843807	0.856502	1	1	1	0.999655	0.955217	1
-0.00318776	-0.372713	0.709365	0.748216	1	1	1	0.998624	0.902481	1
0.0188025	2.15101	0.0314831	0.0746961	0.535212	0.472246	0.419473	0.381117	0.178404	0.61363
0.0215844	2.47369	0.0133779	0.0133779	0.227424	0.227424	0.204639	0.204639	0.227424	0.782236
-0.000173321	-0.019925	0.984103	0.984543	1	1	1	0.998794	0.984103	1
-0.00439215	-0.505338	0.613325	0.613325	1	1	1	0.999913	0.870636	1
0.00795801	0.916027	0.35966	0.38721	1	1	0.999488	0.993984	0.717691	1
-0.0100142	-1.16664	0.243366	0.243366	1	1	0.991269	0.979844	0.973377	1
-0.000844222	-0.0977631	0.922121	0.937056	1	1	1	0.999982	0.937497	1
0.00411388	0.470148	0.638252	0.638252	1	1	1	0.999894	0.951755	1
0.00800981	0.91805	0.3586	0.427177	1	1	0.999474	0.995152	0.805417	1
0.00266055	0.308046	0.758049	0.798252	1	1	1	0.998729	0.920489	1
-0.0159696	-1.82954	0.0673291	0.110687	1	1	0.694238	0.648499	0.381531	1
-0.0125091	-1.42796	0.153313	0.282958	1	1	0.940941	0.902699	0.522001	1
-0.00867879	-0.992876	0.320778	0.320778	1	1	0.998606	0.994256	0.953279	1
0.00171903	0.196375	0.844318	0.844318	1	1	1	0.999413	0.985521	1
0.0092499	1.06956	0.284827	0.284827	1	1	0.99665	0.993451	0.862635	1
0.00846842	0.978253	0.327957	0.327957	1	1	0.998837	0.991513	0.929211	1
0.00209874	0.240926	0.809614	0.829743	1	1	1	0.9993	0.905071	1
0.00845422	0.963544	0.335282	0.421929	1	1	0.999034	0.983159	0.712474	1
0.00710327	0.819502	0.412506	0.427014	1	1	0.999882	0.997975	0.837632	1
0.00273359	0.313809	0.753668	0.784592	1	1	1	0.999777	0.957295	1
-0.0068466	-0.784525	0.432738	0.469345	1	1	0.999935	0.998043	0.796429	1
0.00695245	0.806784	0.419797	0.497941	1	1	0.999904	0.996011	0.796136	1
0.0020234	0.232797	0.815921	0.854416	1	1	1	0.99921	0.92471	1
-0.00454017	-0.525456	0.59927	0.59927	1	1	1	0.999683	0.896015	1
0.0055313	0.639528	0.522485	0.522485	1	1	0.999997	0.999384	0.932586	1
0.00775645	0.901778	0.367182	0.537842	1	1	0.999581	0.986252	0.567463	1
-0.00454079	-0.521111	0.602293	0.602293	1	1	1	0.999427	0.918789	1
0.000577321	0.0665849	0.946913	0.946913	1	1	1	0.999779	0.946913	1
0.00861739	0.986386	0.323952	0.323952	1	1	0.998713	0.990885	0.803732	1
0.00173144	0.197551	0.843397	0.843397	1	1	1	0.999359	0.843397	1
0.00531817	0.58003	0.561899	0.696183	1	1	0.999999	0.99293	0.778629	1
0.00347825	0.389226	0.697112	0.787779	1	1	1	0.987442	0.79006	1
0.0120391	1.32804	0.184175	0.433812	1	1	0.968584	0.913072	0.475795	1
0.013644	1.51111	0.130771	0.303024	1	1	0.907684	0.869198	0.457218	1
0.00529592	0.578029	0.56325	0.69269	1	1	0.999999	0.996969	0.827088	1
-0.000313544	-0.0354014	0.97176	0.97176	1	1	1	0.999983	0.97176	1
0.0120739	1.34239	0.179482	0.356243	1	1	0.965366	0.936447	0.569216	1
0.0123385	1.38597	0.165767	0.347232	1	1	0.954092	0.934035	0.562174	1
-0.000187835	-0.0206229	0.983547	0.989561	1	1	1	0.999951	0.998955	1
-0.00506658	-0.561097	0.574736	0.667796	1	1	1	0.998792	0.888228	1
0.00474465	0.545441	0.585455	0.635978	1	1	1	0.999128	0.849977	1
0.00927043	1.07969	0.28029	0.28029	1	1	0.99627	0.986099	0.774597	1
0.000912387	0.0990881	0.921069	0.944207	1	1	1	0.999508	0.966212	1
-0.00169993	-0.186167	0.852315	0.871164	1	1	1	0.999621	0.907103	1
0.0116963	1.30621	0.191491	0.302371	1	1	0.973045	0.936918	0.619383	1
0.0126699	1.38513	0.166025	0.351966	1	1	0.954333	0.915521	0.441903	1
