0	0	0	0	0	0	0	0	0	0
-0.000751035	-0.0560827	0.955276	0.955276	1	1	1	0.99988	0.955276	1
0.0011228	0.121268	0.903479	0.903479	1	1	1	0.999847	0.991746	1
-0.00656283	-0.436418	0.662537	0.71482	1	1	1	0.99903	0.866394	1
-0.00594365	-0.429371	0.667656	0.713276	1	1	1	0.999171	0.873089	1
0.00114874	0.0905845	0.927823	0.936237	1	1	1	0.999795	0.927823	1
0.00253976	0.297548	0.76605	0.76605	1	1	1	0.999721	0.999973	1
-0.0182974	-1.08788	0.276658	0.469061	1	1	0.995937	0.971635	0.564021	1
-0.0082985	-0.950696	0.341766	0.506209	1	1	0.999183	0.976462	0.528184	1
-0.00886676	-0.612437	0.540253	0.574411	1	1	0.999998	0.99619	0.834936	1
-0.00330412	-0.444612	0.656603	0.705339	1	1	1	0.99846	0.930188	1
0.00205763	0.164187	0.869585	0.924107	1	1	1	0.997322	0.923934	1
0.00340842	0.277157	0.781661	0.867488	1	1	1	0.99925	0.931134	1
-0.00276347	-0.185036	0.853202	0.900363	1	1	1	0.994074	0.906527	1
-0.00530431	-0.351992	0.724847	0.743326	1	1	1	0.999366	0.880171	1
0.000243465	0.0171568	0.986312	0.986312	1	1	1	0.999844	0.986312	1
-0.000935455	-0.0667731	0.946763	0.958091	1	1	1	0.999861	0.946763	1
-0.0155556	-0.993197	0.320621	0.320621	1	1	0.998601	0.995538	0.727666	1
-0.00649832	-0.417751	0.676132	0.775233	1	1	1	0.998333	0.820217	1
-0.00354633	-0.218569	0.826988	0.826988	1	1	1	0.999934	0.932667	1
-0.00611133	-0.383276	0.701518	0.820627	1	1	1	0.992063	0.851843	1
-0.00857018	-0.504643	0.613813	0.613813	1	1	1	0.999044	0.819205	1
0.00428187	0.247888	0.804223	0.804903	1	1	1	0.999894	0.952232	1
0.0195978	1.21809	0.223199	0.26275	1	1	0.986346	0.950801	0.542054	1
0.00336513	0.209496	0.834063	0.834063	1	1	1	0.999675	0.834063	1
0.00461745	0.336317	0.736634	0.797888	1	1	1	0.995189	0.869791	1
-0.00230053	-0.183546	0.854371	0.872868	1	1	1	0.998816	0.907769	1
-0.00304666	-0.244608	0.806761	0.806761	1	1	1	0.999891	0.914329	1
-0.0198552	-1.53905	0.123803	0.310103	1	1	0.894262	0.795288	0.34796	1
-0.0174446	-1.34069	0.180031	0.284979	1	1	0.965758	0.937889	0.69463	1
-0.00679686	-0.441069	0.659166	0.659166	1	1	1	0.999879	0.887629	1
-0.0181073	-1.1623	0.245121	0.245121	1	1	0.991607	0.985272	0.909115	1
-0.00908972	-0.592402	0.553585	0.586322	1	1	0.999999	0.998821	0.837365	1
-0.00891014	-0.584179	0.559104	0.559104	1	1	0.999999	0.999424	0.904218	1
-0.0180622	-1.05239	0.29263	0.458745	1	1	0.99722	0.970316	0.621188	1
0.0166435	0.969939	0.332084	0.332084	1	1	0.998952	0.996484	0.975012	1
-0.00578401	-0.342886	0.731686	0.792926	1	1	1	0.999627	0.920932	1
0.0155511	0.911161	0.362218	0.362218	1	1	0.999522	0.99547	0.931599	1
-0.00297443	-0.206991	0.836018	0.844777	1	1	1	0.999942	0.974107	1
-0.00488893	-0.334657	0.737886	0.796121	1	1	1	0.995783	0.833281	1
0.00216164	0.147239	0.882944	0.882944	1	1	1	0.999993	0.980525	1
0.00769813	0.521153	0.602264	0.602264	1	1	1	0.998658	0.815544	1
-0.0229464	-1.41495	0.157092	0.193797	1	1	0.945266	0.922963	0.835351	1
-0.0426181	-2.61417	0.00894872	0.0126415	0.152128	0.152128	0.14171	0.14171	0.117681	0.404769
-0.0216887	-1.34996	0.177038	0.235735	1	1	0.96357	0.94621	0.809874	1
0.00910939	0.58245	0.560268	0.560268	1	1	0.999999	0.999881	0.912808	1
0.000532629	0.0336754	0.973136	0.973136	1	1	1	0.999991	0.988689	1
-0.0101643	-0.62604	0.531293	0.536569	1	1	0.999997	0.998139	0.752665	1
0.00759134	0.503703	0.614474	0.614474	1	1	1	0.999888	0.924912	1
-0.0130137	-0.851159	0.394687	0.394687	1	1	0.999803	0.993396	0.838711	1
0.0359308	2.11214	0.0346824	0.146644	0.589601	0.589601	0.451226	0.451226	0.589601	1
-0.000309402	-0.019313	0.984592	0.984592	1	1	1	0.999989	0.986543	1
0.0102298	0.616184	0.537778	0.693048	1	1	0.999998	0.983464	0.680511	1
-0.0128374	-0.771974	0.440136	0.457136	1	1	0.999948	0.998306	0.762538	1
-0.0217109	-1.3812	0.167227	0.231266	1	1	0.95544	0.933105	0.697942	1
-0.0163371	-1.03444	0.300937	0.300937	1	1	0.997726	0.986379	0.852656	1
-0.013596	-0.827212	0.408123	0.427304	1	1	0.999866	0.994724	0.840484	1
-0.0158005	-0.995556	0.319473	0.408883	1	1	0.99856	0.978696	0.678881	1
0.0335304	2.19008	0.0285259	0.0483191	0.48494	0.456414	0.388592	0.370639	0.24247	0.833988
0.0075924	0.487826	0.625677	0.673512	1	1	1	0.998054	0.819976	1
0.0318551	1.89019	0.0587421	0.10193	0.998616	0.939874	0.642689	0.62039	0.499308	1
0.0157187	0.9277	0.35357	0.436872	1	1	0.999399	0.992393	0.790506	1
-0.00204228	-0.121918	0.902965	0.902965	1	1	1	0.999806	0.964751	1
0.0315779	1.86036	0.0628443	0.168062	1	1	0.668258	0.646012	0.391703	1
-0.00584752	-0.354035	0.723315	0.723315	1	1	1	0.99882	0.906916	1
0.00808445	0.483682	0.628615	0.757934	1	1	1	0.988333	0.763318	1
-0.0138028	-0.814571	0.415324	0.415324	1	1	0.999891	0.995332	0.72194	1
0.0064595	0.388554	0.697609	0.697609	1	1	1	0.999782	0.928112	1
-0.0179084	-1.18652	0.235428	0.469166	1	1	0.989574	0.931737	0.500284	1
-0.00127701	-0.0851319	0.932157	0.943509	1	1	1	0.999646	0.961089	1
0.00569889	0.353596	0.723644	0.775911	1	1	1	0.999555	0.848781	1
0.00588805	0.386606	0.69905	0.69905	1	1	1	0.999993	0.996035	1
0.00284159	0.172918	0.862717	0.862717	1	1	1	0.998482	0.916637	1
-0.00702049	-0.433291	0.664806	0.664806	1	1	1	0.99939	0.890716	1
0.0191425	1.16771	0.24293	0.24293	1	1	0.991183	0.979681	0.912212	1
0.0152769	0.923982	0.355503	0.355503	1	1	0.999429	0.994864	0.870011	1
0.00803001	0.483568	0.628696	0.701069	1	1	1	0.999639	0.914375	1
0.00299614	0.179605	0.857464	0.857464	1	1	1	0.999992	0.901914	1
-0.0122497	-0.942189	0.346103	0.346103	1	1	0.999269	0.996004	0.979519	1
-0.0104653	-0.796542	0.425723	0.425723	1	1	0.99992	0.999261	0.938432	1
0.0179244	1.22825	0.219361	0.219361	1	1	0.985153	0.960019	0.745828	1
0.0203127	1.35703	0.174781	0.174781	1	1	0.961834	0.9177	0.594256	1
-0.0103532	-0.646739	0.517806	0.517806	1	1	0.999996	0.999125	0.867174	1
-0.000122144	-0.00760309	0.993934	0.993934	1	1	1	0.999996	0.999248	1
-0.00610775	-0.471856	0.637033	0.637033	1	1	1	0.999891	0.977677	1
-0.00301956	-0.231871	0.81664	0.81664	1	1	1	0.999552	0.85919	1
0.0053843	0.392889	0.694404	0.694404	1	1	1	0.999849	0.966407	1
0.0193272	1.41478	0.157142	0.267811	1	1	0.94532	0.891655	0.437136	1
0.013014	0.79982	0.423821	0.499499	1	1	0.999915	0.997096	0.80055	1
0.0245055	1.55963	0.118858	0.135637	1	1	0.883646	0.850139	0.526946	1
-0.00176038	-0.128519	0.897739	0.916882	1	1	1	0.998594	0.897739	1
0.00090948	0.0643214	0.948715	0.95347	1	1	1	0.999699	0.980634	1
0.0101373	0.681552	0.495527	0.495527	1	1	0.999991	0.999863	0.936229	1
0.00579498	0.392422	0.694749	0.717028	1	1	1	0.999106	0.752768	1
-0.00871947	-0.53587	0.592052	0.592052	1	1	1	0.999687	0.993478	1
0.0167174	1.02056	0.307469	0.343858	1	1	0.998061	0.99105	0.769853	1
0.028333	2.0867	0.0369232	0.0369232	0.627694	0.535341	0.472484	0.420232	0.156923	0.539747
0.00148823	0.11099	0.911625	0.911625	1	1	1	0.999913	0.924952	1
0.00236114	0.152692	0.878642	0.878642	1	1	1	0.999989	0.981493	1
0.0305509	1.98507	0.0471453	0.0787866	0.80147	0.707179	0.559999	0.515381	0.267157	0.918899
-0.0174511	-1.19355	0.232664	0.290831	1	1	0.988915	0.961823	0.659216	1
0.0141458	0.95655	0.338802	0.470432	1	1	0.999118	0.98403	0.607434	1
-0.00328725	-0.208104	0.835149	0.846951	1	1	1	0.998679	0.879795	1
0.0038737	0.251469	0.801453	0.801453	1	1	1	0.999995	0.941631	1
-0.00770873	-0.489079	0.624789	0.624789	1	1	1	0.999464	0.799943	1
-0.00751207	-0.47235	0.63668	0.71758	1	1	1	0.9977	0.813367	1
-0.0201102	-1.25109	0.210912	0.379605	1	1	0.982171	0.939419	0.512214	1
0.0059947	0.364798	0.715265	0.75139	1	1	1	0.998005	0.822912	1
0.013921	0.966273	0.333915	0.333915	1	1	0.999	0.997504	0.976991	1
-0.0101495	-0.702716	0.482238	0.482238	1	1	0.999986	0.999283	0.862497	1
0.00250265	0.159741	0.873086	0.882625	1	1	1	0.99888	0.95317	1
0.0194648	1.26508	0.205851	0.356439	1	1	0.980124	0.920764	0.499924	1
-0.0142496	-0.946407	0.343948	0.343948	1	1	0.999227	0.996539	0.975769	1
-0.0191988	-1.31245	0.189377	0.192154	1	1	0.971821	0.957117	0.883367	1
0.00698748	0.452282	0.651069	0.651069	1	1	1	0.99978	0.935128	1
0.00344533	0.231535	0.816901	0.846798	1	1	1	0.999302	0.925821	1
-0.00776396	-0.50436	0.614012	0.732646	1	1	1	0.997407	0.86985	1
0.0077571	0.51527	0.606368	0.718794	1	1	1	0.999424	0.873445	1
-0.00919482	-0.568332	0.569814	0.569814	1	1	0.999999	0.999766	0.960185	1
-0.0150925	-0.940438	0.347	0.347	1	1	0.999286	0.996075	0.889486	1
-0.0180437	-1.16453	0.244219	0.499499	1	1	0.991435	0.919936	0.455848	1
0.00259779	0.170653	0.864498	0.870169	1	1	1	0.999711	0.918529	1
0.00576403	0.360482	0.718489	0.816757	1	1	1	0.985523	0.718489	1
-0.0114635	-0.745071	0.456234	0.64808	1	1	0.999968	0.954157	0.517065	1
-0.0158557	-0.967737	0.333183	0.470705	1	1	0.998981	0.98841	0.689386	1
-0.0166493	-1.0428	0.297051	0.4611	1	1	0.997501	0.980255	0.641043	1
0.0373106	2.16827	0.0301454	0.237984	0.512472	0.512472	0.40569	0.40569	0.244049	0.839418
0.0322156	1.90492	0.0567994	0.197136	0.96559	0.851991	0.629943	0.584031	0.321863	1
-0.0259462	-1.49224	0.135645	0.195208	1	1	0.9161	0.849688	0.461195	1
-0.0358973	-2.09325	0.0363349	0.0508534	0.617694	0.581359	0.46698	0.446882	0.308847	1
-0.021577	-1.52497	0.127275	0.288623	1	1	0.901164	0.870234	0.533922	1
-0.0136853	-0.956655	0.338749	0.338749	1	1	0.999116	0.993011	0.959787	1
0.0271542	1.90083	0.0573335	0.169644	0.974669	0.917335	0.633489	0.611197	0.27261	0.937656
0.0156397	1.1158	0.264514	0.336453	1	1	0.994608	0.981572	0.794022	1
0.00344026	0.226425	0.820872	0.820872	1	1	1	0.999458	0.86533	1
-0.00340359	-0.225237	0.821797	0.855649	1	1	1	0.997908	0.931369	1
0.00639156	0.418288	0.67574	0.736515	1	1	1	0.993863	0.772175	1
-0.0109598	-0.6731	0.500888	0.500888	1	1	0.999993	0.998078	0.820579	1
-0.00502988	-0.311354	0.755534	0.755534	1	1	1	0.999737	0.945148	1
0.00645806	0.412457	0.680007	0.680007	1	1	1	0.99967	0.976125	1
0.00584458	0.377736	0.705629	0.705629	1	1	1	0.999713	0.762116	1
0.00815022	0.553527	0.579906	0.579906	1	1	1	0.999867	0.973302	1
0.0159579	0.949213	0.342519	0.46124	1	1	0.999198	0.988369	0.680466	1
0.00593175	0.400836	0.688543	0.688543	1	1	1	0.999723	0.89519	1
0.00225508	0.140089	0.88859	0.88859	1	1	1	0.99922	0.88859	1
0.00194042	0.108249	0.913799	0.913799	1	1	1	0.999885	0.915152	1
-0.00296399	-0.189558	0.849657	0.849932	1	1	1	0.999918	0.929928	1
0.0169336	1.04723	0.295	0.495905	1	1	0.997374	0.974759	0.56485	1
0.0133176	0.758524	0.448143	0.448143	1	1	0.999959	0.999202	0.795932	1
0.00958048	0.589548	0.555498	0.555498	1	1	0.999999	0.998537	0.72642	1
0.0295994	1.86972	0.0615315	0.170849	1	0.922972	0.660269	0.614259	0.348678	1
0.0163108	0.965279	0.334412	0.334412	1	1	0.999013	0.989469	0.812144	1
0.0242031	1.5284	0.126422	0.209383	1	1	0.899509	0.802476	0.358196	1
0.0392546	2.60142	0.00928796	0.206511	0.157895	0.148607	0.146691	0.138691	0.0789477	0.271545
0.0298984	1.88951	0.0588324	0.210227	1	0.764821	0.643271	0.545357	0.188122	0.647055
0.0202271	1.34633	0.178207	0.436523	1	1	0.96444	0.884552	0.411329	1
0.0272355	1.78357	0.0745037	0.415974	1	0.968548	0.731855	0.634514	0.213632	0.734798
0.0280015	1.72961	0.083709	0.224005	1	1	0.773761	0.679052	0.250513	0.861651
0.0225644	1.46988	0.141603	0.239302	1	1	0.925407	0.839949	0.401208	1
0.0338746	2.12418	0.0336629	0.123707	0.572269	0.471281	0.441289	0.380842	0.143067	0.492088
0.0487149	3.03563	0.00240221	0.0396815	0.0408375	0.0384353	0.0400621	0.0377506	0.0204188	0.0702314
0.0355931	2.22515	0.0260782	0.0414497	0.44333	0.365095	0.36187	0.309225	0.110833	0.381214
-0.000379129	-0.0236563	0.981127	0.98641	1	1	1	0.993506	0.981127	1
0.0245189	1.45089	0.146821	0.425786	1	1	0.932751	0.795637	0.311994	1
-0.0262563	-1.63281	0.102519	0.216278	1	1	0.840988	0.802586	0.580941	1
-0.00943933	-0.663265	0.507166	0.599166	1	1	0.999994	0.99652	0.839921	1
-0.0410966	-2.70573	0.00681901	0.00681901	0.115923	0.102285	0.10981	0.0975441	0.038641	0.132908
-0.0279868	-1.73841	0.0821484	0.143715	1	1	0.76712	0.671873	0.279304	0.960682
-0.00722377	-0.424212	0.671414	0.74193	1	1	1	0.991503	0.75593	1
-0.028699	-2.09129	0.0365101	0.244297	0.620672	0.531523	0.468624	0.417932	0.155168	0.533709
-0.0139399	-0.949142	0.342555	0.342555	1	1	0.999199	0.986716	0.72793	1
-0.0019596	-0.143485	0.885908	0.897382	1	1	1	0.999885	0.993954	1
-0.0312626	-2.2209	0.0263647	0.128552	0.448199	0.39547	0.365053	0.3302	0.1494	0.513868
-0.00786611	-0.539106	0.589818	0.728138	1	1	1	0.986504	0.716207	1
-0.000297092	-0.0235413	0.981219	0.981219	1	1	1	0.999899	0.981219	1
0.00650617	0.402777	0.687115	0.687115	1	1	1	0.999908	0.985345	1
-0.00250883	-0.19199	0.847752	0.847752	1	1	1	0.999881	0.847752	1
-0.0168235	-1.2685	0.204629	0.204629	1	1	0.979598	0.967749	0.821009	1
-0.0050483	-0.325029	0.745161	0.745161	1	1	1	0.999708	0.974442	1
-0.013207	-0.898271	0.369048	0.46917	1	1	0.999602	0.991724	0.752529	1
-0.0235351	-1.45873	0.14465	0.299196	1	1	0.929783	0.868819	0.49181	1
-0.00573663	-0.379472	0.70434	0.74558	1	1	1	0.999372	0.910064	1
4.94233e-05	0.0030928	0.997532	0.997907	1	1	1	0.999551	0.997532	1
0.00414056	0.238814	0.811251	0.853163	1	1	1	0.994081	0.861955	1
0.00242107	0.185718	0.852667	0.852667	1	1	1	0.999916	0.971022	1
0.00719323	0.492366	0.622464	0.622464	1	1	1	0.999854	0.968417	1
-0.044117	-3.28203	0.00103173	0.0252744	0.0175394	0.0165076	0.0173953	0.0163805	0.00876968	0.0301638
-0.00851751	-0.618298	0.536383	0.669236	1	1	0.999998	0.99007	0.691293	1
-0.0159057	-1.19777	0.231015	0.338891	1	1	0.988503	0.944397	0.561037	1
-0.00824485	-0.617499	0.53691	0.625557	1	1	0.999998	0.990429	0.760623	1
-0.012628	-1.04973	0.293851	0.31512	1	1	0.997301	0.981612	0.713638	1
0.00119461	0.0781334	0.937722	0.937722	1	1	1	0.999149	0.937722	1
-0.0209484	-1.6922	0.0906166	0.0906166	1	1	0.80107	0.781248	0.521984	1
-0.00816719	-0.574093	0.565909	0.629172	1	1	0.999999	0.997096	0.874586	1
-0.0145194	-0.894414	0.371107	0.499499	1	1	0.999623	0.984612	0.694267	1
-0.0297014	-2.33406	0.0195985	0.0476693	0.333175	0.333175	0.285722	0.285722	0.174602	0.600551
-0.00726024	-0.434274	0.664092	0.678643	1	1	1	0.998484	0.806398	1
-0.0287042	-1.87907	0.0602437	0.0827682	1	0.963899	0.652256	0.629964	0.512071	1
-0.020655	-1.3399	0.180286	0.213465	1	1	0.965939	0.905153	0.437837	1
0.0114688	0.674741	0.499845	0.499845	1	1	0.999992	0.998461	0.882085	1
-0.0200842	-1.49044	0.136118	0.283989	1	1	0.916876	0.850752	0.462801	1
-0.0230354	-1.61825	0.105619	0.197271	1	1	0.850071	0.790435	0.448879	1
-3.02179e-05	-0.00228259	0.998179	0.998179	1	1	1	0.999912	0.998179	1
-0.00269725	-0.186114	0.852356	0.870013	1	1	1	0.99993	0.999442	1
-0.0172628	-1.18356	0.236596	0.423218	1	1	0.989842	0.968604	0.545434	1
0.000652006	0.0522349	0.958342	0.96427	1	1	1	0.99638	0.958342	1
-0.00667782	-0.414754	0.678325	0.769841	1	1	1	0.998892	0.80508	1
0.00117196	0.0899977	0.92829	0.92829	1	1	1	0.999954	0.986308	1
-0.0107191	-0.844794	0.398232	0.420858	1	1	0.999822	0.997428	0.872542	1
-0.00318797	-0.206446	0.836444	0.846404	1	1	1	0.996796	0.920191	1
-0.0147663	-0.993554	0.320448	0.521779	1	1	0.998595	0.964874	0.544761	1
-0.0160818	-1.01767	0.30884	0.417363	1	1	0.998126	0.982807	0.749515	1
-0.00424129	-0.272981	0.78487	0.840061	1	1	1	0.997858	0.949276	1
-0.0121182	-0.752348	0.451847	0.540891	1	1	0.999964	0.990802	0.660316	1
-0.0209979	-1.229	0.21908	0.362406	1	1	0.985061	0.940613	0.532052	1
-0.00818191	-0.60478	0.54533	0.689766	1	1	0.999998	0.991166	0.750723	1
0.0135427	0.922893	0.35607	0.565126	1	1	0.999437	0.954094	0.55029	1
-0.0285809	-2.12093	0.0339352	0.0339352	0.576898	0.509028	0.443959	0.404209	0.192299	0.661424
-0.00370387	-0.279426	0.77992	0.81428	1	1	1	0.992781	0.828664	1
-0.00510231	-0.340545	0.733448	0.803103	1	1	1	0.999571	0.946227	1
-0.0155699	-1.14363	0.252786	0.332957	1	1	0.992944	0.969707	0.675656	1
-0.0174233	-1.48474	0.137623	0.137623	1	1	0.919304	0.906426	0.752625	1
0.00126971	0.0844966	0.932662	0.932662	1	1	1	0.999976	0.965609	1
-0.0113394	-0.92824	0.35329	0.457852	1	1	0.999395	0.993785	0.750741	1
0.0129403	0.909214	0.363244	0.566791	1	1	0.999535	0.972974	0.617514	1
-0.0299318	-1.91732	0.0552063	0.0552063	0.938507	0.883301	0.619172	0.596919	0.328809	1
-0.0191409	-1.49053	0.136094	0.165725	1	1	0.916836	0.850697	0.462718	1
0.012107	0.673791	0.500449	0.539472	1	1	0.999992	0.996535	0.801913	1
0.0243774	1.41853	0.156046	0.156046	1	1	0.944099	0.933763	0.865421	1
0.0127877	0.710803	0.477212	0.499499	1	1	0.999984	0.998048	0.877043	1
0.0427426	2.38104	0.0172695	0.0369477	0.293581	0.293581	0.256321	0.256321	0.201847	0.694263
0.0491111	2.78291	0.00539058	0.00539058	0.0916399	0.0862493	0.0877925	0.0828485	0.0458199	0.1576
0.0204883	1.20033	0.230021	0.351624	1	1	0.988247	0.964938	0.584483	1
0.0295547	1.6571	0.0975096	0.265401	1	1	0.825207	0.785395	0.552554	1
0.0382626	2.13993	0.032368	0.188078	0.550256	0.517888	0.428424	0.409304	0.275128	0.946317
0.0349324	1.95935	0.0500806	0.0661522	0.85137	0.751208	0.582482	0.537298	0.28379	0.97611
0.00870242	0.483938	0.628433	0.628433	1	1	1	0.99995	0.965567	1
0.0122939	0.689637	0.490427	0.499499	1	1	0.999989	0.998539	0.859056	1
-0.000396833	-0.0220517	0.982407	0.985897	1	1	1	0.999138	0.982407	1
0.0559056	3.1581	0.00158948	0.00871965	0.0270212	0.0254317	0.0266803	0.0251307	0.0135106	0.0464703
0.021605	1.19578	0.23179	0.308502	1	1	0.988698	0.962026	0.656737	1
0.0443562	2.53593	0.0112195	0.0219564	0.190732	0.190732	0.174536	0.174536	0.190732	0.656032
0.0223812	1.29147	0.196551	0.196551	1	1	0.975774	0.962471	0.802694	1
0.0153939	0.870267	0.384161	0.384161	1	1	0.999736	0.998167	0.978436	1
0.0115193	0.668777	0.503642	0.503642	1	1	0.999993	0.999098	0.880056	1
0.00371659	0.207696	0.835467	0.85705	1	1	1	0.999775	0.974655	1
0.037269	2.13981	0.032378	0.0850569	0.550426	0.550426	0.428525	0.428525	0.370649	1
0.0268427	1.50268	0.132932	0.160472	1	1	0.911508	0.810257	0.322835	1
0.0345631	2.00192	0.045302	0.093339	0.770133	0.724831	0.545303	0.523726	0.359199	1
0.0321974	1.86284	0.0624937	0.0624937	1	0.999899	0.666142	0.643888	0.531196	1
0.0105114	0.592241	0.553693	0.553693	1	1	0.999999	0.99986	0.956423	1
0.0149095	0.877907	0.380001	0.499499	1	1	0.999704	0.990781	0.717779	1
0.0240243	1.45493	0.145698	0.145698	1	1	0.931231	0.905775	0.825624	1
0.0327194	1.89399	0.0582354	0.0889734	0.990002	0.931766	0.639405	0.617107	0.370327	1
0.0452678	2.61621	0.00889538	0.0688446	0.151221	0.151221	0.140924	0.140924	0.151221	0.520134
0.0271567	1.59273	0.111231	0.156082	1	1	0.865286	0.829457	0.503407	1
0.00443268	0.242959	0.808039	0.815282	1	1	1	0.999134	0.915778	1
0.021874	1.23084	0.21839	0.4546	1	1	0.984835	0.939773	0.464079	1
-0.00519051	-0.288165	0.773222	0.81541	1	1	1	0.990589	0.821548	1
0.0263744	1.53825	0.123998	0.261227	1	1	0.894663	0.879752	0.670944	1
0.0135492	0.746093	0.455617	0.481304	1	1	0.999968	0.997714	0.895977	1
0.0096992	0.538825	0.590011	0.62635	1	1	1	0.997276	0.699092	1
0.0325313	1.83884	0.0659478	0.0749297	1	1	0.686448	0.66431	0.560556	1
0.0333667	1.9507	0.0511017	0.0511017	0.86873	0.817628	0.590047	0.56797	0.434365	1
0.0260478	1.45856	0.144696	0.144696	1	1	0.929847	0.917978	0.870795	1
-0.0216311	-1.21455	0.224548	0.359352	1	1	0.986743	0.952722	0.63622	1
0.0369922	2.08018	0.0375169	0.0574537	0.637787	0.562753	0.477985	0.436496	0.212596	0.731234
0.00875819	0.488185	0.625422	0.625422	1	1	1	0.999946	0.890832	1
0.0326076	1.81503	0.0695291	0.0695291	1	1	0.706271	0.684322	0.590998	1
0.0255015	1.41162	0.158071	0.158071	1	1	0.946336	0.929804	0.636813	1
0.0497498	2.81056	0.0049485	0.00594369	0.0841245	0.079176	0.0808752	0.0763043	0.0420623	0.144675
0.0214682	1.19195	0.23329	0.429755	1	1	0.989067	0.975743	0.581856	1
0.0266328	1.51701	0.129274	0.129274	1	1	0.904943	0.89083	0.925984	1
0.0354363	2.04106	0.0412533	0.129578	0.701306	0.660052	0.511386	0.490361	0.350653	1
0.00461976	0.26202	0.793308	0.793308	1	1	1	0.999996	0.966311	1
0.00999334	0.580053	0.561883	0.561883	1	1	0.999999	0.999886	0.999562	1
0.0156054	0.867774	0.385524	0.385524	1	1	0.999746	0.994083	0.819239	1
0.0211611	1.20803	0.227043	0.27362	1	1	0.98745	0.964842	0.717547	1
0.0290918	1.63797	0.101437	0.189547	1	1	0.837699	0.772513	0.344887	1
0.0336146	1.94937	0.0512598	0.0524691	0.871417	0.820158	0.591207	0.56912	0.307935	1
0.017307	0.999741	0.317443	0.318418	1	1	0.998485	0.994533	0.941866	1
-0.00167988	-0.0933463	0.925629	0.925629	1	1	1	0.99988	0.983481	1
0.02538	1.49258	0.135558	0.262247	1	1	0.915955	0.887529	0.596802	1
0.0278894	1.68295	0.0923952	0.201898	1	1	0.807582	0.787994	0.704929	1
0.0284772	1.65247	0.0984487	0.0984487	1	1	0.828273	0.788721	0.557876	1
0.0361201	2.11366	0.0345516	0.0345516	0.587377	0.587377	0.44996	0.44996	0.423695	1
0.0261795	1.52361	0.127616	0.259047	1	1	0.901819	0.887457	0.661362	1
0.006489	0.355426	0.722273	0.722273	1	1	1	0.999977	0.997391	1
0.00654428	0.366921	0.713681	0.74088	1	1	1	0.999582	0.918523	1
-0.00633078	-0.336581	0.736435	0.736435	1	1	1	0.999739	0.96303	1
0.00143734	0.076062	0.93937	0.945718	1	1	1	0.998578	0.93937	1
-0.0130169	-0.697656	0.485398	0.690101	1	1	0.999988	0.990271	0.653551	1
-0.00487225	-0.260798	0.79425	0.867684	1	1	1	0.963312	0.79425	1
-0.0216363	-1.17071	0.241726	0.53465	1	1	0.990942	0.890702	0.410934	1
-0.00948559	-0.509391	0.610482	0.82244	1	1	1	0.940901	0.633152	1
0.00203362	0.106226	0.915404	0.93832	1	1	1	0.999435	0.915404	1
0.00333514	0.174196	0.861713	0.927156	1	1	1	0.997355	0.976608	1
0.0305356	1.74539	0.0809277	0.0809277	1	1	0.761799	0.761799	0.985518	1
0.0226168	1.31281	0.189257	0.189257	1	1	0.97175	0.957022	0.691119	1
0.0382147	2.09608	0.0360835	0.206025	0.613419	0.613419	0.46461	0.46461	0.496841	1
-0.00194356	-0.107486	0.914405	0.914405	1	1	1	1	0.982441	1
0.0233227	1.24585	0.21283	0.21283	1	1	0.982893	0.964928	0.904526	1
0.016538	0.873949	0.382153	0.382153	1	1	0.999721	0.996906	0.707836	1
-0.0184101	-1.23422	0.217129	0.380064	1	1	0.984414	0.958507	0.608335	1
0.0148454	0.884501	0.376433	0.499499	1	1	0.999674	0.985746	0.68171	1
-0.00608057	-0.34599	0.729353	0.745898	1	1	1	0.999072	0.953769	1
-0.00486489	-0.28466	0.775906	0.775906	1	1	1	0.999945	0.955929	1
-0.0129038	-0.732222	0.464039	0.494402	1	1	0.999975	0.998044	0.842916	1
0.00612502	0.338234	0.735189	0.735189	1	1	1	0.999655	0.900618	1
0.00133212	0.0850056	0.932257	0.947078	1	1	1	0.999425	0.989591	1
0.0207873	1.18481	0.236103	0.404404	1	1	0.989729	0.9704	0.637084	1
0.0367458	2.06884	0.0385698	0.0385698	0.655686	0.655686	0.487608	0.487608	0.655686	1
0.0119088	0.700258	0.483771	0.483771	1	1	0.999987	0.999642	0.93343	1
0.0227527	1.33541	0.181751	0.181751	1	1	0.966959	0.939689	0.772443	1
0.0164622	0.972273	0.330923	0.391446	1	1	0.998921	0.987971	0.803669	1
0.0207928	1.24147	0.21444	0.341153	1	1	0.983479	0.950206	0.515159	1
0.0403343	2.34574	0.0189959	0.104072	0.322931	0.284939	0.278222	0.249998	0.107644	0.370246
0.0289005	1.67993	0.0929803	0.137944	1	1	0.80968	0.718799	0.268533	0.923635
0.0261968	1.53842	0.123955	0.123955	1	1	0.894574	0.843192	0.498765	1
0.0387182	2.29242	0.0218882	0.192344	0.3721	0.306435	0.313557	0.266435	0.093025	0.319964
0.0198978	1.11968	0.262859	0.347316	1	1	0.994398	0.975943	0.696598	1
0.0184572	1.04434	0.296337	0.296337	1	1	0.997458	0.985264	0.839622	1
0.024308	1.35598	0.175114	0.216403	1	1	0.962095	0.900751	0.486053	1
0.0331026	1.84155	0.0655502	0.0761621	1	0.786603	0.684171	0.556727	0.185726	0.638813
0.0224465	1.25157	0.210735	0.336345	1	1	0.982102	0.963598	0.700503	1
-0.000757214	-0.0422105	0.966331	0.966331	1	1	1	0.999987	0.977793	1
-0.00174857	-0.102627	0.918259	0.918259	1	1	1	0.999993	0.96004	1
0.0108281	0.651968	0.514427	0.514427	1	1	0.999995	0.999602	0.824509	1
0.0125574	0.699002	0.484556	0.611252	1	1	0.999987	0.990334	0.74886	1
0.0213417	1.1924	0.233114	0.407528	1	1	0.989024	0.958622	0.549644	1
0.00172731	0.0940497	0.92507	0.92507	1	1	1	0.999968	0.982887	1
0.0230828	1.27314	0.202978	0.202978	1	1	0.978866	0.958257	0.68597	1
0.00173844	0.101385	0.919246	0.919246	1	1	1	0.99952	0.919246	1
-0.00463097	-0.26901	0.787923	0.787923	1	1	1	0.999618	0.888289	1
-0.0211954	-1.17778	0.238895	0.257115	1	1	0.990349	0.978111	0.808272	1
-0.00880536	-0.491217	0.623276	0.623276	1	1	1	0.999847	0.982067	1
0.0283682	1.66528	0.0958669	0.324343	1	1	0.819719	0.800068	0.40697	1
0.0276757	1.62393	0.1044	0.131551	1	1	0.846561	0.828675	0.776505	1
0.0345024	1.93553	0.0529346	0.0840674	0.899888	0.846953	0.603302	0.58113	0.449944	1
0.0227064	1.28716	0.198049	0.368551	1	1	0.97653	0.954494	0.630394	1
0.0224768	1.26286	0.206651	0.307689	1	1	0.980461	0.945912	0.58551	1
0.00111174	0.0625308	0.950141	0.965427	1	1	1	0.996062	0.950141	1
0.0212853	1.32989	0.183565	0.375297	1	1	0.968182	0.920174	0.520101	1
0.00964348	0.606629	0.544102	0.646305	1	1	0.999998	0.991021	0.712567	1
0.0288883	1.59381	0.110989	0.222039	1	1	0.864662	0.82876	0.587268	1
0.0395207	2.18329	0.0290218	0.0290218	0.49337	0.464349	0.393876	0.37576	0.173343	0.596224
0.00955094	0.548256	0.58352	0.670839	1	1	1	0.997827	0.825991	1
0.00297262	0.172079	0.863376	0.863376	1	1	1	0.999993	0.985376	1
0.0368099	2.00876	0.0445718	0.0445718	0.75772	0.713148	0.539354	0.517864	0.37886	1
0.0427294	2.32428	0.0201173	0.0365672	0.341993	0.321876	0.29212	0.277587	0.170997	0.588152
-0.033958	-1.93058	0.0535441	0.0860157	0.910249	0.803161	0.60762	0.561968	0.303416	1
-0.018933	-1.04423	0.296387	0.515199	1	1	0.997461	0.96936	0.503858	1
-0.022661	-1.38837	0.165035	0.233059	1	1	0.953403	0.919951	0.701399	1
-0.00753313	-0.430321	0.666965	0.731481	1	1	1	0.992403	0.809886	1
0.00126925	0.0792179	0.93686	0.93686	1	1	1	0.999984	0.999922	1
0.00153331	0.0942996	0.924872	0.924872	1	1	1	0.99988	0.924872	1
-0.00475566	-0.289282	0.772367	0.825864	1	1	1	0.998749	0.866769	1
-0.00227096	-0.1475	0.882739	0.905055	1	1	1	0.999944	0.960764	1
-0.00224696	-0.124615	0.900829	0.914082	1	1	1	0.999533	0.957131	1
-0.00788917	-0.43436	0.66403	0.66403	1	1	1	0.999541	0.814183	1
0.0180694	1.04463	0.296202	0.380605	1	1	0.99745	0.979014	0.719347	1
0.00898392	0.519276	0.603572	0.667949	1	1	1	0.998435	0.794824	1
-0.0081688	-0.486418	0.626674	0.739318	1	1	1	0.970361	0.665841	1
0.00939537	0.538893	0.589964	0.693617	1	1	1	0.980849	0.668626	1
0.00310943	0.193554	0.846527	0.897547	1	1	1	0.993061	0.846527	1
0.00925574	0.586494	0.557548	0.60053	1	1	0.999999	0.998531	0.874971	1
-0.0302427	-1.82479	0.068043	0.314871	1	0.952602	0.698193	0.627143	0.289183	0.994659
-0.0307848	-1.78343	0.0745268	0.269815	1	0.968848	0.731969	0.634632	0.253391	0.871552
-0.0174508	-1.11463	0.265016	0.502011	1	1	0.99467	0.958355	0.450527	1
-0.0354324	-2.19472	0.0281912	0.0360926	0.47925	0.451059	0.385001	0.367161	0.239625	0.824203
-0.017883	-1.1289	0.258951	0.258951	1	1	0.993871	0.984939	0.861465	1
-0.0293876	-1.79929	0.0719826	0.131824	1	1	0.719163	0.648613	0.305926	1
-0.0109257	-0.649056	0.516307	0.719383	1	1	0.999996	0.994172	0.747024	1
-0.00936705	-0.543409	0.586852	0.60823	1	1	1	0.998786	0.814666	1
0.0124393	0.784406	0.432808	0.432808	1	1	0.999935	0.998891	0.882165	1
0.00877792	0.552822	0.580389	0.580389	1	1	1	0.999929	0.920471	1
0.00271642	0.179392	0.857631	0.866908	1	1	1	0.999483	0.971982	1
-0.00326594	-0.212228	0.831931	0.888146	1	1	1	0.998563	0.836702	1
-0.00180676	-0.113471	0.909658	0.925097	1	1	1	0.99957	0.979275	1
-0.00294665	-0.180941	0.856415	0.894686	1	1	1	0.998312	0.873212	1
0.0123936	0.748797	0.453985	0.453985	1	1	0.999966	0.997645	0.964719	1
0.0117228	0.716751	0.473533	0.499499	1	1	0.999982	0.996893	0.870762	1
0.0305026	1.85736	0.0632699	0.0632699	1	0.885778	0.67081	0.5995	0.268897	0.924885
0.011833	0.724644	0.468676	0.604622	1	1	0.999979	0.993649	0.79675	1
-0.0232826	-1.46804	0.142104	0.142104	1	1	0.926144	0.883027	0.566798	1
-0.0289733	-1.82667	0.0677587	0.0677587	1	1	0.696624	0.65092	0.383966	1
-0.00778678	-0.484062	0.628345	0.728462	1	1	1	0.997878	0.793396	1
-0.00138186	-0.0842198	0.932882	0.932882	1	1	1	0.999639	0.935004	1
0.00900395	0.533552	0.593656	0.67542	1	1	1	0.998829	0.852447	1
0.0123929	0.712359	0.476248	0.499499	1	1	0.999983	0.998283	0.787629	1
-0.00783208	-0.497001	0.619192	0.619192	1	1	1	0.999832	0.958903	1
0.00436637	0.271955	0.785659	0.785659	1	1	1	0.999486	0.949091	1
-0.0141731	-0.860852	0.389326	0.389326	1	1	0.999772	0.995595	0.945506	1
-0.0197992	-1.17178	0.241296	0.241296	1	1	0.990854	0.963619	0.683672	1
-0.0149249	-0.982606	0.325809	0.463547	1	1	0.998772	0.991182	0.643519	1
-0.00791822	-0.506147	0.612757	0.612757	1	1	1	0.999082	0.847657	1
-0.00622205	-0.371409	0.710335	0.790719	1	1	1	0.997961	0.843698	1
-0.0333674	-2.0672	0.0387241	0.290074	0.65831	0.619585	0.489005	0.46842	0.264054	0.908229
0.0192004	1.1262	0.260088	0.260088	1	1	0.994029	0.980078	0.884299	1
0.0073984	0.418476	0.675602	0.675602	1	1	1	0.999311	0.957103	1
0.026766	1.46554	0.142783	0.451683	1	1	0.927132	0.84257	0.356127	1
-0.0105304	-0.609137	0.542438	0.681568	1	1	0.999998	0.998079	0.922145	1
0.00345184	0.19342	0.846631	0.890929	1	1	1	0.992457	0.846631	1
-0.0179299	-1.05852	0.289825	0.289825	1	1	0.997027	0.988312	0.828273	1
0.0139096	0.80546	0.420561	0.420561	1	1	0.999906	0.998335	0.963471	1
0.0224367	1.28481	0.198869	0.248857	1	1	0.976935	0.931736	0.55152	1
0.0147485	0.805137	0.420747	0.471416	1	1	0.999907	0.995747	0.850548	1
0.0420884	2.2963	0.0216656	0.0406681	0.368315	0.368315	0.310896	0.310896	0.298745	1
-0.011093	-0.626773	0.530813	0.532244	1	1	0.999997	0.998319	0.772613	1
0.0197686	1.11871	0.263272	0.343132	1	1	0.994451	0.984918	0.803775	1
-0.0237322	-1.45281	0.146285	0.161864	1	1	0.93203	0.890761	0.506473	1
0.010904	0.648221	0.516847	0.516847	1	1	0.999996	0.999773	0.993432	1
0.00393614	0.216801	0.828365	0.836778	1	1	1	0.999828	0.863333	1
0.0234459	1.30502	0.191896	0.191896	1	1	0.973273	0.922445	0.467469	1
-0.00359419	-0.199692	0.841723	0.841723	1	1	1	0.999965	0.975112	1
-0.0094477	-0.533065	0.593993	0.593993	1	1	1	0.9997	0.946285	1
0.0183984	1.10421	0.269509	0.504986	1	1	0.995198	0.948483	0.458165	1
0.00587842	0.346719	0.728805	0.793052	1	1	1	0.995509	0.884978	1
-0.00232442	-0.126432	0.89939	0.92517	1	1	1	0.989075	0.89939	1
-0.00918158	-0.505039	0.613535	0.683451	1	1	1	0.995597	0.745007	1
0.0180807	0.982695	0.325765	0.325765	1	1	0.99877	0.99405	0.955518	1
0.00412953	0.226724	0.82064	0.82064	1	1	1	0.999927	0.930059	1
0.0105133	0.567415	0.570437	0.603806	1	1	0.999999	0.996115	0.689244	1
0.0170866	0.925939	0.354485	0.532293	1	1	0.999413	0.974717	0.602624	1
0.0156407	0.874437	0.381887	0.457062	1	1	0.999719	0.991859	0.681444	1
0.015083	0.850801	0.394887	0.562757	1	1	0.999804	0.973082	0.584915	1
0.0028197	0.161869	0.87141	0.87141	1	1	1	0.999982	0.925873	1
0.00132076	0.0747491	0.940415	0.940415	1	1	1	0.99997	0.976094	1
-0.00543516	-0.299185	0.764801	0.841795	1	1	1	0.99928	0.899913	1
-0.000668782	-0.0370774	0.970424	0.978995	1	1	1	0.999999	0.986981	1
-0.00252296	-0.136981	0.891047	0.925576	1	1	1	0.998707	0.992649	1
0.00679788	0.370702	0.710862	0.710862	1	1	1	0.999951	0.955616	1
-0.0263448	-1.50559	0.132184	0.36603	1	1	0.910201	0.841671	0.44209	1
-0.0210017	-1.17763	0.238955	0.30351	1	1	0.990362	0.965935	0.677039	1
0.0366218	2.02594	0.0427798	0.0843984	0.727256	0.684477	0.524444	0.503191	0.363628	1
0.0108369	0.602028	0.54716	0.624862	1	1	0.999999	0.996095	0.828142	1
0.0449239	2.46362	0.0137596	0.0201915	0.233913	0.233913	0.209854	0.209854	0.233913	0.804557
0.0371031	2.01484	0.0439302	0.0447207	0.746813	0.746813	0.534067	0.534067	0.746813	1
0.0225913	1.30055	0.193423	0.343173	1	1	0.974119	0.906005	0.469741	1
0.0210823	1.22951	0.21889	0.41478	1	1	0.984999	0.959704	0.575021	1
0.0237775	1.29455	0.195484	0.295184	1	1	0.97522	0.94085	0.664644	1
0.0404352	2.17328	0.0297672	0.080218	0.506043	0.476276	0.401739	0.383384	0.253022	0.870281
0.0179995	0.961506	0.336305	0.533855	1	1	0.999059	0.963555	0.516423	1
0.00245622	0.132275	0.894768	0.894768	1	1	1	0.99938	0.950691	1
0.0237241	1.28029	0.200454	0.200454	1	1	0.977698	0.945428	0.681542	1
0.0115002	0.624414	0.53236	0.681097	1	1	0.999998	0.996908	0.781322	1
-0.0315178	-1.73395	0.0829371	0.291453	1	1	0.770499	0.749743	0.451187	1
-0.0135647	-0.765858	0.443767	0.553998	1	1	0.999953	0.99255	0.62867	1
-0.0140694	-0.9962	0.319161	0.499499	1	1	0.998549	0.973277	0.544707	1
-0.00864172	-0.509685	0.610276	0.673361	1	1	1	0.998578	0.814949	1
-0.00593821	-0.370015	0.711374	0.711374	1	1	1	0.999833	0.972357	1
-0.0122678	-0.747593	0.454711	0.454711	1	1	0.999967	0.999309	0.910479	1
0.00540213	0.327483	0.743305	0.76416	1	1	1	0.998916	0.902585	1
-0.00137661	-0.0894672	0.928711	0.940139	1	1	1	0.99864	0.928711	1
0.0090936	0.508389	0.611184	0.656249	1	1	1	0.998657	0.910963	1
0.0167549	0.931715	0.351491	0.499499	1	1	0.999365	0.980685	0.603426	1
0.0239874	1.35587	0.175151	0.31179	1	1	0.962124	0.932509	0.649627	1
0.0251892	1.42111	0.155294	0.171535	1	1	0.943247	0.901638	0.528001	1
0.00233998	0.154227	0.877432	0.877432	1	1	1	0.999963	0.932271	1
0.0274802	1.66651	0.0956223	0.220395	1	1	0.818888	0.729263	0.325116	1
0.0277772	2.02287	0.0430955	0.167801	0.732624	0.603337	0.527104	0.46029	0.181043	0.622706
0.0286487	2.01436	0.0439808	0.210964	0.747673	0.615731	0.534486	0.467239	0.186918	0.642915
-0.0165086	-0.992223	0.321096	0.499499	1	1	0.998617	0.980021	0.606516	1
-0.00766261	-0.442098	0.658422	0.717912	1	1	1	0.995988	0.799512	1
-0.00611086	-0.393476	0.693971	0.737197	1	1	1	0.999923	0.861824	1
-0.0287391	-1.78482	0.0742998	0.147586	1	1	0.730849	0.685909	0.421032	1
0.00172277	0.101075	0.919492	0.943652	1	1	1	0.998565	0.942854	1
-0.00278285	-0.160628	0.872387	0.872387	1	1	1	0.999592	0.926911	1
0.00409257	0.250435	0.802252	0.850808	1	1	1	0.988121	0.852393	1
-0.0106581	-0.643895	0.519649	0.532146	1	1	0.999996	0.997515	0.75124	1
0.0139655	0.837137	0.402522	0.402522	1	1	0.999842	0.996536	0.949661	1
0.0206971	1.22988	0.21875	0.252366	1	1	0.984954	0.975348	0.773297	1
0.0108715	0.690655	0.489788	0.489788	1	1	0.999989	0.999155	0.940102	1
0.0071329	0.451952	0.651307	0.730434	1	1	1	0.994845	0.776092	1
-0.00208157	-0.137775	0.89042	0.89042	1	1	1	0.999942	0.904444	1
0.00580986	0.372236	0.70972	0.775997	1	1	1	0.998702	0.892504	1
0.013613	0.813487	0.415945	0.499499	1	1	0.999893	0.992092	0.691204	1
0.0101272	0.608562	0.542819	0.542819	1	1	0.999998	0.999601	0.825538	1
0.0231091	1.45824	0.144784	0.251859	1	1	0.929969	0.869085	0.492264	1
0.0106639	0.67197	0.501608	0.70693	1	1	0.999993	0.978185	0.61539	1
-0.0148185	-0.909535	0.363075	0.607285	1	1	0.999533	0.933238	0.514356	1
-0.0192689	-1.17993	0.238037	0.450019	1	1	0.990163	0.950962	0.550658	1
0.0243604	1.40414	0.160288	0.215992	1	1	0.948688	0.896797	0.54498	1
0.0194343	1.11918	0.263074	0.443928	1	1	0.994425	0.955766	0.559032	1
0.0300832	1.82381	0.0681903	0.250879	1	0.886474	0.699003	0.600742	0.231847	0.79745
0.0169224	1.00456	0.315115	0.471864	1	1	0.998395	0.987124	0.607061	1
0.00699153	0.427157	0.669268	0.669268	1	1	1	0.999274	0.825711	1
0.00837834	0.508398	0.611178	0.611178	1	1	1	0.999478	0.906904	1
0.00211629	0.129596	0.896887	0.903023	1	1	1	0.99883	0.896887	1
0.00857242	0.502241	0.615501	0.619627	1	1	1	0.999522	0.853957	1
-0.0128558	-0.794721	0.426782	0.629746	1	1	0.999922	0.964525	0.599411	1
-0.00838271	-0.513707	0.607461	0.607461	1	1	1	0.999741	0.902229	1
0.0289863	1.68017	0.0929347	0.0929347	1	1	0.809517	0.744765	0.363207	1
0.000918933	0.0547498	0.956338	0.963358	1	1	1	0.999751	0.956338	1
-0.00502247	-0.29339	0.769226	0.769226	1	1	1	0.999988	0.988931	1
-0.00712427	-0.406123	0.684655	0.684655	1	1	1	0.999985	0.970896	1
-0.0288581	-1.64779	0.0994067	0.0994067	1	1	0.831349	0.792063	0.563304	1
-0.00867137	-0.482327	0.629577	0.789897	1	1	1	0.989187	0.764486	1
0.00267092	0.158288	0.874231	0.874231	1	1	1	0.999908	0.886629	1
0.00965021	0.563405	0.573163	0.573163	1	1	0.999999	0.999716	0.80052	1
-0.0115547	-0.640153	0.522078	0.522078	1	1	0.999996	0.998699	0.919517	1
-0.00230481	-0.148986	0.881566	0.903631	1	1	1	0.999853	0.968339	1
-0.0109726	-0.606447	0.544223	0.544223	1	1	0.999998	0.999151	0.827107	1
-0.0316166	-1.72953	0.0837236	0.184137	1	1	0.773822	0.773822	0.625477	1
0.00555702	0.325828	0.744557	0.757668	1	1	1	0.999319	0.81641	1
-0.0132327	-0.77357	0.439191	0.439191	1	1	0.999946	0.998871	0.864331	1
-0.00275279	-0.158368	0.874168	0.893162	1	1	1	0.999749	0.967799	1
-0.0144281	-0.84097	0.400371	0.467606	1	1	0.999833	0.995611	0.820409	1
-0.0232163	-1.31083	0.189925	0.306365	1	1	0.972143	0.901422	0.461246	1
-0.0139307	-0.80008	0.423671	0.499499	1	1	0.999915	0.992985	0.714343	1
-0.0222787	-1.30324	0.192504	0.192504	1	1	0.973613	0.949885	0.67974	1
-0.0240269	-1.39018	0.164485	0.400693	1	1	0.952878	0.884269	0.46217	1
-0.0278197	-1.58432	0.113131	0.394678	1	1	0.8701	0.733035	0.274747	0.945007
-0.0337587	-1.91735	0.0552024	0.0552024	0.938441	0.717631	0.619145	0.522026	0.187688	0.645563
-0.0167843	-0.940773	0.346829	0.346829	1	1	0.999283	0.990559	0.737011	1
-0.0208056	-1.16893	0.242441	0.332586	1	1	0.991086	0.952839	0.588785	1
-0.0203437	-1.14912	0.250517	0.499128	1	1	0.992571	0.944073	0.473972	1
-0.00812521	-0.451512	0.651623	0.651623	1	1	1	0.999924	0.937623	1
0.00945936	0.581934	0.560615	0.584572	1	1	0.999999	0.996826	0.74685	1
-0.00107562	-0.0666438	0.946866	0.947335	1	1	1	0.999565	0.987004	1
-0.00848088	-0.499574	0.617379	0.706035	1	1	1	0.996533	0.798005	1
-0.0142036	-0.819674	0.412408	0.552759	1	1	0.999881	0.98579	0.701094	1
-0.0047078	-0.264944	0.791054	0.814438	1	1	1	0.999171	0.808505	1
-0.0104697	-0.592888	0.55326	0.641234	1	1	0.999999	0.996289	0.736689	1
0.00281618	0.166949	0.867411	0.867411	1	1	1	0.999989	0.990519	1
0.00768846	0.457874	0.647046	0.699166	1	1	1	0.999318	0.885891	1
0.0287617	1.66011	0.0969018	0.109918	1	1	0.823195	0.804224	0.788131	1
0.0055797	0.318154	0.75037	0.75037	1	1	1	0.999366	0.936551	1
-0.0170623	-1.07875	0.280707	0.356367	1	1	0.996307	0.979761	0.681716	1
-0.0196183	-1.22902	0.219075	0.219075	1	1	0.98506	0.980869	0.892357	1
-0.0354547	-2.07583	0.0379176	0.0949443	0.6446	0.568765	0.481668	0.440005	0.214867	0.739045
-0.020236	-1.1758	0.239684	0.26948	1	1	0.990518	0.962681	0.679106	1
-0.0222928	-1.26812	0.204766	0.208255	1	1	0.979657	0.959549	0.65791	1
-0.00833503	-0.469298	0.63886	0.66399	1	1	1	0.999711	0.987591	1
-0.0210135	-1.3462	0.178248	0.423576	1	1	0.96447	0.905122	0.432887	1
-0.0108766	-0.692792	0.488445	0.514781	1	1	0.999989	0.996846	0.746126	1
-0.028267	-1.62076	0.105078	0.211196	1	1	0.848524	0.810864	0.595444	1
-0.0376432	-2.11989	0.0340235	0.0394892	0.578399	0.544375	0.444823	0.425268	0.289199	0.994717
-0.0177207	-1.10422	0.269505	0.269505	1	1	0.995197	0.983133	0.869754	1
-0.00359494	-0.220643	0.825372	0.825372	1	1	1	0.999687	0.935422	1
-0.0293467	-1.6616	0.0966032	0.188344	1	1	0.822199	0.822199	0.697569	1
-0.0445568	-2.57558	0.0100118	0.0261605	0.170201	0.170201	0.157228	0.157228	0.170201	0.585414
0.0132821	0.729119	0.465935	0.501239	1	1	0.999977	0.996356	0.792089	1
0.0297653	1.69313	0.0904408	0.136796	1	1	0.800416	0.78057	0.749162	1
-0.0209457	-1.18368	0.23655	0.23655	1	1	0.989831	0.948645	0.57448	1
-0.00883626	-0.508186	0.611327	0.643711	1	1	1	0.995972	0.678843	1
0.00580847	0.352037	0.724813	0.724813	1	1	1	0.999991	0.952544	1
0.00820265	0.477901	0.632724	0.632724	1	1	1	0.999914	0.924828	1
-0.00273378	-0.161102	0.872014	0.891667	1	1	1	0.997412	0.885304	1
-0.00392215	-0.253283	0.800051	0.832665	1	1	1	0.999936	0.973513	1
-0.00805303	-0.446582	0.65518	0.65518	1	1	1	0.999673	0.862826	1
-0.0166546	-0.91783	0.358715	0.358715	1	1	0.999475	0.995163	0.79829	1
0.000829139	0.0487895	0.961087	0.961087	1	1	1	0.999961	0.961087	1
-0.00285948	-0.168541	0.866159	0.866159	1	1	1	0.999868	0.982073	1
-0.0251393	-1.43971	0.149961	0.240926	1	1	0.936837	0.8508	0.364191	1
-0.00201574	-0.115346	0.908172	0.915216	1	1	1	0.999795	0.964933	1
-0.0210374	-1.17713	0.239152	0.499499	1	1	0.990405	0.916813	0.451732	1
-0.0130321	-0.748361	0.454248	0.521696	1	1	0.999966	0.993677	0.772222	1
-0.035465	-2.08938	0.036682	0.0833445	0.623593	0.440184	0.470233	0.361389	0.103932	0.35748
-0.0491591	-2.89336	0.00381417	0.0566096	0.064841	0.0533984	0.0628997	0.0520946	0.0162102	0.055756
-0.0168723	-1.05284	0.292422	0.292422	1	1	0.997206	0.988855	0.771374	1
-0.0280704	-1.73068	0.083519	0.191319	1	1	0.772962	0.752272	0.653362	1
-0.031733	-1.92063	0.0547879	0.242658	0.931395	0.821819	0.616295	0.570524	0.310465	1
-0.0487452	-2.87129	0.00409086	0.0250863	0.0695445	0.0654537	0.0673145	0.0634833	0.0347723	0.119601
-0.015844	-0.90153	0.367314	0.499499	1	1	0.999583	0.98842	0.693815	1
-0.000721697	-0.0406574	0.967569	0.970044	1	1	1	0.998186	0.967569	1
0.00907725	0.560697	0.575008	0.575008	1	1	1	0.999808	0.85711	1
0.00296371	0.18523	0.85305	0.85305	1	1	1	0.999849	0.960596	1
-0.00184263	-0.116884	0.906953	0.921818	1	1	1	0.999927	0.918719	1
-0.00963392	-0.60874	0.542701	0.560871	1	1	0.999998	0.997204	0.768827	1
-0.00204038	-0.124173	0.901179	0.901179	1	1	1	0.999936	0.970739	1
-0.0111974	-0.673573	0.500588	0.500588	1	1	0.999993	0.99823	0.851805	1
0.00821175	0.489104	0.624772	0.708813	1	1	1	0.997124	0.817009	1
0.00785307	0.471067	0.637596	0.71936	1	1	1	0.992692	0.730735	1
0.023721	1.36437	0.172461	0.172461	1	1	0.959968	0.914641	0.586367	1
0.0121342	0.708877	0.478406	0.504893	1	1	0.999984	0.996856	0.790066	1
-0.0329419	-1.99086	0.0465055	0.0465055	0.790593	0.697582	0.554949	0.510477	0.263531	0.906429
-0.0388699	-2.35711	0.0184241	0.0184241	0.313211	0.294786	0.271037	0.257354	0.156605	0.538652
-0.0224005	-1.31003	0.190195	0.356324	1	1	0.972301	0.931191	0.461901	1
-0.0155319	-0.902673	0.366706	0.477996	1	1	0.999576	0.989624	0.737221	1
0.00499155	0.281663	0.778204	0.788397	1	1	1	0.998894	0.881965	1
0.0180635	1.00319	0.31578	0.499499	1	1	0.998421	0.967133	0.596472	1
-0.00923316	-0.578961	0.56262	0.62152	1	1	0.999999	0.994745	0.797044	1
0.00688102	0.430435	0.666883	0.759885	1	1	1	0.998164	0.775844	1
-0.0184907	-1.07364	0.282995	0.346849	1	1	0.996502	0.986763	0.681102	1
-0.0245286	-1.41794	0.15622	0.15622	1	1	0.944294	0.890104	0.531147	1
-0.0121499	-0.761401	0.446423	0.446423	1	1	0.999957	0.999172	0.973313	1
-0.00811932	-0.506078	0.612805	0.662859	1	1	1	0.99924	0.868141	1
-0.0230368	-1.28311	0.199465	0.287322	1	1	0.977224	0.964461	0.716536	1
-0.0437481	-2.49725	0.0125212	0.0181941	0.212861	0.212861	0.192817	0.192817	0.212861	0.732146
0.0226417	1.33404	0.1822	0.1822	1	1	0.967266	0.940151	0.774349	1
0.00838817	0.477394	0.633085	0.722335	1	1	1	0.99756	0.89687	1
0.0024725	0.142015	0.887069	0.887069	1	1	1	0.999998	0.972208	1
0.00467849	0.269413	0.787613	0.809446	1	1	1	0.999719	0.842516	1
-0.0101576	-0.571702	0.567528	0.567528	1	1	0.999999	0.9985	0.742152	1
-0.001684	-0.0916659	0.926964	0.947135	1	1	1	0.997337	0.926964	1
-0.0086764	-0.496127	0.619808	0.674312	1	1	1	0.994427	0.810519	1
0.00777507	0.430761	0.666645	0.716467	1	1	1	0.994518	0.809498	1
0.00400936	0.229198	0.818716	0.830656	1	1	1	0.999746	0.936679	1
-0.0168942	-0.95925	0.33744	0.450663	1	1	0.999086	0.987436	0.71706	1
0.025332	1.63985	0.101046	0.155036	1	1	0.836494	0.774928	0.429447	1
0.0252811	1.68494	0.09201	0.235712	1	1	0.806189	0.741098	0.391042	1
0.0310799	1.81973	0.0688095	0.0688095	1	1	0.702385	0.680393	0.584881	1
0.0271858	1.60441	0.108635	0.268416	1	1	0.858439	0.821831	0.584785	1
0.0332765	1.91413	0.0556124	0.0556124	0.945411	0.834187	0.621946	0.576109	0.315137	1
0.0096148	0.538312	0.590366	0.626417	1	1	1	0.99831	0.800234	1
0.00382492	0.214198	0.830394	0.830394	1	1	1	0.998568	0.830394	1
0.0155506	0.858396	0.390681	0.495088	1	1	0.99978	0.992946	0.651237	1
-0.00324442	-0.190195	0.849157	0.849157	1	1	1	0.999959	0.983558	1
-0.00116315	-0.0677488	0.945986	0.945986	1	1	1	0.999954	0.98768	1
0.00425384	0.242561	0.808347	0.808347	1	1	1	0.999976	0.982873	1
-0.00236716	-0.13314	0.894084	0.894084	1	1	1	0.999999	0.932385	1
0.00183327	0.103945	0.917214	0.917214	1	1	1	0.999299	0.935486	1
-0.0136932	-0.761633	0.446285	0.505591	1	1	0.999957	0.995462	0.758684	1
-0.0243186	-1.44449	0.148613	0.148613	1	1	0.935112	0.894857	0.631604	1
-0.0244997	-1.44889	0.147379	0.147379	1	1	0.933496	0.892704	0.58993	1
-0.0115517	-0.677261	0.498246	0.499499	1	1	0.999992	0.99822	0.841442	1
-0.011321	-0.669903	0.502925	0.502925	1	1	0.999993	0.998778	0.836378	1
0.000230293	0.01339	0.989317	0.989317	1	1	1	0.999998	0.996354	1
-0.00835571	-0.483113	0.629019	0.629019	1	1	1	0.999857	0.932709	1
-0.0192515	-1.10931	0.267306	0.267306	1	1	0.994945	0.976063	0.755301	1
-0.0223862	-1.29729	0.194541	0.274801	1	1	0.974722	0.925437	0.551199	1
-0.0371449	-2.10798	0.0350405	0.0350405	0.595689	0.490567	0.454677	0.393086	0.148922	0.512226
-0.0398304	-2.28002	0.0226131	0.0728904	0.384422	0.316583	0.322154	0.274009	0.0961056	0.33056
0.0181372	1.09658	0.272834	0.338253	1	1	0.995556	0.988442	0.797967	1
0.0128539	0.780485	0.435111	0.435111	1	1	0.999939	0.999099	0.907895	1
0.0165665	0.954161	0.34001	0.350506	1	1	0.999145	0.989651	0.805886	1
0.0231524	1.33162	0.182996	0.216399	1	1	0.967803	0.940961	0.777733	1
-0.0125348	-0.72662	0.467464	0.467464	1	1	0.999978	0.998166	0.913288	1
-0.0144363	-0.819849	0.412309	0.48365	1	1	0.999881	0.997112	0.785811	1
0.0451794	2.53031	0.011401	0.011401	0.193818	0.171016	0.177109	0.158019	0.0646059	0.222215
0.0250509	1.41825	0.156129	0.156129	1	1	0.944193	0.889951	0.53084	1
0.00552245	0.310829	0.755933	0.755933	1	1	1	0.999786	0.938487	1
-0.00252895	-0.144439	0.885155	0.907019	1	1	1	0.999826	0.986329	1
0.0136502	0.84387	0.398749	0.398749	1	1	0.999825	0.996288	0.953963	1
0.0118969	0.742007	0.458089	0.469962	1	1	0.99997	0.999108	0.8748	1
0.00864667	0.5018	0.615812	0.615812	1	1	1	0.999569	0.903358	1
0.0155722	0.91774	0.358762	0.358762	1	1	0.999476	0.988246	0.762369	1
-0.0221632	-1.30657	0.19137	0.19335	1	1	0.972976	0.948891	0.813321	1
-0.0222915	-1.30443	0.192096	0.353277	1	1	0.973386	0.922676	0.544273	1
-0.00765448	-0.51414	0.607158	0.607158	1	1	1	0.999881	0.881051	1
-0.00213632	-0.131947	0.895027	0.912122	1	1	1	0.994944	0.895027	1
0.00722237	0.411872	0.680436	0.794101	1	1	1	0.984846	0.771161	1
0.0244453	1.36802	0.171315	0.194716	1	1	0.959016	0.940319	0.608824	1
-0.0214049	-1.25796	0.208416	0.208416	1	1	0.981187	0.962072	0.885766	1
-0.0118842	-0.703194	0.48194	0.550771	1	1	0.999986	0.99518	0.744817	1
-0.0228052	-1.26417	0.20618	0.33812	1	1	0.980263	0.921124	0.481847	1
-0.0339268	-1.86385	0.0623528	0.215121	1	0.935292	0.665288	0.619292	0.353332	1
-0.0204064	-1.16249	0.245047	0.476489	1	1	0.991593	0.954593	0.510406	1
-0.0269941	-1.52336	0.127678	0.234304	1	1	0.901938	0.852269	0.48843	1
0.00418208	0.263904	0.791856	0.791856	1	1	1	0.99988	0.90653	1
-0.0215472	-1.31848	0.187352	0.322274	1	1	0.9706	0.932589	0.58006	1
-0.0405473	-2.46097	0.0138618	0.0138618	0.235651	0.235651	0.211245	0.211245	0.235651	0.810532
-0.0477699	-2.85686	0.00428147	0.00781516	0.0727851	0.0691525	0.0703446	0.0669473	0.0363925	0.125174
-0.00182455	-0.106512	0.915177	0.929154	1	1	1	0.998567	0.965541	1
-0.00338103	-0.194722	0.845612	0.84821	1	1	1	0.999714	0.889404	1
0.00842732	0.470628	0.63791	0.63791	1	1	1	0.999679	0.83419	1
-0.00284156	-0.157731	0.87467	0.88511	1	1	1	0.997843	0.87467	1
-0.0176737	-0.977447	0.328355	0.499499	1	1	0.998848	0.974506	0.592531	1
-0.0135179	-0.745312	0.456089	0.499499	1	1	0.999968	0.995834	0.783946	1
-0.013917	-0.805914	0.420299	0.499499	1	1	0.999906	0.992607	0.746408	1
0.00406302	0.236104	0.813354	0.817684	1	1	1	0.999734	0.921801	1
-0.0190239	-1.03979	0.298444	0.298444	1	1	0.997584	0.985554	0.72215	1
-0.0304704	-1.67647	0.093656	0.128159	1	1	0.812076	0.747592	0.398038	1
-0.0159504	-0.891575	0.372628	0.372628	1	1	0.999639	0.994074	0.904953	1
-0.0188494	-1.0589	0.289654	0.484052	1	1	0.997015	0.967289	0.579677	1
0.00777437	0.465931	0.641268	0.641268	1	1	1	0.999902	0.941624	1
-0.0188328	-1.10083	0.270981	0.270981	1	1	0.99536	0.977464	0.677999	1
-0.0145615	-0.819788	0.412343	0.610779	1	1	0.999881	0.975797	0.637258	1
-0.0108636	-0.613452	0.539582	0.673928	1	1	0.999998	0.988332	0.655207	1
-0.0139596	-0.805067	0.420787	0.51553	1	1	0.999907	0.990386	0.676507	1
-0.000946842	-0.0545859	0.956469	0.963887	1	1	1	0.998828	0.958697	1
-0.00563417	-0.320472	0.748613	0.796576	1	1	1	0.994783	0.791565	1
0.000931001	0.0527052	0.957967	0.964236	1	1	1	0.997982	0.957967	1
-0.0269641	-1.51845	0.128912	0.189247	1	1	0.904269	0.833733	0.381305	1
0.00205745	0.116831	0.906994	0.918073	1	1	1	0.999994	0.991542	1
-0.0289062	-1.71942	0.0855484	0.155979	1	1	0.781359	0.738537	0.453249	1
-0.0116449	-0.700778	0.483447	0.499499	1	1	0.999987	0.998278	0.793379	1
-0.00771784	-0.464471	0.642314	0.712572	1	1	1	0.997073	0.727956	1
-0.0107638	-0.652173	0.514294	0.534383	1	1	0.999995	0.998402	0.874301	1
-0.0362543	-1.99603	0.0459398	0.259888	0.780976	0.648	0.550439	0.484394	0.195244	0.671552
-0.041746	-2.27636	0.0228313	0.0234021	0.388131	0.3653	0.324722	0.308944	0.194066	0.667499
0.0046012	0.251012	0.801806	0.893301	1	1	1	0.985977	0.843465	1
0.00371822	0.202134	0.839813	0.891188	1	1	1	0.999663	0.914716	1
-0.0252462	-1.39276	0.163704	0.163704	1	1	0.952123	0.904574	0.501014	1
-0.0199209	-1.10761	0.268037	0.499499	1	1	0.99503	0.954396	0.506292	1
0.038735	2.12486	0.0336064	0.0336064	0.571309	0.569722	0.440734	0.439815	0.197399	0.678964
0.00388068	0.215579	0.829317	0.829317	1	1	1	0.999961	0.962237	1
-0.0207877	-1.21514	0.224324	0.360011	1	1	0.986678	0.9632	0.634185	1
-0.00457767	-0.256306	0.797716	0.811907	1	1	1	0.9978	0.847574	1
-0.00172151	-0.108548	0.913562	0.925804	1	1	1	0.996303	0.913562	1
0.00945413	0.616923	0.53729	0.629737	1	1	0.999998	0.995459	0.771199	1
-0.0141933	-0.857369	0.391248	0.418592	1	1	0.999783	0.995746	0.783457	1
0.00245147	0.160556	0.872444	0.90972	1	1	1	0.998565	0.946356	1
0.00258729	0.141502	0.887474	0.916931	1	1	1	0.993153	0.938058	1
-0.02594	-1.41425	0.157298	0.157298	1	1	0.945492	0.884333	0.445677	1
0.032536	1.90423	0.0568894	0.210082	0.96712	0.910231	0.630543	0.608257	0.48356	1
0.0146803	0.880366	0.378668	0.483902	1	1	0.999693	0.992304	0.741859	1
0.0119467	0.667528	0.50444	0.665152	1	1	0.999993	0.966988	0.612534	1
0.0266487	1.54337	0.122752	0.243816	1	1	0.892085	0.792284	0.347797	1
0.0117299	0.690016	0.490189	0.641434	1	1	0.999989	0.991049	0.757565	1
0.00779438	0.471631	0.637194	0.691786	1	1	1	0.998674	0.902691	1
-0.0222106	-1.32408	0.185487	0.185487	1	1	0.969432	0.949185	0.788319	1
-0.0255141	-1.46879	0.141901	0.23421	1	1	0.925846	0.863232	0.482464	1
-0.0221247	-1.3521	0.176354	0.251728	1	1	0.963052	0.919716	0.599602	1
-0.0317988	-1.86996	0.0614986	0.0614986	1	0.983978	0.660067	0.637792	0.50571	1
-0.026577	-1.681	0.0927733	0.0927733	1	1	0.80894	0.80894	0.913602	1
-0.0516408	-3.12229	0.00179615	0.00179615	0.0305346	0.0305346	0.0300997	0.0300997	0.0305346	0.105025
-0.0158265	-0.92844	0.353187	0.499499	1	1	0.999393	0.980184	0.667131	1
-0.0322241	-1.8181	0.0690586	0.159803	1	1	0.703735	0.689569	0.433902	1
-0.0275263	-1.70069	0.0890114	0.116799	1	0.979125	0.795016	0.641373	0.21617	0.74353
-0.0301675	-1.86859	0.061689	0.237308	1	0.794189	0.661237	0.559341	0.174785	0.601184
-0.021746	-1.5047	0.132411	0.247942	1	1	0.9106	0.881229	0.439468	1
-0.030936	-2.01073	0.0443623	0.160706	0.754159	0.709796	0.537634	0.51617	0.373808	1
-0.0133428	-0.842713	0.399396	0.499499	1	1	0.999828	0.990808	0.70349	1
-0.0364096	-2.20156	0.0277042	0.0277042	0.470971	0.443267	0.379741	0.362068	0.174615	0.600597
-0.02099	-1.27218	0.203317	0.529451	1	1	0.979018	0.837713	0.345639	1
-0.020127	-1.19038	0.233908	0.374283	1	1	0.989216	0.959133	0.626328	1
-0.0221909	-1.3602	0.173777	0.324006	1	1	0.961037	0.851758	0.369277	1
-0.0506089	-2.9378	0.00330798	0.0658631	0.0562356	0.0562356	0.0547718	0.0547718	0.0562356	0.193425
-0.0153647	-0.897016	0.369718	0.499499	1	1	0.999609	0.989295	0.698355	1
-0.0278201	-1.59667	0.110349	0.110349	1	1	0.862995	0.805429	0.468982	1
-0.00148804	-0.0893667	0.928791	0.928791	1	1	1	0.998746	0.928791	1
0.024976	1.48479	0.137611	0.367001	1	1	0.919284	0.89147	0.503178	1
-0.00946718	-0.528659	0.597046	0.597993	1	1	1	0.99799	0.845815	1
-0.0164648	-0.94021	0.347118	0.347118	1	1	0.999288	0.997443	0.99958	1
0.0159901	0.982504	0.325859	0.485792	1	1	0.998773	0.986931	0.644444	1
0.0182176	1.12654	0.259945	0.397929	1	1	0.994009	0.950723	0.552383	1
-0.0250532	-1.59252	0.111278	0.179691	1	1	0.865407	0.829592	0.630575	1
-0.0480392	-2.77517	0.0055207	0.0055207	0.0938519	0.0938519	0.0898191	0.0898191	0.0938519	0.322808
-0.0093946	-0.566925	0.570769	0.570769	1	1	0.999999	0.999838	0.971268	1
0.00820538	0.48646	0.626645	0.718139	1	1	1	0.998989	0.91413	1
-0.000373202	-0.0206175	0.983551	0.983551	1	1	1	0.999979	0.990083	1
-0.0603414	-3.32539	0.000884004	0.00372986	0.0150281	0.0150281	0.0149223	0.0149223	0.0150281	0.0516898
0.00671771	0.379322	0.704452	0.704452	1	1	1	0.999961	0.990985	1
-0.00646972	-0.358642	0.719866	0.719866	1	1	1	0.99997	0.991541	1
-0.00622969	-0.346226	0.729175	0.729175	1	1	1	0.999859	0.874159	1
-0.0260871	-1.44663	0.148012	0.148012	1	1	0.93433	0.893814	0.629051	1
0.00824699	0.454371	0.649565	0.723783	1	1	1	0.994572	0.788758	1
-0.038074	-2.14135	0.0322535	0.0322535	0.548309	0.516056	0.427273	0.408185	0.274155	0.942969
0.023621	1.30602	0.191554	0.271365	1	1	0.973081	0.936982	0.651284	1
0.00902161	0.499202	0.617641	0.628419	1	1	1	0.998375	0.804111	1
-0.00582342	-0.319984	0.748983	0.850527	1	1	1	0.998726	0.909479	1
-0.0181309	-1.03093	0.302583	0.302583	1	1	0.997815	0.992543	0.857473	1
-0.00149974	-0.0828542	0.933968	0.949515	1	1	1	0.997939	0.933968	1
-0.0103952	-0.576006	0.564615	0.564615	1	1	0.999999	0.998972	0.63575	1
-0.0094563	-0.523489	0.600638	0.600638	1	1	1	0.999906	0.879956	1
0.0119327	0.663419	0.507067	0.507067	1	1	0.999994	0.998282	0.957793	1
0.00285326	0.156722	0.875465	0.875465	1	1	1	0.999965	0.889026	1
0.00629958	0.357977	0.720363	0.720363	1	1	1	0.999785	0.839812	1
-0.011195	-0.63105	0.528013	0.528013	1	1	0.999997	0.998816	0.831054	1
0.00163989	0.0940349	0.925082	0.94343	1	1	1	0.999634	0.925082	1
-0.000351674	-0.0198483	0.984164	0.984164	1	1	1	0.999647	0.984164	1
-0.0348959	-2.00992	0.0444479	0.127762	0.755614	0.755614	0.538338	0.538338	0.594505	1
-0.00974577	-0.552962	0.580294	0.580294	1	1	1	0.999929	0.953065	1
-0.0213342	-1.19647	0.231522	0.294711	1	1	0.988631	0.957579	0.655978	1
0.0198272	1.10351	0.269814	0.492677	1	1	0.995232	0.964039	0.524	1
-0.0218595	-1.2411	0.214577	0.214577	1	1	0.983527	0.966002	0.91195	1
-0.00229758	-0.135274	0.892396	0.892396	1	1	1	0.999919	0.903828	1
-0.0172375	-0.999896	0.317369	0.317369	1	1	0.998482	0.989762	0.858593	1
0.00103152	0.0592269	0.952772	0.952772	1	1	1	0.999895	0.972598	1
0.00740999	0.439571	0.660251	0.780751	1	1	1	0.998355	0.841627	1
-0.00814907	-0.44626	0.655413	0.655413	1	1	1	0.999495	0.900925	1
0.0266281	1.56365	0.117911	0.267318	1	1	0.881501	0.847704	0.544327	1
-0.0186089	-1.0729	0.283324	0.291064	1	1	0.996529	0.99057	0.930432	1
0.000508114	0.0293355	0.976597	0.979327	1	1	1	0.999098	0.976597	1
-0.00568153	-0.327758	0.743097	0.771722	1	1	1	0.999581	0.916536	1
0.0169802	0.98081	0.326694	0.406409	1	1	0.998799	0.980852	0.672198	1
0.0137114	0.779913	0.435448	0.586631	1	1	0.99994	0.981722	0.616014	1
0.00870728	0.511732	0.608842	0.675884	1	1	1	0.998599	0.819294	1
-0.0060277	-0.35119	0.725448	0.725448	1	1	1	0.999946	0.980739	1
0.00229032	0.13742	0.8907	0.920605	1	1	1	0.988053	0.946368	1
-0.00796823	-0.44832	0.653926	0.653926	1	1	1	0.999796	0.989962	1
-0.0162858	-0.959171	0.33748	0.499499	1	1	0.999087	0.981261	0.637462	1
0.0195737	1.12739	0.259585	0.40328	1	1	0.993959	0.963337	0.608703	1
-0.0209204	-1.2193	0.222739	0.323267	1	1	0.986208	0.962211	0.743817	1
-0.0285194	-1.56646	0.117252	0.296464	1	1	0.879987	0.825532	0.477708	1
0.0164141	0.975134	0.329501	0.499499	1	1	0.998881	0.979254	0.587183	1
0.0173064	0.997249	0.318652	0.318652	1	1	0.99853	0.989548	0.773868	1
-0.0146265	-0.89046	0.373226	0.463039	1	1	0.999644	0.996324	0.779305	1
0.0350334	2.03156	0.0422073	0.115773	0.717523	0.675316	0.519585	0.498415	0.270202	0.929373
0.00887985	0.503395	0.61469	0.61469	1	1	1	0.998343	0.721238	1
0.033488	1.90253	0.0571113	0.242943	0.970892	0.85667	0.632017	0.58609	0.242811	0.835163
-0.0132114	-0.751159	0.452563	0.452563	1	1	0.999964	0.998677	0.935909	1
-0.00512328	-0.286106	0.774799	0.794486	1	1	1	0.999421	0.935721	1
0.00345132	0.198952	0.842301	0.886537	1	1	1	0.99914	0.940918	1
0.0126304	0.707621	0.479186	0.499499	1	1	0.999985	0.997181	0.852781	1
0.0297559	1.74451	0.0810807	0.227121	1	1	0.762472	0.718706	0.459457	1
0.0107357	0.598217	0.549699	0.563482	1	1	0.999999	0.998428	0.799926	1
0.0225035	1.28364	0.199277	0.391089	1	1	0.977134	0.930532	0.456152	1
-0.000439148	-0.0250778	0.979993	0.985993	1	1	1	0.999433	0.979993	1
-0.00910282	-0.522652	0.60122	0.60122	1	1	1	0.999745	0.923439	1
0.00215656	0.124105	0.901233	0.931478	1	1	1	0.988803	0.901233	1
0.00206016	0.118354	0.905788	0.948885	1	1	1	0.991124	0.945197	1
-0.00833155	-0.540135	0.589108	0.593861	1	1	1	0.998005	0.702521	1
0.0212021	1.22376	0.221054	0.377988	1	1	0.98569	0.950101	0.551538	1
0.0213903	1.23943	0.215196	0.370154	1	1	0.983747	0.945407	0.510451	1
-0.00675232	-0.389313	0.697048	0.733675	1	1	1	0.99456	0.789987	1
0.0203604	1.19284	0.232942	0.232942	1	1	0.988982	0.968175	0.761081	1
0.0144319	0.881385	0.378116	0.480862	1	1	0.999689	0.99537	0.710423	1
-0.00680195	-0.399874	0.689252	0.689252	1	1	1	0.998798	0.802958	1
0.0235875	1.38879	0.164906	0.207075	1	1	0.95328	0.862251	0.400486	1
-0.00858644	-0.498479	0.61815	0.641949	1	1	1	0.999115	0.907143	1
0.00749649	0.451587	0.651569	0.785881	1	1	1	0.998502	0.761092	1
0.00342416	0.195957	0.844645	0.844645	1	1	1	0.99842	0.897436	1
0.023751	1.38756	0.165282	0.389998	1	1	0.953636	0.885586	0.404093	1
-0.00461291	-0.277856	0.781124	0.817001	1	1	1	0.993863	0.829945	1
0.00897248	0.578765	0.562752	0.562752	1	1	0.999999	0.998613	0.797232	1
0.00544929	0.351493	0.725221	0.725221	1	1	1	0.999941	0.935529	1
-0.000415388	-0.0236066	0.981167	0.981167	1	1	1	0.999726	0.981167	1
0.0143067	0.894323	0.371156	0.430793	1	1	0.999624	0.995534	0.697091	1
0.00317737	0.209776	0.833844	0.833844	1	1	1	0.999824	0.876905	1
-0.000525309	-0.0245878	0.980384	0.985052	1	1	1	0.999839	0.980384	1
-0.00338596	-0.157876	0.874556	0.874556	1	1	1	0.99971	0.957515	1
0.0129289	0.597036	0.550489	0.697386	1	1	0.999999	0.968362	0.660746	1
0.0183235	0.846178	0.397463	0.499499	1	1	0.999818	0.989532	0.641708	1
-0.035291	-1.63995	0.101029	0.17079	1	1	0.836439	0.79761	0.572495	1
-0.0219763	-1.01185	0.311622	0.311622	1	1	0.99825	0.988678	0.810557	1
-0.014068	-0.657103	0.511121	0.511121	1	1	0.999995	0.999619	0.842568	1
-0.0235445	-1.092	0.274846	0.300835	1	1	0.995761	0.978857	0.663952	1
0.0358587	1.66369	0.0961891	0.230483	1	1	0.820808	0.820808	0.521733	1
-0.0209005	-0.969504	0.332304	0.397077	1	1	0.998958	0.994758	0.807846	1
0.0102184	0.474489	0.635156	0.635156	1	1	1	0.999185	0.861603	1
-0.0155979	-0.722031	0.470283	0.519607	1	1	0.99998	0.995763	0.785237	1
0.0135621	0.627694	0.530211	0.530211	1	1	0.999997	0.998885	0.919154	1
0.0129189	0.601645	0.547416	0.547416	1	1	0.999999	0.999634	0.885224	1
0.027568	1.27222	0.203308	0.23328	1	1	0.979014	0.934614	0.576039	1
-0.0246077	-1.14897	0.250581	0.250581	1	1	0.992581	0.976481	0.851976	1
-0.0215777	-1.01221	0.311447	0.499499	1	1	0.998242	0.965269	0.574232	1
0.037723	1.75655	0.0790083	0.0790083	1	1	0.753199	0.732027	0.671571	1
-0.00547455	-0.253815	0.799641	0.799641	1	1	1	0.999944	0.988065	1
-0.00571967	-0.26449	0.791404	0.791404	1	1	1	0.999858	0.961005	1
0.0153704	0.70855	0.478611	0.565738	1	1	0.999984	0.994539	0.813638	1
0.00699516	0.323638	0.746215	0.842134	1	1	1	0.997414	0.875842	1
-0.06095	-2.82655	0.00470929	0.00470929	0.0800579	0.0800579	0.0771117	0.0771117	0.0800579	0.275364
-0.00381228	-0.175959	0.860328	0.860328	1	1	1	0.999936	0.943355	1
-0.00599599	-0.276598	0.782091	0.824627	1	1	1	0.999658	0.8842	1
-0.0318863	-1.48821	0.13671	0.357835	1	1	0.91784	0.8723	0.434694	1
-0.0161617	-0.74706	0.455035	0.553234	1	1	0.999967	0.991888	0.644633	1
-0.00639049	-0.301058	0.763373	0.763373	1	1	1	0.999951	0.968056	1
0.0153234	0.713254	0.475696	0.475696	1	1	0.999983	0.99843	0.924416	1
-0.008799	-0.408984	0.682555	0.756279	1	1	1	0.996114	0.828817	1
-0.0130936	-0.606369	0.544276	0.686337	1	1	0.999998	0.991998	0.660906	1
0.0292938	1.35629	0.175021	0.440719	1	1	0.962022	0.887799	0.384664	1
-0.0143796	-0.667322	0.504573	0.561632	1	1	0.999993	0.997832	0.830722	1
-0.042152	-1.94591	0.0516782	0.0516782	0.87853	0.87853	0.594261	0.594261	0.854373	1
-0.00384124	-0.178652	0.858213	0.858213	1	1	1	0.999899	0.972641	1
0.0175809	0.812906	0.416281	0.499499	1	1	0.999894	0.9943	0.765894	1
0.00142742	0.0662042	0.947216	0.947216	1	1	1	0.999851	0.9873	1
0.0287917	1.35324	0.175991	0.390978	1	1	0.962774	0.918109	0.498642	1
-0.00427885	-0.197745	0.843247	0.900277	1	1	1	0.989715	0.895949	1
0.0097986	0.458647	0.646492	0.646492	1	1	1	0.99944	0.974704	1
0.028891	1.33198	0.182881	0.309603	1	1	0.967726	0.927605	0.592001	1
0.0450714	2.08079	0.0374645	0.0374645	0.636896	0.599432	0.477501	0.457164	0.318448	1
0.0156058	0.717396	0.473137	0.473137	1	1	0.999981	0.999132	0.970683	1
-0.000564467	-0.0264785	0.978876	0.978876	1	1	1	0.999994	0.978876	1
0.0144433	0.676906	0.498472	0.525943	1	1	0.999992	0.99676	0.847403	1
0.00672669	0.311883	0.755132	0.756358	1	1	1	0.999784	0.972017	1
0.0205193	0.950528	0.341854	0.341854	1	1	0.999184	0.993395	0.968587	1
0.0201104	0.928555	0.35313	0.362134	1	1	0.999392	0.991702	0.8576	1
0.0179217	0.831628	0.405628	0.405628	1	1	0.999856	0.998625	0.992242	1
-0.00241967	-0.111308	0.911373	0.916268	1	1	1	0.999577	0.959545	1
-0.0229388	-1.05965	0.289313	0.410147	1	1	0.99699	0.978582	0.702617	1
-0.0196893	-0.903743	0.366141	0.579315	1	1	0.99957	0.973942	0.622441	1
0.0152147	0.713614	0.475473	0.549454	1	1	0.999983	0.992664	0.734822	1
0.00271113	0.125948	0.899775	0.899775	1	1	1	0.999967	0.983694	1
0.0225067	1.04618	0.295488	0.454956	1	1	0.997405	0.980799	0.650552	1
0.00677041	0.317731	0.750692	0.788716	1	1	1	0.999037	0.83368	1
0.0279927	1.30281	0.192653	0.286475	1	1	0.973696	0.944921	0.655021	1
-0.0109281	-0.517292	0.604958	0.604958	1	1	1	0.999766	0.839256	1
0.00392145	0.181228	0.856191	0.896608	1	1	1	0.999984	0.95977	1
0.0331535	1.53081	0.125829	0.125829	1	1	0.898344	0.866972	0.540427	1
-0.000747614	-0.0346577	0.972353	0.976394	1	1	1	0.999614	0.972353	1
0.0152345	0.707552	0.479231	0.479231	1	1	0.999985	0.999236	0.898504	1
0.00130198	0.0609528	0.951397	0.95757	1	1	1	0.999776	0.989283	1
0.0204559	0.943031	0.345675	0.345675	1	1	0.999261	0.994992	0.803829	1
0.0184047	0.85469	0.392731	0.499499	1	1	0.999792	0.994409	0.741826	1
0.00816958	0.380525	0.703559	0.703559	1	1	1	0.999982	0.912174	1
0.021504	0.995992	0.319265	0.550538	1	1	0.998552	0.953887	0.54275	1
0.0410999	1.91441	0.0555807	0.0555807	0.944873	0.944873	0.62173	0.62173	0.772286	1
-0.0142966	-0.662626	0.507577	0.673883	1	1	0.999994	0.975192	0.663755	1
0.0209746	0.975652	0.329247	0.329247	1	1	0.998874	0.987635	0.799601	1
-0.00780658	-0.366568	0.713945	0.713945	1	1	1	0.99998	0.920764	1
-0.0250416	-1.15635	0.247549	0.247549	1	1	0.992054	0.981349	0.994284	1
-0.013125	-0.607695	0.543396	0.543396	1	1	0.999998	0.99978	0.854268	1
-0.00438155	-0.203725	0.83857	0.841155	1	1	1	0.999321	0.912509	1
-0.0221235	-1.02733	0.304278	0.357579	1	1	0.997904	0.978189	0.646591	1
0.0200047	0.929151	0.352821	0.473289	1	1	0.999387	0.98711	0.720857	1
0.0224484	1.03429	0.301012	0.380982	1	1	0.99773	0.972158	0.63965	1
0.010426	0.487293	0.626055	0.626055	1	1	1	0.999849	0.914198	1
-0.00396282	-0.187472	0.851293	0.851293	1	1	1	0.999971	0.963588	1
0.0356939	1.63728	0.101586	0.159659	1	1	0.838156	0.834094	0.55527	1
-0.00656972	-0.30648	0.759242	0.759242	1	1	1	0.999927	0.923557	1
0.0403538	1.85893	0.0630501	0.0630501	1	1	0.669495	0.669495	0.709232	1
-0.0295728	-1.3735	0.169612	0.28579	1	1	0.95756	0.92588	0.609531	1
-0.0063385	-0.293124	0.76943	0.797065	1	1	1	0.99803	0.795661	1
-0.0299841	-1.39491	0.163056	0.163056	1	1	0.951489	0.930745	0.633547	1
0.0677098	3.10867	0.00188159	0.0134035	0.0319871	0.0319871	0.0315101	0.0315101	0.0319871	0.110021
-0.00610538	-0.281662	0.778205	0.778205	1	1	1	0.999985	0.933063	1
-0.00526218	-0.244196	0.807081	0.807081	1	1	1	0.999795	0.914692	1
0.018779	0.877258	0.380356	0.499499	1	1	0.999707	0.989015	0.653804	1
-0.00463894	-0.215794	0.82915	0.82915	1	1	1	0.999987	0.931171	1
0.000792921	0.0369509	0.970524	0.974713	1	1	1	0.997929	0.970524	1
-0.0342977	-1.64249	0.100502	0.184403	1	1	0.834802	0.816344	0.648761	1
0.0325252	1.53297	0.125298	0.125298	1	1	0.897287	0.865753	0.547487	1
0.0177414	0.842631	0.399444	0.461012	1	1	0.999828	0.994229	0.761108	1
0.0175327	0.814487	0.415375	0.549753	1	1	0.999891	0.981426	0.588447	1
-0.0206606	-0.961668	0.336227	0.336227	1	1	0.999057	0.996777	0.871072	1
-0.0150961	-0.701255	0.483151	0.483151	1	1	0.999987	0.99864	0.987954	1
0.0162917	0.757938	0.448496	0.499499	1	1	0.99996	0.99528	0.802047	1
0.0250855	1.15755	0.247059	0.490005	1	1	0.991966	0.941439	0.486379	1
-0.0358609	-1.70697	0.0878412	0.183103	1	1	0.790493	0.772587	0.719586	1
-0.0117562	-0.550203	0.582185	0.582185	1	1	1	0.999838	0.924126	1
-0.00206127	-0.0959986	0.923523	0.923523	1	1	1	0.999918	0.943731	1
0.0164689	0.779063	0.435951	0.435951	1	1	0.999941	0.998951	0.95662	1
-0.0392774	-1.82693	0.067724	0.151829	1	1	0.696432	0.696432	0.628664	1
-0.00622375	-0.293397	0.769221	0.805774	1	1	1	0.999726	0.874672	1
-0.00144261	-0.0669355	0.946634	0.962793	1	1	1	0.999848	0.965925	1
0.0177875	0.827753	0.407819	0.407819	1	1	0.999865	0.99814	0.985336	1
-0.00607074	-0.280885	0.778801	0.83554	1	1	1	0.997606	0.904672	1
0.010351	0.479459	0.631617	0.631617	1	1	1	0.999962	0.91621	1
-0.0169377	-0.781581	0.434469	0.434469	1	1	0.999938	0.998108	0.974399	1
0.0150447	0.693085	0.488263	0.488263	1	1	0.999989	0.999677	0.928807	1
0.000265942	0.0122527	0.990224	0.990224	1	1	1	0.998958	0.990224	1
0.028828	1.32903	0.183853	0.183853	1	1	0.968372	0.930307	0.625099	1
0.0153325	0.713917	0.475286	0.475286	1	1	0.999983	0.99988	0.926693	1
0.00398489	0.185218	0.853059	0.853059	1	1	1	0.999942	0.939255	1
0.00437408	0.202176	0.839781	0.839781	1	1	1	0.999983	0.989097	1
0.00766887	0.357668	0.720595	0.733116	1	1	1	0.999137	0.812085	1
-0.00166298	-0.0770741	0.938565	0.938565	1	1	1	0.999969	0.938565	1
-0.0108947	-0.506169	0.612743	0.697838	1	1	1	0.996627	0.823798	1
-0.0255217	-1.18264	0.236966	0.236966	1	1	0.989925	0.970278	0.805684	1
-0.0364627	-1.72758	0.0840778	0.0840778	1	1	0.775304	0.732158	0.442605	1
0.0284804	1.35717	0.174742	0.174742	1	1	0.961803	0.932039	0.656381	1
0.0223901	1.05639	0.2908	0.315327	1	1	0.997096	0.983811	0.823933	1
0.0173112	0.801642	0.422769	0.422769	1	1	0.999912	0.997629	0.91252	1
-0.00799383	-0.372071	0.709843	0.709843	1	1	1	0.999827	0.850342	1
-0.0461213	-2.13462	0.0328023	0.0328023	0.55764	0.492035	0.43277	0.393643	0.18588	0.639344
0.00722423	0.334283	0.738169	0.752861	1	1	1	0.999786	0.942191	1
0.0308902	1.45168	0.146605	0.146605	1	1	0.932462	0.932462	0.882283	1
-0.0277963	-1.31854	0.187336	0.187336	1	1	0.97059	0.955468	0.81779	1
-0.0183523	-0.851256	0.394636	0.542343	1	1	0.999803	0.989103	0.660947	1
-0.0275624	-1.2723	0.203278	0.203278	1	1	0.979	0.973642	0.831289	1
-0.023296	-1.0741	0.282787	0.282787	1	1	0.996484	0.981474	0.754014	1
-0.00201235	-0.0937704	0.925292	0.931352	1	1	1	0.999951	0.925292	1
-0.0217703	-1.02696	0.30445	0.451631	1	1	0.997913	0.987178	0.612018	1
0.0326456	1.52978	0.126085	0.204235	1	1	0.898847	0.848445	0.535861	1
0.0274658	1.26794	0.204831	0.486586	1	1	0.979685	0.919638	0.41267	1
-0.0237494	-1.14215	0.253405	0.308452	1	1	0.993043	0.983282	0.714896	1
0.0666812	3.1048	0.00190638	0.00190638	0.0324085	0.0324085	0.031919	0.031919	0.0324085	0.111471
-0.0063054	-0.300993	0.763423	0.763423	1	1	1	0.999696	0.928815	1
0.0354914	1.64578	0.0998236	0.0998236	1	1	0.832672	0.814116	0.848501	1
-0.00727806	-0.337813	0.735508	0.819411	1	1	1	0.998706	0.885639	1
-0.0165282	-0.76821	0.44237	0.44237	1	1	0.999951	0.998379	0.870497	1
-0.00402844	-0.186301	0.85221	0.85221	1	1	1	0.999907	0.965838	1
0.0782236	3.60324	0.000314945	0.000314945	0.00535406	0.00535406	0.00534059	0.00534059	0.00535406	0.0184156
-0.0372127	-1.78413	0.0744164	0.0744164	1	1	0.731425	0.709831	0.530923	1
-0.01002	-0.46727	0.640311	0.640311	1	1	1	0.99972	0.905876	1
0.00961294	0.44452	0.656671	0.656671	1	1	1	0.999915	0.932972	1
0.00688319	0.32253	0.747054	0.747054	1	1	1	0.999997	0.98949	1
-0.0275372	-1.28696	0.198123	0.198123	1	1	0.976567	0.943324	0.619449	1
-0.0113191	-0.539872	0.589291	0.589291	1	1	1	0.999506	0.935802	1
-0.00483564	-0.22624	0.821017	0.821017	1	1	1	0.999652	0.857387	1
-0.0155501	-0.716648	0.473598	0.639269	1	1	0.999982	0.981925	0.625785	1
0.00644669	0.299794	0.764337	0.772535	1	1	1	0.998827	0.844644	1
-0.00772169	-0.357587	0.720655	0.720655	1	1	1	0.999932	0.970784	1
-0.0300862	-1.39313	0.163595	0.370192	1	1	0.952018	0.882781	0.46352	1
0.00801985	0.373536	0.708753	0.708753	1	1	1	0.999551	0.925434	1
0.0189761	0.88219	0.377683	0.465835	1	1	0.999685	0.993038	0.782019	1
-0.0395509	-1.82823	0.0675281	0.0675281	1	1	0.695345	0.695345	0.918632	1
-0.0392333	-1.80923	0.0704281	0.0704281	1	1	0.711058	0.711058	0.708954	1
-0.0105716	-0.491453	0.623111	0.623111	1	1	1	0.99965	0.87837	1
0.00374864	0.172609	0.86296	0.872681	1	1	1	0.999647	0.95496	1
-0.00376582	-0.173723	0.862085	0.909631	1	1	1	0.989982	0.862085	1
0.00364939	0.170533	0.864592	0.864592	1	1	1	0.99982	0.873522	1
0.00337908	0.157496	0.874855	0.874855	1	1	1	0.999935	0.976778	1
0.021705	1.01778	0.308794	0.375503	1	1	0.998124	0.99178	0.719841	1
-0.0342817	-1.57876	0.114406	0.114406	1	1	0.873237	0.856861	0.936393	1
0.0599858	2.75926	0.00579793	0.00579793	0.0985648	0.0985648	0.0941229	0.0941229	0.0985648	0.339019
0.00880296	0.40639	0.68446	0.749337	1	1	1	0.998177	0.895063	1
0.00730734	0.33725	0.735931	0.735931	1	1	1	0.999929	0.940652	1
0.0365839	1.69981	0.0891806	0.0891806	1	1	0.795662	0.795662	0.993964	1
0.0723025	3.33127	0.000865885	0.000865885	0.01472	0.01472	0.0146185	0.0146185	0.01472	0.0506303
-0.0265236	-1.29033	0.196951	0.322717	1	1	0.975978	0.953614	0.611495	1
-0.00814577	-0.381134	0.703107	0.703107	1	1	1	0.999628	0.842154	1
0.0181825	0.852656	0.393859	0.560139	1	1	0.999799	0.981778	0.650638	1
0.0265091	1.23809	0.215697	0.240353	1	1	0.983922	0.945824	0.611142	1
-0.0364401	-1.68753	0.0915148	0.275062	1	1	0.804384	0.784679	0.503934	1
0.0251379	1.16648	0.243432	0.501289	1	1	0.991282	0.916865	0.413834	1
-0.0150417	-0.703509	0.481746	0.54094	1	1	0.999986	0.997239	0.694698	1
0.0224752	1.04194	0.29745	0.29745	1	1	0.997525	0.983311	0.722378	1
0.0035489	0.16958	0.865342	0.924707	1	1	1	0.999589	0.871403	1
-0.0314923	-1.45635	0.145311	0.208571	1	1	0.930699	0.870131	0.494057	1
-0.0173365	-0.798704	0.42447	0.42447	1	1	0.999917	0.999563	0.892726	1
-0.00812657	-0.375006	0.70766	0.70766	1	1	1	0.999836	0.9711	1
0.00194016	0.0913481	0.927217	0.927217	1	1	1	0.999854	0.998099	1
-0.0232514	-1.07818	0.280964	0.280964	1	1	0.996329	0.9929	0.82375	1
0.00639343	0.302288	0.762435	0.84165	1	1	1	0.990276	0.810087	1
-0.0241448	-1.12587	0.260232	0.272104	1	1	0.994049	0.980128	0.877893	1
0.00797845	0.367009	0.713616	0.713616	1	1	1	0.999632	0.96178	1
0.0110203	0.514962	0.606585	0.606585	1	1	1	0.998901	0.809847	1
0.00921003	0.42952	0.667549	0.67691	1	1	1	0.999022	0.81596	1
-0.0144694	-0.665573	0.505691	0.592247	1	1	0.999994	0.996436	0.804524	1
0.016738	0.772813	0.439641	0.505187	1	1	0.999947	0.995835	0.74739	1
0.00371419	0.171378	0.863928	0.863928	1	1	1	0.999814	0.918439	1
0.0216183	0.99954	0.317544	0.317544	1	1	0.998489	0.993034	0.832747	1
-0.0197777	-0.916047	0.359652	0.359652	1	1	0.999488	0.996956	0.897365	1
-0.037864	-1.76345	0.0778372	0.126417	1	1	0.747809	0.747809	0.647026	1
0.00136774	0.0633346	0.949501	0.949501	1	1	1	0.999904	0.988084	1
0.0290711	1.33544	0.181747	0.181747	1	1	0.966956	0.943022	0.727566	1
-0.0172744	-0.800888	0.423205	0.423205	1	1	0.999913	0.99765	0.808421	1
-0.0268915	-1.24871	0.211786	0.275686	1	1	0.982503	0.964271	0.770948	1
0.0110798	0.513243	0.607786	0.653002	1	1	1	0.998572	0.786714	1
0.0034939	0.163019	0.870505	0.870505	1	1	1	0.999964	0.937033	1
-0.00693508	-0.321132	0.748114	0.748114	1	1	1	0.999658	0.903478	1
-0.0104171	-0.483358	0.628846	0.628846	1	1	1	0.99969	0.898143	1
-0.00986072	-0.457267	0.647484	0.647484	1	1	1	0.999784	0.938403	1
-0.0198446	-0.92181	0.356637	0.499499	1	1	0.999446	0.98551	0.673649	1
0.0264436	1.23726	0.216002	0.216949	1	1	0.984028	0.974015	0.928837	1
-0.0113986	-0.528687	0.597028	0.626784	1	1	1	0.998576	0.795365	1
0.027966	1.2869	0.198143	0.415149	1	1	0.976577	0.929342	0.487992	1
-0.0163758	-0.754646	0.450469	0.533068	1	1	0.999962	0.991805	0.725528	1
0.00939032	0.504837	0.613677	0.613677	1	1	1	0.999953	0.971574	1
-0.0122828	-0.663501	0.507015	0.601041	1	1	0.999994	0.996511	0.81332	1
0.0204999	1.10231	0.270336	0.528981	1	1	0.995289	0.921206	0.417792	1
0.0198306	1.0654	0.286705	0.348298	1	1	0.996797	0.982653	0.682958	1
-0.00550604	-0.295489	0.767622	0.8032	1	1	1	0.999843	0.939891	1
0.00509141	0.271661	0.785884	0.785884	1	1	1	0.999951	0.983247	1
-0.0030577	-0.163382	0.870219	0.928451	1	1	1	0.999095	0.986248	1
-0.00806095	-0.430906	0.66654	0.678431	1	1	1	0.99864	0.863052	1
0.0187683	1.00367	0.315546	0.499499	1	1	0.998412	0.967032	0.506645	1
0.0073465	0.396708	0.691586	0.691586	1	1	1	0.999339	0.860758	1
0.0244656	1.31427	0.188766	0.428831	1	1	0.971458	0.923262	0.458431	1
-0.00839016	-0.450994	0.651997	0.723367	1	1	1	0.994896	0.823751	1
-0.0050268	-0.268508	0.78831	0.840454	1	1	1	0.999949	0.985164	1
0.0284862	1.54614	0.12208	0.186523	1	1	0.890671	0.875468	0.643925	1
0.037684	2.01434	0.0439825	0.0439825	0.747702	0.747702	0.5345	0.5345	0.738014	1
0.0137643	0.741436	0.458435	0.499499	1	1	0.99997	0.99852	0.812535	1
-0.0155676	-0.837328	0.402415	0.562862	1	1	0.999842	0.978626	0.621914	1
0.0226624	1.20902	0.226666	0.233081	1	1	0.987346	0.940839	0.550474	1
0.00576388	0.308826	0.757456	0.757456	1	1	1	0.999951	0.926627	1
-0.014557	-0.775332	0.438149	0.499499	1	1	0.999945	0.99869	0.71878	1
-0.0178381	-0.953105	0.340544	0.428023	1	1	0.999156	0.990321	0.759541	1
0.00163537	0.0872618	0.930464	0.946357	1	1	1	0.999664	0.98968	1
-0.041795	-2.24775	0.0245995	0.0716398	0.418191	0.418191	0.345197	0.345197	0.373787	1
-0.0174011	-0.942332	0.34603	0.34603	1	1	0.999268	0.995998	0.885972	1
-0.0189267	-1.02356	0.306054	0.464708	1	1	0.997993	0.974102	0.59387	1
-0.0166644	-0.89458	0.371018	0.499499	1	1	0.999623	0.985492	0.700813	1
-0.0236124	-1.267	0.205164	0.451561	1	1	0.979829	0.938938	0.452185	1
0.0138797	0.752459	0.451781	0.533688	1	1	0.999964	0.993777	0.763984	1
-0.00432167	-0.233108	0.815679	0.815679	1	1	1	0.999988	0.986822	1
-0.00687018	-0.376052	0.706881	0.706881	1	1	1	0.999814	0.964892	1
-0.00996739	-0.532773	0.594195	0.594195	1	1	1	0.999879	0.982828	1
0.0240322	1.30097	0.19328	0.247095	1	1	0.974041	0.924024	0.547626	1
-0.0137411	-0.748226	0.454329	0.587396	1	1	0.999966	0.99214	0.77236	1
-0.025715	-1.38899	0.164845	0.24773	1	1	0.953223	0.932934	0.787808	1
-0.00125203	-0.0672043	0.94642	0.94642	1	1	1	0.999846	0.98868	1
-0.00259285	-0.13877	0.889633	0.889633	1	1	1	0.999906	0.921846	1
0.00135188	0.0726229	0.942107	0.942107	1	1	1	1	0.991577	1
0.00812788	0.439648	0.660195	0.662589	1	1	1	0.999822	0.954479	1
0.0152698	0.817424	0.413693	0.562684	1	1	0.999886	0.978453	0.586064	1
0.0230082	1.24092	0.214645	0.450339	1	1	0.983552	0.947244	0.50167	1
0.0120661	0.642987	0.520237	0.554008	1	1	0.999996	0.998078	0.829876	1
0.0166153	0.886403	0.375407	0.512076	1	1	0.999665	0.982707	0.580175	1
0.0125373	0.670825	0.502337	0.527395	1	1	0.999993	0.998212	0.758087	1
0.0083892	0.451875	0.651362	0.651362	1	1	1	0.999933	0.987034	1
-0.00451807	-0.242915	0.808073	0.823626	1	1	1	0.999804	0.982475	1
0.00678602	0.363066	0.716558	0.716558	1	1	1	0.999994	0.935291	1
0.00558273	0.298007	0.7657	0.7657	1	1	1	0.999998	0.980506	1
0.0475355	2.53339	0.0113013	0.0635296	0.192122	0.192122	0.175696	0.175696	0.117296	0.403446
0.00838347	0.448271	0.653961	0.655777	1	1	1	0.999406	0.937638	1
-0.0109074	-0.582665	0.560123	0.560123	1	1	0.999999	0.998888	0.865644	1
-0.0296436	-1.58074	0.113948	0.247713	1	1	0.872119	0.816165	0.395751	1
-0.0178641	-0.954622	0.339777	0.531374	1	1	0.99914	0.969135	0.48135	1
0.0312243	1.68725	0.0915645	0.123337	1	1	0.804566	0.753619	0.389149	1
0.0130099	0.696339	0.486222	0.602808	1	1	0.999988	0.98909	0.667458	1
0.0135667	0.728355	0.466402	0.621035	1	1	0.999977	0.985983	0.60991	1
-0.00441419	-0.237312	0.812416	0.812416	1	1	1	0.999955	0.876963	1
0.0173343	0.933702	0.350465	0.350465	1	1	0.999348	0.997621	0.987432	1
2.40062e-05	0.00133893	0.998932	0.998932	1	1	1	0.999997	0.998932	1
0.0213096	1.15096	0.249757	0.39816	1	1	0.992441	0.9682	0.595792	1
-0.0270251	-1.44956	0.147191	0.299718	1	1	0.933246	0.852014	0.417041	1
-0.0367065	-1.97597	0.0481665	0.234017	0.818831	0.765617	0.567948	0.543671	0.218207	0.750536
0.0238941	1.28706	0.198084	0.266545	1	1	0.976548	0.954522	0.678201	1
-4.62002e-05	-0.00249847	0.998007	0.998007	1	1	1	0.999992	0.998007	1
0.0252354	1.36118	0.173466	0.173466	1	1	0.960787	0.952557	0.764138	1
0.0187561	1.00876	0.313098	0.423503	1	1	0.998313	0.992421	0.629852	1
-0.0317035	-1.72126	0.0852143	0.0852143	1	1	0.779997	0.779997	0.798907	1
-0.0147884	-0.795548	0.426301	0.564931	1	1	0.999921	0.98623	0.658828	1
0.0363733	1.95374	0.0507409	0.0507409	0.862595	0.811854	0.587389	0.565333	0.389001	1
-0.00143603	-0.0771491	0.938505	0.952473	1	1	1	0.996981	0.979366	1
0.00483121	0.259155	0.795517	0.795517	1	1	1	0.999993	0.956156	1
-0.0310569	-1.70002	0.0891364	0.0891364	1	1	0.795493	0.775481	0.661699	1
-0.027843	-1.48407	0.1378	0.1378	1	1	0.919585	0.891827	0.630774	1
-0.0253515	-1.36545	0.172123	0.200268	1	1	0.959689	0.941185	0.747823	1
-0.0407795	-2.19832	0.0279338	0.0279338	0.474875	0.474875	0.382227	0.382227	0.295415	1
0.0139165	0.752948	0.451487	0.451487	1	1	0.999963	0.998648	0.827042	1
0.01777	0.956573	0.33879	0.53328	1	1	0.999117	0.968238	0.528135	1
0.0226869	1.21339	0.224991	0.224991	1	1	0.986872	0.971797	0.769693	1
-0.0305617	-1.64875	0.0992092	0.0992092	1	1	0.830719	0.776476	0.421639	1
0.0141012	0.792888	0.427849	0.499499	1	1	0.999925	0.99343	0.784285	1
0.0210112	1.1238	0.261105	0.271027	1	1	0.994167	0.978823	0.717546	1
0.00757042	0.405943	0.684788	0.684788	1	1	1	0.999217	0.895491	1
0.0164485	0.877742	0.38009	0.399805	1	1	0.999705	0.994805	0.909423	1
-0.0160866	-0.860813	0.389348	0.389348	1	1	0.999772	0.997311	0.962797	1
0.00748817	0.401512	0.688046	0.72997	1	1	1	0.999179	0.822739	1
-0.0279087	-1.49003	0.136226	0.336134	1	1	0.917053	0.888827	0.478177	1
0.0525443	2.80848	0.0049807	0.0049807	0.084672	0.084672	0.0813807	0.0813807	0.084672	0.291234
0.017183	0.920508	0.357315	0.357315	1	1	0.999456	0.99589	0.900789	1
-0.0132898	-0.717772	0.472903	0.542983	1	1	0.999981	0.994926	0.803935	1
0.0309026	1.66928	0.0950716	0.297063	1	1	0.817004	0.817004	0.528334	1
0.00630433	0.339662	0.734114	0.775114	1	1	1	0.998671	0.91334	1
0.0108587	0.582284	0.56038	0.56038	1	1	0.999999	0.999444	0.915545	1
-0.0398292	-2.19802	0.0279549	0.0279549	0.475233	0.475233	0.382454	0.382454	0.475233	1
0.0127835	0.693297	0.488128	0.499499	1	1	0.999989	0.999496	0.885362	1
-0.00167499	-0.0900752	0.928228	0.928228	1	1	1	0.999972	0.984061	1
0.00110956	0.0597886	0.952324	0.962192	1	1	1	0.999995	0.96574	1
-0.018736	-1.00967	0.312659	0.480234	1	1	0.998294	0.985614	0.588973	1
0.000992538	0.0538027	0.957093	0.962848	1	1	1	0.998778	0.974554	1
-0.000467003	-0.024946	0.980098	0.984466	1	1	1	0.99553	0.980098	1
0.00191027	0.101793	0.918922	0.918922	1	1	1	0.999876	0.976354	1
-0.0343728	-1.88786	0.0590548	0.283516	1	1	0.644701	0.644701	0.436691	1
0.00549073	0.297731	0.765911	0.765911	1	1	1	0.999988	0.93373	1
0.0243752	1.31667	0.187958	0.187958	1	1	0.970971	0.955978	0.833329	1
0.00695285	0.380591	0.703509	0.753473	1	1	1	0.999016	0.919973	1
-0.00715195	-0.383655	0.701237	0.701237	1	1	1	0.999788	0.978285	1
0.00279157	0.151501	0.879581	0.879581	1	1	1	0.999986	0.890325	1
-0.0155814	-0.84284	0.399324	0.399324	1	1	0.999827	0.995271	0.821563	1
0.0129985	0.69854	0.484845	0.496081	1	1	0.999987	0.998964	0.922364	1
0.00389117	0.209491	0.834067	0.834067	1	1	1	0.999995	0.997916	1
0.00177699	0.0962941	0.923288	0.923288	1	1	1	1	0.987148	1
-0.0331019	-1.78002	0.0750828	0.250302	1	1	0.734693	0.713156	0.510599	1
0.012502	0.669601	0.503117	0.503117	1	1	0.999993	0.999733	0.935796	1
0.00475918	0.25606	0.797906	0.811118	1	1	1	0.999141	0.92744	1
0.0233554	1.25183	0.210642	0.317309	1	1	0.982067	0.941482	0.596819	1
0.026728	1.43353	0.151717	0.151717	1	1	0.939019	0.915256	0.85973	1
0.023406	1.25878	0.20812	0.253973	1	1	0.981067	0.951852	0.641532	1
0.000826101	0.0441325	0.964799	0.964799	1	1	1	0.999999	0.99542	1
0.00344904	0.186686	0.851908	0.851908	1	1	1	0.99998	0.91722	1
-0.0204732	-1.09637	0.272927	0.362159	1	1	0.995566	0.958716	0.57997	1
-0.000932769	-0.0511223	0.959228	0.960186	1	1	1	0.999416	0.959228	1
-0.0186921	-1.01095	0.312051	0.335074	1	1	0.998268	0.994681	0.904449	1
-0.0174599	-0.941999	0.3462	0.409024	1	1	0.999271	0.997829	0.757553	1
-0.00152351	-0.0832235	0.933674	0.933674	1	1	1	0.999892	0.990707	1
0.00242882	0.129997	0.896569	0.896569	1	1	1	0.999775	0.976303	1
0.00755986	0.40367	0.686458	0.686458	1	1	1	0.998351	0.873089	1
-0.012453	-0.666301	0.505224	0.563001	1	1	0.999994	0.996409	0.8285	1
-0.0326423	-1.74388	0.0811893	0.102391	1	1	0.762948	0.719204	0.460072	1
0.0129323	0.692104	0.488877	0.528805	1	1	0.999989	0.995968	0.729016	1
0.0284841	1.53702	0.124299	0.124299	1	1	0.895275	0.895275	0.894246	1
-0.0141453	-0.768899	0.441959	0.481875	1	1	0.999951	0.997071	0.755437	1
-0.00666429	-0.358264	0.720148	0.720148	1	1	1	0.999187	0.816168	1
-0.0244837	-1.3147	0.18862	0.18862	1	1	0.97137	0.937117	0.641308	1
-0.0147053	-0.78958	0.429779	0.435245	1	1	0.999929	0.998818	0.876432	1
-0.0192088	-1.0423	0.297282	0.456332	1	1	0.997515	0.979365	0.637149	1
-0.0252587	-1.36692	0.17166	0.308587	1	1	0.959304	0.91356	0.583643	1
0.0145671	0.787029	0.431271	0.431271	1	1	0.999932	0.997234	0.883984	1
0.00863977	0.462349	0.643834	0.758854	1	1	1	0.994046	0.781799	1
0.0022456	0.122833	0.90224	0.91974	1	1	1	0.998494	0.947003	1
0.0401675	2.13605	0.0326835	0.0618559	0.555619	0.522935	0.431584	0.412378	0.277809	0.95554
-0.0198524	-1.07441	0.282646	0.282646	1	1	0.996472	0.993145	0.962115	1
0.0203506	1.09793	0.272244	0.272244	1	1	0.995494	0.99108	0.920673	1
0.0185545	0.998801	0.317899	0.523765	1	1	0.998502	0.972394	0.540428	1
0.00533529	0.28579	0.775041	0.775041	1	1	1	0.999851	0.889898	1
-0.00208666	-0.111092	0.911544	0.911544	1	1	1	0.999913	0.93067	1
0.040131	2.14261	0.0321519	0.0321519	0.546583	0.546583	0.426251	0.426251	0.546583	1
-0.0116721	-0.651589	0.514671	0.514671	1	1	0.999995	0.99895	0.913711	1
-0.000404613	-0.0219346	0.9825	0.9825	1	1	1	0.999994	0.9825	1
0.0101307	0.542388	0.587555	0.587555	1	1	1	0.999655	0.901177	1
0.0175975	0.954403	0.339887	0.348028	1	1	0.999142	0.995481	0.925938	1
-0.0232808	-1.25477	0.20957	0.332498	1	1	0.981648	0.952986	0.690113	1
-0.00159178	-0.0879703	0.929901	0.929901	1	1	1	0.999895	0.964363	1
-0.0147827	-0.805641	0.420456	0.420456	1	1	0.999906	0.998245	0.941257	1
-0.00619037	-0.329901	0.741477	0.741477	1	1	1	0.998152	0.787819	1
-0.00360161	-0.194125	0.846079	0.846079	1	1	1	0.999778	0.969474	1
-0.001658	-0.0886689	0.929346	0.929346	1	1	1	0.999647	0.94955	1
-0.0143501	-0.771632	0.440338	0.440338	1	1	0.999948	0.999081	0.963231	1
-0.0192185	-1.03987	0.29841	0.342526	1	1	0.997582	0.982406	0.72471	1
0.0252497	1.37708	0.168498	0.168498	1	1	0.956581	0.947782	0.851103	1
-0.000206357	-0.0110239	0.991204	0.991204	1	1	1	0.999508	0.991204	1
0.00261912	0.140196	0.888506	0.8974	1	1	1	0.998596	0.888506	1
-0.00482607	-0.258791	0.795798	0.795798	1	1	1	0.999927	0.981687	1
0.00807084	0.438752	0.660844	0.660844	1	1	1	0.999941	0.912017	1
0.000992128	0.0537009	0.957174	0.957174	1	1	1	0.999972	0.957174	1
-0.0105935	-0.569415	0.569079	0.691731	1	1	0.999999	0.982228	0.618977	1
-0.0088257	-0.47189	0.637009	0.637009	1	1	1	0.999986	0.954595	1
0.00344502	0.186315	0.852199	0.852199	1	1	1	0.999966	0.986162	1
-0.0270554	-1.44251	0.14917	0.14917	1	1	0.93583	0.935592	0.829672	1
0.0410212	2.19126	0.0284401	0.0284401	0.483481	0.455041	0.387673	0.369749	0.241741	0.83148
-0.00625759	-0.335601	0.737174	0.737174	1	1	1	0.99998	0.953744	1
-0.0149101	-0.806644	0.419878	0.419878	1	1	0.999905	0.998699	0.958948	1
0.0371728	1.98864	0.0467494	0.0931891	0.794739	0.794739	0.556881	0.556881	0.560065	1
0.0250348	1.3391	0.180546	0.180546	1	1	0.966122	0.949549	0.705317	1
-0.020158	-1.111	0.266577	0.499499	1	1	0.994859	0.938597	0.503535	1
-0.0144729	-0.777387	0.436937	0.601809	1	1	0.999943	0.977091	0.618993	1
-0.000122225	-0.00651154	0.994805	0.994805	1	1	1	0.999673	0.994805	1
0.0309394	1.67105	0.0947216	0.0947216	1	1	0.815797	0.815797	0.62055	1
-0.0231495	-1.24151	0.214427	0.214427	1	1	0.983474	0.956606	0.729051	1
0.0443885	2.37475	0.0175668	0.0196653	0.298636	0.298636	0.260137	0.260137	0.172802	0.594363
2.064e-05	0.00111328	0.999112	0.999112	1	1	1	0.999383	0.999112	1
0.0270323	1.43983	0.149926	0.186359	1	1	0.936793	0.925645	0.81235	1
0.0143526	0.784085	0.432996	0.499499	1	1	0.999935	0.993979	0.787839	1
-0.0195128	-1.04252	0.297179	0.387667	1	1	0.997509	0.97881	0.631505	1
0.00921427	0.493198	0.621876	0.621876	1	1	1	0.999154	0.932347	1
-0.00892871	-0.478906	0.632009	0.64147	1	1	1	0.998794	0.76744	1
0.0116317	0.624769	0.532127	0.532127	1	1	0.999998	0.999765	0.870636	1
-0.00474494	-0.255096	0.798651	0.80971	1	1	1	0.997142	0.899647	1
-0.0127448	-0.69288	0.48839	0.48839	1	1	0.999989	0.998771	0.973377	1
-0.0238729	-1.29138	0.196581	0.296885	1	1	0.975789	0.962492	0.646335	1
0.0253513	1.35362	0.175869	0.175869	1	1	0.96268	0.945053	0.745336	1
0.0199983	1.07059	0.284362	0.354464	1	1	0.996613	0.987087	0.805417	1
0.00932001	0.504044	0.614234	0.675769	1	1	1	0.998729	0.87232	1
-0.0213926	-1.14349	0.252845	0.318771	1	1	0.992953	0.965126	0.614052	1
-0.00527672	-0.281487	0.778339	0.832375	1	1	1	0.997305	0.855948	1
-0.0118186	-0.631136	0.527956	0.527956	1	1	0.999997	0.999451	0.953279	1
0.0258034	1.37689	0.168557	0.168557	1	1	0.956634	0.890858	0.477578	1
-0.0197066	-1.06413	0.287279	0.287279	1	1	0.99684	0.993451	0.862635	1
-0.0332408	-1.7936	0.0728875	0.0728875	1	1	0.723782	0.723782	0.776072	1
0.0141156	0.7566	0.449295	0.499499	1	1	0.999961	0.996189	0.848669	1
0.0276327	1.47018	0.141524	0.220452	1	1	0.92529	0.898627	0.577922	1
-0.0129413	-0.696691	0.486001	0.499499	1	1	0.999988	0.998464	0.837632	1
-0.0330289	-1.77156	0.0764769	0.122816	1	1	0.74141	0.696809	0.433369	1
-0.00893614	-0.478291	0.632447	0.659129	1	1	1	0.999094	0.880547	1
-0.0191857	-1.03932	0.298663	0.382623	1	1	0.997597	0.993034	0.796136	1
0.0189821	1.01978	0.307842	0.421531	1	1	0.998079	0.987909	0.739666	1
-0.0210465	-1.13748	0.255347	0.255347	1	1	0.993344	0.987246	0.896015	1
0.00284802	0.153852	0.877728	0.877728	1	1	1	0.999984	0.932586	1
-0.0321442	-1.74498	0.0809975	0.233214	1	1	0.762106	0.762106	0.567463	1
0.0081811	0.438511	0.661019	0.661019	1	1	1	0.999427	0.918789	1
-0.00434499	-0.233912	0.815055	0.815055	1	1	1	0.999779	0.946913	1
0.0181908	0.97222	0.330949	0.330949	1	1	0.998922	0.990885	0.803732	1
-0.0186775	-0.995285	0.319606	0.319606	1	1	0.998565	0.993303	0.843397	1
0.0167767	0.851145	0.394696	0.566651	1	1	0.999803	0.981979	0.668326	1
0.0128483	0.668615	0.503747	0.643776	1	1	0.999993	0.985064	0.713088	1
0.00950168	0.48765	0.625802	0.773805	1	1	1	0.993914	0.692921	1
0.00769413	0.396431	0.69179	0.786998	1	1	1	0.976525	0.69179	1
0.020514	1.04119	0.297795	0.476542	1	1	0.997546	0.984243	0.610726	1
0.0173657	0.911918	0.36182	0.36182	1	1	0.999517	0.992849	0.878705	1
0.0127358	0.658766	0.510051	0.650737	1	1	0.999995	0.986167	0.68583	1
0.0113597	0.593629	0.552765	0.687237	1	1	0.999999	0.991998	0.779873	1
2.56348e-05	0.00131015	0.998955	0.999337	1	1	1	0.999951	0.998955	1
-0.00182899	-0.0943087	0.924865	0.942494	1	1	1	0.999563	0.924865	1
0.00368694	0.197296	0.843598	0.864057	1	1	1	0.999128	0.896323	1
0.00113459	0.0615024	0.95096	0.95096	1	1	1	0.999996	0.977308	1
-0.0204089	-1.03192	0.302121	0.466124	1	1	0.997791	0.973579	0.618486	1
0.00228726	0.116695	0.907103	0.919027	1	1	1	0.999621	0.907103	1
-0.0234045	-1.21634	0.223866	0.336853	1	1	0.986544	0.95222	0.619383	1
-0.00584813	-0.297722	0.765918	0.841428	1	1	1	0.999167	0.92112	1
