0	0	0	0	0	0	0	0	0	0
-0.00387397	-0.548236	0.583533	0.583533	1	1	1	0.999843	0.955276	1
-0.00353805	-0.72415	0.468979	0.468979	1	1	0.999979	0.998259	0.976735	1
0.00761856	0.960382	0.33687	0.421355	1	1	0.999073	0.989096	0.793208	1
0.006988	0.956959	0.338595	0.412804	1	1	0.999113	0.989404	0.812184	1
-0.00767025	-1.14637	0.25165	0.311338	1	1	0.992759	0.976913	0.839619	1
-0.00609	-1.35221	0.176316	0.176316	1	1	0.963023	0.933832	0.749343	1
-0.00698224	-0.786894	0.431349	0.600487	1	1	0.999932	0.980773	0.666631	1
-0.00444713	-0.965748	0.334177	0.499499	1	1	0.999007	0.976462	0.528184	1
-0.00909523	-1.19079	0.233744	0.274889	1	1	0.989177	0.959028	0.600562	1
-0.00523647	-1.33563	0.181679	0.256006	1	1	0.96691	0.909826	0.514758	1
0.00597164	0.903391	0.366325	0.600177	1	1	0.999572	0.935256	0.518961	1
0.00100911	0.155585	0.876361	0.925377	1	1	1	0.99925	0.931134	1
-0.00404129	-0.51314	0.607857	0.728433	1	1	1	0.994074	0.783441	1
-0.00576786	-0.725886	0.467914	0.499499	1	1	0.999978	0.996581	0.880171	1
-0.00467474	-0.624478	0.532318	0.532318	1	1	0.999998	0.99893	0.938277	1
-0.00642437	-0.869579	0.384537	0.493763	1	1	0.999739	0.992201	0.738294	1
-0.00489493	-0.592507	0.553516	0.553516	1	1	0.999999	0.99844	0.727666	1
-0.00891552	-1.08675	0.277155	0.457603	1	1	0.995984	0.961055	0.588955	1
-0.00275836	-0.322424	0.747133	0.747133	1	1	1	0.999934	0.932667	1
-0.00261066	-0.310394	0.756264	0.854309	1	1	1	0.992063	0.857099	1
-0.00602766	-0.672848	0.501049	0.501049	1	1	0.999993	0.999044	0.819205	1
0.0018268	0.200475	0.841111	0.841667	1	1	1	0.999894	0.952232	1
-0.0222944	-2.62732	0.00861012	0.0157152	0.146372	0.137762	0.136711	0.129213	0.073186	0.251727
-0.00446879	-0.527475	0.597868	0.597868	1	1	1	0.999675	0.784807	1
-0.00214183	-0.295698	0.767463	0.82186	1	1	1	0.995189	0.869791	1
0.004751	0.718536	0.472432	0.531039	1	1	0.999981	0.99446	0.803135	1
0.00171478	0.261014	0.794084	0.794084	1	1	1	0.999891	0.914329	1
-0.0058922	-0.865742	0.386638	0.568022	1	1	0.999754	0.96734	0.597531	1
-0.00408466	-0.595104	0.551778	0.635071	1	1	0.999999	0.993139	0.720955	1
0.00182623	0.224741	0.822182	0.822182	1	1	1	0.999968	0.887629	1
-0.00322761	-0.392782	0.694483	0.694483	1	1	1	0.999752	0.942702	1
-0.00434954	-0.537276	0.591081	0.621634	1	1	1	0.998821	0.837365	1
0.000753881	0.0936882	0.925357	0.925357	1	1	1	0.999424	0.983192	1
-0.000720198	-0.079565	0.936584	0.955328	1	1	1	0.999905	0.936584	1
-0.00111991	-0.123742	0.901521	0.901521	1	1	1	1	0.975012	1
0.000877174	0.0985787	0.921473	0.939839	1	1	1	0.999627	0.921473	1
-0.00709458	-0.78818	0.430597	0.430597	1	1	0.99993	0.99796	0.931599	1
-0.00911738	-1.20303	0.228975	0.255164	1	1	0.987973	0.983525	0.78808	1
-0.00347968	-0.45154	0.651603	0.727383	1	1	1	0.995783	0.791232	1
-0.00135668	-0.175187	0.860934	0.860934	1	1	1	0.999993	0.980525	1
0.00330318	0.423923	0.671624	0.671624	1	1	1	0.998658	0.815544	1
0.00629166	0.735304	0.46216	0.499499	1	1	0.999974	0.997493	0.835351	1
-0.0066621	-0.774865	0.438425	0.459787	1	1	0.999945	0.996881	0.799385	1
0.0021774	0.256924	0.797239	0.82146	1	1	1	0.999657	0.990986	1
-0.00699267	-0.847758	0.396579	0.396579	1	1	0.999814	0.998594	0.912808	1
-0.0111032	-1.33109	0.183169	0.183169	1	1	0.967919	0.960725	0.988689	1
-0.00543985	-0.635258	0.525265	0.530588	1	1	0.999997	0.998139	0.752665	1
-0.0223535	-2.81206	0.00492549	0.00492549	0.0837333	0.0837333	0.0805137	0.0805137	0.0837333	0.288005
-0.0161632	-2.00472	0.0450018	0.0450018	0.765031	0.720029	0.542866	0.521325	0.301086	1
-0.0058793	-0.655232	0.512323	0.652495	1	1	0.999995	0.99344	0.766117	1
0.000838686	0.099238	0.92095	0.92095	1	1	1	0.999989	0.986543	1
-0.00115321	-0.131658	0.895255	0.932787	1	1	1	0.983464	0.895255	1
-0.00624697	-0.71208	0.47642	0.492787	1	1	0.999983	0.998452	0.762538	1
-0.0115128	-1.38852	0.164988	0.228801	1	1	0.953358	0.933105	0.697942	1
-0.0105831	-1.27036	0.203965	0.203965	1	1	0.979306	0.958975	0.747162	1
-0.00968861	-1.11744	0.263814	0.283576	1	1	0.99452	0.977053	0.711069	1
-0.00681457	-0.81403	0.415634	0.499499	1	1	0.999892	0.992054	0.726313	1
0.00163739	0.20277	0.839316	0.854937	1	1	1	0.999776	0.98207	1
0.00621309	0.75695	0.449085	0.513259	1	1	0.99996	0.994068	0.763445	1
-0.0119122	-1.34015	0.180204	0.246193	1	1	0.965881	0.938073	0.662212	1
-0.0164432	-1.83984	0.0658012	0.123098	1	1	0.68561	0.663466	0.552063	1
0.00735662	0.83253	0.405116	0.405116	1	1	0.999854	0.999269	0.871101	1
0.0118683	1.32545	0.185032	0.326039	1	1	0.96914	0.91416	0.524256	1
-0.000606331	-0.069586	0.944524	0.944524	1	1	1	0.99882	0.944524	1
-0.00141946	-0.161019	0.872079	0.918281	1	1	1	0.988333	0.872079	1
-0.00370846	-0.414848	0.678256	0.678256	1	1	1	0.998355	0.72194	1
-0.00139598	-0.159194	0.873517	0.873517	1	1	1	0.999782	0.928112	1
-0.00122247	-0.15352	0.877989	0.925382	1	1	1	0.999604	0.932864	1
-0.00842779	-1.06496	0.286904	0.375395	1	1	0.996812	0.979195	0.696766	1
-0.00713214	-0.838837	0.401567	0.499499	1	1	0.999838	0.993039	0.758516	1
-0.0013597	-0.169206	0.865636	0.865636	1	1	1	0.999993	0.996035	1
-1.46595e-05	-0.0016913	0.998651	0.998651	1	1	1	0.998651	0.998651	1
-0.00143835	-0.168313	0.866338	0.866338	1	1	1	0.99939	0.920484	1
0.00348038	0.40239	0.6874	0.6874	1	1	1	0.999858	0.912212	1
-0.00236115	-0.270756	0.78658	0.78658	1	1	1	0.999996	0.870011	1
-0.0110927	-1.26643	0.205368	0.314734	1	1	0.979917	0.949631	0.681702	1
-0.0187591	-2.13235	0.0329852	0.0329852	0.560748	0.527763	0.434591	0.415304	0.280374	0.964362
-0.00355538	-0.518455	0.604144	0.604144	1	1	1	0.999963	0.979519	1
-0.00280698	-0.405014	0.68547	0.68547	1	1	1	0.999818	0.938432	1
-0.000593718	-0.0771099	0.938537	0.938537	1	1	1	0.999946	0.962448	1
-0.00377391	-0.477877	0.632741	0.632741	1	1	1	0.99894	0.827431	1
-0.00216694	-0.256592	0.797495	0.797495	1	1	1	0.999903	0.867174	1
0.000173113	0.0204318	0.983699	0.983699	1	1	1	0.999996	0.999248	1
-0.00974345	-1.42689	0.153621	0.153621	1	1	0.941304	0.885621	0.52231	1
-0.00662942	-0.965113	0.334496	0.334496	1	1	0.999015	0.988659	0.779308	1
-0.0172004	-2.37998	0.0173192	0.0173192	0.294426	0.277107	0.25696	0.243864	0.147213	0.506347
-0.0117769	-1.63458	0.102146	0.200452	1	1	0.839862	0.801353	0.437136	1
-0.000277106	-0.0322847	0.974245	0.978254	1	1	1	0.999755	0.983151	1
0.00188487	0.227437	0.820085	0.82773	1	1	1	0.998236	0.871341	1
0.00600892	0.831591	0.405646	0.499499	1	1	0.999856	0.995086	0.76622	1
0.00341141	0.457345	0.647426	0.678225	1	1	1	0.999323	0.959542	1
0.00723612	0.922332	0.356362	0.356362	1	1	0.999442	0.998652	0.936229	1
-0.00328328	-0.42157	0.673342	0.697014	1	1	1	0.999106	0.752768	1
0.00276879	0.322624	0.746982	0.746982	1	1	1	0.999953	0.993478	1
0.000299635	0.034672	0.972342	0.974346	1	1	1	0.997483	0.972342	1
-0.00155551	-0.21724	0.828023	0.828023	1	1	1	0.999664	0.879774	1
-0.00278659	-0.394055	0.693543	0.693543	1	1	1	0.999882	0.924952	1
0.0052754	0.646742	0.517803	0.517803	1	1	0.999996	0.999409	0.978073	1
-0.00245608	-0.302584	0.762209	0.788742	1	1	1	0.997212	0.863837	1
-0.00152764	-0.198126	0.842948	0.860808	1	1	1	0.996314	0.88952	1
-0.00627611	-0.804686	0.421007	0.543727	1	1	0.999908	0.98737	0.607434	1
0.00728496	0.874369	0.381924	0.417397	1	1	0.99972	0.998679	0.803438	1
-0.000595205	-0.0732206	0.941631	0.941631	1	1	1	0.999995	0.941631	1
0.0106121	1.276	0.201965	0.201965	1	1	0.978404	0.946754	0.677721	1
0.00560525	0.668184	0.504021	0.608895	1	1	0.999993	0.99475	0.778941	1
0.000285959	0.0337255	0.973096	0.981104	1	1	1	0.998477	0.973096	1
0.00399055	0.460435	0.645207	0.689258	1	1	1	0.998005	0.822912	1
0.00703064	0.925161	0.354889	0.354889	1	1	0.99942	0.997504	0.976991	1
-0.00500995	-0.657595	0.510803	0.510803	1	1	0.999995	0.999283	0.862497	1
0.0133834	1.61913	0.105429	0.134528	1	1	0.849528	0.795809	0.415421	1
0.0244254	3.0102	0.00261274	0.0282254	0.0444166	0.0444166	0.0435003	0.0435003	0.0444166	0.152773
-0.00203667	-0.256405	0.79764	0.79764	1	1	1	0.999977	0.975769	1
-0.00869453	-1.12685	0.259814	0.2628	1	1	0.993991	0.980363	0.883367	1
-0.000144748	-0.0177611	0.98583	0.98583	1	1	1	0.99978	0.98583	1
0.00635012	0.809247	0.418379	0.499499	1	1	0.9999	0.992383	0.790272	1
0.0119358	1.4693	0.141761	0.31966	1	1	0.925641	0.876103	0.481989	1
0.0123828	1.55953	0.11888	0.275807	1	1	0.883695	0.868004	0.565019	1
-0.00652429	-0.764564	0.444537	0.444537	1	1	0.999954	0.999037	0.960185	1
-0.000127339	-0.0150422	0.987999	0.987999	1	1	1	0.99917	0.987999	1
-0.00116835	-0.142952	0.886329	0.933935	1	1	1	0.998531	0.964353	1
-0.00165749	-0.206452	0.836439	0.843256	1	1	1	0.999711	0.918529	1
-0.0106044	-1.25735	0.208637	0.418966	1	1	0.981276	0.970102	0.554355	1
-0.0164376	-2.02579	0.0427942	0.214618	0.727501	0.599119	0.524566	0.457906	0.181875	0.62557
-0.0134825	-1.56019	0.118725	0.244862	1	1	0.883348	0.867633	0.643567	1
-0.00911682	-1.08266	0.278967	0.444145	1	1	0.996152	0.980255	0.641043	1
-0.0134091	-1.47749	0.139555	0.421333	1	1	0.922323	0.835306	0.367182	1
-0.0138593	-1.55391	0.120215	0.29275	1	1	0.886656	0.810813	0.350976	1
-0.00459912	-0.501488	0.616031	0.663332	1	1	1	0.999528	0.931221	1
-0.00941421	-1.04023	0.298242	0.331839	1	1	0.997572	0.985736	0.834228	1
-0.00133744	-0.179176	0.8578	0.900776	1	1	1	0.99963	0.972174	1
-0.0035049	-0.46446	0.642321	0.642321	1	1	1	0.999966	0.980378	1
-0.00957946	-1.27154	0.203546	0.358252	1	1	0.97912	0.914901	0.432535	1
0.000732424	0.0990372	0.921109	0.932011	1	1	1	0.999843	0.93155	1
-0.0121634	-1.51791	0.129048	0.129048	1	1	0.904522	0.874132	0.581951	1
-0.0074011	-0.928573	0.353117	0.453271	1	1	0.999392	0.987169	0.750374	1
-0.00490256	-0.608232	0.543038	0.624655	1	1	0.999998	0.992783	0.769303	1
-0.0157038	-1.82899	0.0674101	0.0674101	1	1	0.694689	0.648957	0.38199	1
-0.00843737	-0.990371	0.322	0.322	1	1	0.998648	0.995663	0.945148	1
-0.00846533	-1.02503	0.305356	0.305356	1	1	0.997958	0.981829	0.741579	1
0.00322635	0.395326	0.692605	0.692605	1	1	1	0.999713	0.762116	1
0.000259963	0.0334679	0.973302	0.973302	1	1	1	0.999987	0.973302	1
-0.00745806	-0.841143	0.400274	0.513807	1	1	0.999832	0.988369	0.680466	1
0.00114392	0.146539	0.883497	0.883497	1	1	1	0.999723	0.89519	1
-0.010065	-1.18514	0.235969	0.235969	1	1	0.989699	0.948213	0.573068	1
0.00102624	0.108532	0.913575	0.913575	1	1	1	0.999885	0.915152	1
-0.0166704	-2.02117	0.0432701	0.0436594	0.735592	0.649052	0.528568	0.484961	0.245197	0.843369
-0.0135574	-1.58911	0.112045	0.301472	1	1	0.867369	0.786656	0.380954	1
-0.00239517	-0.258617	0.795932	0.795932	1	1	1	0.999507	0.795932	1
-0.0115	-1.34121	0.179862	0.179862	1	1	0.965638	0.924049	0.61153	1
-0.0139923	-1.67482	0.0939787	0.219922	1	1	0.81321	0.748847	0.356234	1
-0.00894131	-1.00321	0.315765	0.315765	1	1	0.998421	0.989469	0.812144	1
-0.0132742	-1.58852	0.112178	0.192017	1	1	0.867706	0.78707	0.358196	1
-0.0143985	-1.80826	0.0705755	0.379895	1	0.988057	0.711836	0.64108	0.293377	1
-0.0150064	-1.79802	0.0721835	0.233153	1	0.866202	0.720195	0.593046	0.188122	0.647055
-0.00926271	-1.16844	0.242636	0.499499	1	1	0.991125	0.918014	0.458313	1
-0.0143252	-1.77808	0.0753995	0.417408	1	0.968548	0.736233	0.634514	0.213632	0.734798
-0.0171942	-2.01381	0.0440374	0.156853	0.748636	0.616524	0.534955	0.46768	0.187159	0.643743
-0.00173639	-0.214381	0.830252	0.86373	1	1	1	0.997398	0.882142	1
-0.00989752	-1.17637	0.239458	0.393916	1	1	0.99047	0.935251	0.508847	1
-0.00818885	-0.967151	0.333476	0.5122	1	1	0.998989	0.976195	0.529448	1
-0.00621888	-0.7369	0.461189	0.499499	1	1	0.999973	0.996172	0.771625	1
-0.0113004	-1.33694	0.181251	0.335737	1	1	0.966614	0.925705	0.580376	1
-0.00575754	-0.645974	0.518301	0.722894	1	1	0.999996	0.989606	0.677778	1
-0.0090405	-1.06599	0.286435	0.419516	1	1	0.996776	0.975579	0.669765	1
-0.00294882	-0.393042	0.694291	0.755448	1	1	1	0.99733	0.90792	1
0.00197237	0.246293	0.805457	0.805457	1	1	1	0.999979	0.95697	1
0.00203228	0.239408	0.810791	0.840417	1	1	1	0.999026	0.877337	1
-0.0119967	-1.33612	0.181519	0.299659	1	1	0.966799	0.92602	0.617164	1
-0.00267933	-0.370296	0.711165	0.83666	1	1	1	0.987005	0.785895	1
-0.0102529	-1.32418	0.185453	0.185453	1	1	0.96941	0.914691	0.525449	1
-0.00840471	-1.16767	0.242949	0.293931	1	1	0.991187	0.979688	0.772014	1
0.00325539	0.438667	0.660906	0.764021	1	1	1	0.996838	0.802529	1
0.00805672	1.04731	0.294964	0.499499	1	1	0.997372	0.956957	0.513302	1
0.0043637	0.655947	0.511863	0.511863	1	1	0.999995	0.999537	0.981219	1
-0.00313044	-0.367557	0.713206	0.713206	1	1	1	0.999908	0.985345	1
0.0053517	0.776673	0.437358	0.437358	1	1	0.999943	0.999108	0.847752	1
-0.010876	-1.55581	0.119762	0.119762	1	1	0.88566	0.870103	0.821009	1
0.00514056	0.627805	0.530136	0.530136	1	1	0.999997	0.999531	0.901231	1
-0.00719454	-0.928247	0.353287	0.454469	1	1	0.999395	0.991724	0.752529	1
0.00260831	0.306603	0.759147	0.827266	1	1	1	0.999805	0.937444	1
0.0146876	1.84357	0.0652556	0.114951	1	0.913579	0.682474	0.611223	0.27371	0.941441
-0.00259925	-0.30847	0.757727	0.793559	1	1	1	0.999165	0.934419	1
-0.000125455	-0.0137205	0.989053	0.991516	1	1	1	0.994081	0.989053	1
0.0113119	1.64578	0.0998194	0.0998194	1	1	0.832658	0.793488	0.565644	1
-0.00469025	-0.608859	0.542622	0.542622	1	1	0.999998	0.999817	0.968417	1
-0.00386401	-0.545195	0.585623	0.710146	1	1	1	0.994044	0.748018	1
-0.00796772	-1.09697	0.272664	0.448502	1	1	0.995538	0.95972	0.574568	1
-0.0114296	-1.63219	0.10265	0.192505	1	1	0.841383	0.780485	0.417561	1
0.00601507	0.854493	0.392838	0.499499	1	1	0.999793	0.988787	0.682426	1
0.00216183	0.340844	0.733223	0.744294	1	1	1	0.999251	0.95883	1
-0.00915535	-1.13545	0.256195	0.256195	1	1	0.993472	0.971325	0.725887	1
0.00885115	1.356	0.175109	0.175109	1	1	0.962091	0.918124	0.521984	1
0.0225167	3.00243	0.00268036	0.0115599	0.0455661	0.0428857	0.044602	0.0420343	0.022783	0.0783634
0.00949956	1.11019	0.266924	0.401926	1	1	0.9949	0.967142	0.646484	1
0.0041588	0.619915	0.535318	0.598903	1	1	0.999998	0.995322	0.77192	1
-0.000825204	-0.0936227	0.925409	0.928828	1	1	1	0.998484	0.925409	1
-0.0015177	-0.18845	0.850525	0.861873	1	1	1	0.999845	0.926575	1
0.0109437	1.34626	0.178227	0.2113	1	1	0.964455	0.905153	0.437837	1
0.00356287	0.397577	0.690945	0.690945	1	1	1	0.999319	0.882085	1
0.00667339	0.939378	0.347544	0.499499	1	1	0.999296	0.978573	0.656472	1
-0.0136872	-1.82396	0.0681667	0.14615	1	1	0.698873	0.653205	0.386278	1
-0.00394311	-0.56516	0.571969	0.571969	1	1	0.999999	0.999634	0.883685	1
-0.00114293	-0.149605	0.881077	0.895347	1	1	1	0.99993	0.999442	1
0.00645934	0.840201	0.400802	0.569681	1	1	0.999835	0.976228	0.567802	1
0.00910849	1.38383	0.166419	0.235327	1	1	0.954699	0.921813	0.661364	1
0.00834145	0.982709	0.325758	0.488163	1	1	0.99877	0.980584	0.639287	1
-0.005092	-0.741744	0.458248	0.458248	1	1	0.99997	0.99951	0.986308	1
-0.0133998	-2.00389	0.0450907	0.0562253	0.766542	0.721451	0.543589	0.522037	0.383271	1
0.00568485	0.698394	0.484936	0.512273	1	1	0.999987	0.996796	0.735024	1
-0.00909967	-1.16135	0.245507	0.453982	1	1	0.99168	0.959877	0.544761	1
-0.00239483	-0.287446	0.773773	0.818812	1	1	1	0.998702	0.832675	1
0.00123302	0.150538	0.880341	0.911384	1	1	1	0.998287	0.949276	1
-0.00566312	-0.666732	0.504948	0.587899	1	1	0.999994	0.990802	0.660316	1
0.00442286	0.490987	0.623439	0.715959	1	1	1	0.996294	0.802472	1
0.0131969	1.85051	0.0642486	0.221948	1	1	0.676609	0.654405	0.400411	1
-0.00787886	-1.01844	0.308475	0.525559	1	1	0.998109	0.947705	0.524408	1
-0.00028419	-0.0400029	0.968091	0.968091	1	1	1	0.999854	0.968091	1
-0.0142628	-2.04128	0.0412311	0.0861597	0.700928	0.659697	0.511193	0.490173	0.33279	1
6.20102e-05	0.00784974	0.993737	0.995414	1	1	1	0.999571	0.993737	1
0.00238668	0.332581	0.739453	0.778281	1	1	1	0.993138	0.785669	1
-0.00637643	-1.03048	0.302793	0.302793	1	1	0.997827	0.990802	0.916263	1
-0.0117868	-1.48714	0.136988	0.136988	1	1	0.918287	0.873291	0.582197	1
0.00418309	0.649569	0.515975	0.603402	1	1	0.999996	0.995663	0.797416	1
0.0193356	2.57742	0.00995849	0.104453	0.169294	0.159336	0.156456	0.147971	0.0846472	0.291148
0.00456882	0.555311	0.578686	0.578686	1	1	1	0.999185	0.847364	1
-5.1216e-05	-0.00756596	0.993963	0.994386	1	1	1	0.996572	0.993963	1
0.00170355	0.179874	0.857253	0.869882	1	1	1	0.997558	0.87209	1
0.00165741	0.182927	0.854857	0.854857	1	1	1	0.998857	0.865421	1
0.00194434	0.204972	0.837595	0.845605	1	1	1	0.999793	0.977169	1
0.00173884	0.183699	0.854251	0.872117	1	1	1	0.998283	0.854251	1
0.00509777	0.547753	0.583865	0.583865	1	1	1	0.999872	0.918867	1
0.00662675	0.73645	0.461462	0.567673	1	1	0.999973	0.991773	0.653738	1
0.000185879	0.019767	0.984229	0.9894	1	1	1	0.999832	0.984229	1
0.00307469	0.326151	0.744312	0.840992	1	1	1	0.996173	0.744312	1
-0.00379315	-0.403561	0.686539	0.705095	1	1	1	0.999051	0.847976	1
-0.00585504	-0.617689	0.536785	0.536785	1	1	0.999998	0.999902	0.965567	1
0.00306003	0.325406	0.744876	0.750006	1	1	1	0.999724	0.859056	1
-0.0015112	-0.159272	0.873456	0.898413	1	1	1	0.999138	0.928047	1
-0.0127246	-1.36316	0.172841	0.25755	1	1	0.960279	0.897418	0.428725	1
0.00448539	0.470931	0.637693	0.688373	1	1	1	0.999181	0.835923	1
-0.00586775	-0.63615	0.524683	0.565451	1	1	0.999997	0.997077	0.810874	1
0.00455839	0.498873	0.617872	0.617872	1	1	1	0.999554	0.974439	1
-0.000220274	-0.0236201	0.981156	0.981156	1	1	1	0.999651	0.991241	1
-0.000755685	-0.0832094	0.933686	0.933686	1	1	1	0.999098	0.975614	1
-0.00696932	-0.738655	0.460122	0.52177	1	1	0.999972	0.994245	0.782207	1
-0.00360283	-0.392389	0.694773	0.752157	1	1	1	0.999753	0.903427	1
-0.00681115	-0.722994	0.469689	0.499499	1	1	0.999979	0.996683	0.826069	1
-0.00297535	-0.32689	0.743754	0.784075	1	1	1	0.998895	0.871527	1
-0.00323453	-0.354971	0.722614	0.722614	1	1	1	0.999662	0.818962	1
0.00321869	0.343872	0.730945	0.730945	1	1	1	0.999931	0.956423	1
0.00574189	0.641296	0.521335	0.621815	1	1	0.999996	0.994243	0.751382	1
0.00208253	0.239204	0.810949	0.810949	1	1	1	0.99983	0.919076	1
-0.00125715	-0.138047	0.890204	0.901337	1	1	1	0.999769	0.961804	1
-0.00718399	-0.787472	0.431011	0.583917	1	1	0.999931	0.980693	0.666108	1
-0.00592908	-0.659544	0.509551	0.556966	1	1	0.999995	0.996652	0.813317	1
0.00247835	0.257644	0.796683	0.804337	1	1	1	0.999134	0.915778	1
-0.0140942	-1.50442	0.132483	0.360734	1	1	0.910726	0.863261	0.464079	1
0.00706969	0.744738	0.456435	0.546285	1	1	0.999968	0.990589	0.7054	1
0.0110991	1.2278	0.219531	0.369847	1	1	0.985208	0.960132	0.670944	1
0.00685038	0.715443	0.474341	0.499499	1	1	0.999982	0.997714	0.895977	1
0.0048373	0.509744	0.610234	0.64509	1	1	1	0.997276	0.699092	1
0.00759968	0.814729	0.415234	0.430071	1	1	0.999891	0.998896	0.828414	1
0.00390665	0.433188	0.664881	0.664881	1	1	1	0.999525	0.939353	1
-0.010326	-1.09676	0.272755	0.272755	1	1	0.995548	0.988425	0.870795	1
0.00864712	0.920877	0.357121	0.48707	1	1	0.999453	0.987942	0.700615	1
0.0128894	1.37494	0.169161	0.209202	1	1	0.957166	0.925314	0.718932	1
-0.00272067	-0.287628	0.773633	0.773633	1	1	1	0.999946	0.890832	1
-0.000272051	-0.0287129	0.977094	0.977094	1	1	1	0.999475	0.977572	1
0.0080396	0.843906	0.398728	0.398728	1	1	0.999825	0.993824	0.847298	1
0.00486976	0.521834	0.601789	0.609504	1	1	1	0.998964	0.839468	1
0.0106879	1.12553	0.260373	0.455902	1	1	0.994068	0.978149	0.581856	1
-0.00720698	-0.778512	0.436273	0.436273	1	1	0.999941	0.999419	0.925984	1
0.00832339	0.909272	0.363213	0.499499	1	1	0.999535	0.989618	0.619835	1
0.000125212	0.0134709	0.989252	0.989252	1	1	1	0.999996	0.989252	1
0.00649402	0.714841	0.474713	0.474713	1	1	0.999982	0.999559	0.999562	1
0.00242916	0.256244	0.797764	0.797764	1	1	1	0.998755	0.963958	1
0.00826585	0.894958	0.370816	0.417339	1	1	0.99962	0.996092	0.717547	1
-0.0156849	-1.67474	0.0939952	0.179801	1	1	0.813268	0.772513	0.344887	1
0.00857303	0.942839	0.34577	0.348258	1	1	0.999263	0.985635	0.734762	1
0.00834324	0.914257	0.360588	0.361556	1	1	0.999501	0.995329	0.941866	1
0.0128503	1.35434	0.175637	0.175637	1	1	0.962501	0.901503	0.497638	1
0.00699758	0.780504	0.4351	0.557704	1	1	0.999939	0.98963	0.636914	1
0.00529823	0.606346	0.544289	0.645663	1	1	0.999998	0.995915	0.746474	1
0.00518536	0.570793	0.568144	0.568144	1	1	0.999999	0.998932	0.823522	1
0.00390111	0.432985	0.665028	0.665028	1	1	1	0.999398	0.912877	1
0.00744684	0.822035	0.411063	0.542559	1	1	0.999877	0.990922	0.678226	1
0.00266602	0.277003	0.78178	0.78178	1	1	1	0.999977	0.997391	1
-0.00607432	-0.645944	0.518321	0.56046	1	1	0.999996	0.997279	0.881145	1
0.000928361	0.0937176	0.925334	0.925334	1	1	1	0.999739	0.978956	1
-0.00561571	-0.564371	0.572506	0.613434	1	1	0.999999	0.995441	0.81105	1
0.00292085	0.297111	0.766384	0.865165	1	1	1	0.995554	0.868568	1
0.0110471	1.12249	0.261665	0.473344	1	1	0.994241	0.961348	0.548677	1
0.0174733	1.79517	0.0726363	0.341039	1	0.944271	0.722507	0.62481	0.244115	0.839646
0.00468196	0.477301	0.633152	0.833457	1	1	1	0.940901	0.633152	1
0.0267339	2.65191	0.00800819	0.0533978	0.136139	0.128131	0.127757	0.120716	0.0680696	0.234129
0.0139244	1.38106	0.16727	0.468566	1	1	0.955478	0.866479	0.371635	1
0.00727135	0.78899	0.430124	0.430124	1	1	0.999929	0.998827	0.985518	1
0.00531579	0.585755	0.558044	0.558044	1	1	0.999999	0.998664	0.905752	1
0.0122636	1.27725	0.201525	0.440953	1	1	0.978201	0.937611	0.496841	1
0.000816954	0.0857717	0.931648	0.931648	1	1	1	1	0.982441	1
-0.00226365	-0.229566	0.818431	0.818431	1	1	1	0.999751	0.977632	1
-0.00763721	-0.766428	0.443428	0.443428	1	1	0.999953	0.997148	0.707836	1
-0.0134301	-1.70779	0.0876855	0.224533	1	1	0.789885	0.747554	0.496885	1
0.00672687	0.760548	0.446933	0.561479	1	1	0.999958	0.991246	0.68171	1
-0.00522757	-0.564603	0.572348	0.596941	1	1	0.999999	0.998881	0.929264	1
-0.0124836	-1.38648	0.165609	0.165609	1	1	0.953945	0.929205	0.70384	1
-0.00968171	-1.04282	0.297038	0.330464	1	1	0.997501	0.985439	0.841608	1
0.00519537	0.544408	0.586164	0.586164	1	1	1	0.999644	0.900618	1
-0.000107696	-0.0130463	0.989591	0.991872	1	1	1	0.999425	0.989591	1
-0.00553788	-0.59918	0.549057	0.673271	1	1	0.999999	0.996208	0.848543	1
-0.00260865	-0.278735	0.78045	0.78045	1	1	1	0.999963	0.984371	1
-0.00225614	-0.251809	0.80119	0.80119	1	1	1	0.999875	0.93343	1
0.000942294	0.10496	0.916408	0.916408	1	1	1	0.99998	0.98363	1
-0.0137124	-1.53704	0.124295	0.175486	1	1	0.895267	0.821905	0.422602	1
-0.00777183	-0.880705	0.378484	0.499499	1	1	0.999692	0.986162	0.714915	1
0.00182407	0.201309	0.840459	0.889056	1	1	1	0.999709	0.95892	1
0.00404627	0.446408	0.655306	0.693422	1	1	1	0.999043	0.92835	1
0.00451938	0.503773	0.614424	0.614424	1	1	1	0.998554	0.816572	1
0.0014634	0.164445	0.869382	0.925489	1	1	1	0.997772	0.93664	1
0.0056314	0.601358	0.547606	0.61373	1	1	0.999999	0.997746	0.77604	1
0.00246272	0.264417	0.791461	0.791461	1	1	1	0.999833	0.93802	1
-0.00250887	-0.265635	0.790522	0.808654	1	1	1	0.999882	0.88045	1
-0.00146822	-0.155003	0.87682	0.88134	1	1	1	0.999991	0.990189	1
-0.00107967	-0.114277	0.909019	0.930048	1	1	1	0.99931	0.967061	1
-0.00147111	-0.155688	0.87628	0.87628	1	1	1	0.999987	0.977793	1
-0.00209937	-0.233844	0.815108	0.815108	1	1	1	0.999993	0.96004	1
-0.00294162	-0.336171	0.736745	0.736745	1	1	1	0.999602	0.840914	1
-0.00293495	-0.310115	0.756476	0.821587	1	1	1	0.99653	0.857339	1
-0.00228447	-0.242258	0.808582	0.866366	1	1	1	0.979807	0.833241	1
0.000183289	0.0189382	0.984891	0.984891	1	1	1	0.999968	0.984891	1
-0.00429689	-0.449773	0.652878	0.652878	1	1	1	0.999789	0.873641	1
0.00312594	0.346021	0.729329	0.729329	1	1	1	0.99952	0.896669	1
0.00367872	0.405687	0.684976	0.684976	1	1	1	0.999618	0.888289	1
-0.00271604	-0.286428	0.774553	0.782856	1	1	1	0.999595	0.856843	1
0.000397859	0.0421376	0.966389	0.966389	1	1	1	0.999991	0.982067	1
-0.0149513	-1.66604	0.0957154	0.324122	1	1	0.819205	0.800068	0.40697	1
-0.00854735	-0.951973	0.341118	0.376679	1	1	0.999169	0.993965	0.776505	1
-0.00510906	-0.543836	0.586558	0.627382	1	1	1	0.997935	0.76044	1
-0.00982308	-1.05674	0.290637	0.460374	1	1	0.997084	0.977115	0.630394	1
0.00191735	0.204468	0.837989	0.868816	1	1	1	0.995748	0.949721	1
0.00492813	0.526087	0.598832	0.715358	1	1	1	0.995832	0.786494	1
-0.00290886	-0.344901	0.730171	0.81814	1	1	1	0.982048	0.776424	1
0.00101506	0.121179	0.90355	0.926961	1	1	1	0.991021	0.90355	1
-0.00603775	-0.632172	0.527279	0.628131	1	1	0.999997	0.997506	0.866858	1
0.00166099	0.174152	0.861747	0.861747	1	1	1	0.999653	0.892837	1
0.00707522	0.770675	0.440906	0.550233	1	1	0.999949	0.990453	0.749539	1
0.0126158	1.386	0.165757	0.165757	1	1	0.954083	0.905201	0.563573	1
-0.00634178	-0.657035	0.511164	0.511164	1	1	0.999995	0.998554	0.869821	1
-0.00432548	-0.446555	0.6552	0.687927	1	1	1	0.997756	0.74256	1
-0.00665252	-0.717578	0.473023	0.523386	1	1	0.999981	0.995215	0.756105	1
-0.00351246	-0.367677	0.713117	0.818762	1	1	1	0.999192	0.840338	1
0.00383071	0.445394	0.656038	0.702039	1	1	1	0.996914	0.796618	1
0.00622017	0.674291	0.500131	0.590779	1	1	0.999992	0.992202	0.743013	1
0.00465451	0.551282	0.581444	0.581444	1	1	1	0.999629	0.971385	1
0.00859903	1.00355	0.315602	0.315602	1	1	0.998414	0.992772	0.899734	1
0.00367219	0.423769	0.671738	0.747233	1	1	1	0.998749	0.833184	1
0.00327571	0.403893	0.686294	0.743959	1	1	1	0.999047	0.960764	1
0.00863374	0.90857	0.363585	0.431496	1	1	0.999539	0.993063	0.822472	1
0.00591624	0.618276	0.536398	0.536398	1	1	0.999998	0.999541	0.814183	1
0.0117352	1.28756	0.19791	0.279844	1	1	0.976461	0.954383	0.719347	1
0.00508068	0.55737	0.577279	0.645206	1	1	1	0.998435	0.794824	1
0.0109485	1.2373	0.215985	0.397316	1	1	0.984022	0.915377	0.458968	1
0.0121637	1.32427	0.185422	0.333003	1	1	0.969391	0.943369	0.548725	1
0.00200178	0.23654	0.813015	0.874964	1	1	1	0.993061	0.846527	1
0.00628684	0.756336	0.449453	0.499499	1	1	0.999961	0.996452	0.848968	1
0.0112496	1.28802	0.197748	0.478061	1	1	0.97638	0.911403	0.388994	1
0.00709862	0.780601	0.435043	0.629093	1	1	0.999939	0.967484	0.616311	1
0.00500976	0.607277	0.543671	0.714546	1	1	0.999998	0.979528	0.660172	1
0.00386942	0.454592	0.649406	0.66419	1	1	1	0.997196	0.788565	1
-0.000208102	-0.0249333	0.980108	0.980108	1	1	1	0.99985	0.980108	1
0.00589121	0.684456	0.493693	0.566468	1	1	0.999991	0.995682	0.748472	1
-0.00528529	-0.595831	0.551293	0.741535	1	1	0.999999	0.994172	0.747024	1
0.000246726	0.0271656	0.978328	0.979556	1	1	1	0.998786	0.978328	1
0.0032095	0.384087	0.700916	0.700916	1	1	1	0.999472	0.882165	1
-0.00195514	-0.233717	0.815206	0.815206	1	1	1	0.999972	0.920471	1
0.002895	0.36286	0.716712	0.734623	1	1	1	0.999483	0.954491	1
-0.00224836	-0.277297	0.781554	0.85419	1	1	1	0.998563	0.836702	1
-0.0103489	-1.23357	0.217371	0.306753	1	1	0.984496	0.967657	0.784014	1
-0.00844931	-0.984767	0.324746	0.471245	1	1	0.998738	0.980291	0.672457	1
-0.0143472	-1.64519	0.0999405	0.0999405	1	1	0.833041	0.77102	0.424747	1
-0.0119291	-1.38442	0.166241	0.192132	1	1	0.954533	0.905913	0.565218	1
-0.00130357	-0.150641	0.88026	0.88026	1	1	1	0.999975	0.961121	1
-0.000168719	-0.019608	0.984356	0.988822	1	1	1	1	0.991682	1
0.00208837	0.249946	0.802631	0.802631	1	1	1	0.999862	0.892117	1
-0.0016511	-0.197633	0.843334	0.843334	1	1	1	0.99979	0.908138	1
0.00523562	0.617807	0.536707	0.657697	1	1	0.999998	0.997878	0.791132	1
-0.000704986	-0.0815517	0.935004	0.935004	1	1	1	0.999639	0.935004	1
-0.000142823	-0.0160646	0.987183	0.989941	1	1	1	0.999836	0.988167	1
0.00365407	0.398698	0.690119	0.705471	1	1	1	0.99892	0.787629	1
-0.00175536	-0.211417	0.832563	0.832563	1	1	1	0.999832	0.958903	1
-0.00306727	-0.362548	0.716945	0.716945	1	1	1	0.999486	0.949091	1
-0.000471876	-0.0543977	0.956619	0.956619	1	1	1	0.999663	0.988917	1
-0.00129667	-0.145647	0.884201	0.884201	1	1	1	0.998849	0.939463	1
0.0091569	1.14426	0.252525	0.393321	1	1	0.992902	0.988499	0.643519	1
-0.00452668	-0.549312	0.582796	0.582796	1	1	1	0.999082	0.847657	1
0.0018959	0.21476	0.829956	0.878044	1	1	1	0.997961	0.843698	1
0.00138375	0.162717	0.870743	0.93363	1	1	1	0.995724	0.889942	1
8.92681e-05	0.00993775	0.992071	0.992071	1	1	1	0.999928	0.992071	1
0.0062175	0.667667	0.504351	0.504351	1	1	0.999993	0.998195	0.905426	1
-0.00934075	-0.970992	0.33156	0.618028	1	1	0.998938	0.960143	0.517024	1
0.000166897	0.0183243	0.98538	0.990151	1	1	1	0.999942	0.98538	1
-0.00923586	-0.982452	0.325885	0.4861	1	1	0.998774	0.985425	0.643847	1
-0.00572432	-0.641559	0.521165	0.521165	1	1	0.999996	0.999366	0.828273	1
0.0154113	1.69394	0.090287	0.090287	1	1	0.799841	0.799841	0.963471	1
-0.0111109	-1.2079	0.227097	0.278319	1	1	0.987465	0.9412	0.55152	1
-0.00142861	-0.148064	0.882293	0.894636	1	1	1	0.999682	0.941427	1
0.000462346	0.0478813	0.961811	0.965954	1	1	1	0.996862	0.961811	1
0.00390737	0.41914	0.675117	0.676183	1	1	1	0.998319	0.882845	1
0.00317496	0.340981	0.73312	0.77262	1	1	1	0.997946	0.890217	1
-0.0115732	-1.34463	0.178755	0.195435	1	1	0.964841	0.919264	0.506473	1
-0.00668475	-0.754144	0.450769	0.450769	1	1	0.999962	0.999773	0.993432	1
0.00909342	0.950667	0.341781	0.366328	1	1	0.999183	0.991344	0.762716	1
0.015444	1.63164	0.102765	0.102765	1	1	0.841727	0.75578	0.3494	1
0.00248148	0.261677	0.793572	0.793572	1	1	1	0.999965	0.975112	1
0.00722263	0.773374	0.439307	0.439307	1	1	0.999947	0.999035	0.946285	1
0.00468044	0.53315	0.593934	0.747536	1	1	1	0.992318	0.776683	1
0.000263462	0.0294952	0.97647	0.982194	1	1	1	0.995509	0.97647	1
-0.00880192	-0.909011	0.363352	0.499499	1	1	0.999536	0.982817	0.609006	1
0.00596457	0.622907	0.53335	0.615019	1	1	0.999998	0.995597	0.745007	1
0.000940914	0.0970888	0.922656	0.922656	1	1	1	0.999747	0.955518	1
0.00351419	0.366353	0.714104	0.714104	1	1	1	0.999927	0.930059	1
-0.00658179	-0.674295	0.500129	0.537444	1	1	0.999992	0.996115	0.689244	1
-0.00703432	-0.723567	0.469337	0.625536	1	1	0.999979	0.977669	0.664895	1
0.0145429	1.54338	0.12275	0.189319	1	1	0.892081	0.859766	0.601398	1
0.0114315	1.22408	0.220933	0.405034	1	1	0.985653	0.935831	0.536551	1
0.0121696	1.3265	0.184684	0.184684	1	1	0.968916	0.91372	0.523271	1
0.0113984	1.22483	0.220648	0.220648	1	1	0.985563	0.969502	0.937755	1
-0.0160374	-1.67554	0.0938384	0.263656	1	1	0.812718	0.693474	0.265876	0.914493
-0.011003	-1.15819	0.246795	0.410838	1	1	0.991918	0.947164	0.524439	1
-0.00534221	-0.550702	0.581842	0.707255	1	1	1	0.994654	0.824276	1
-0.0121408	-1.25685	0.208819	0.208819	1	1	0.98135	0.952403	0.569663	1
-0.0129803	-1.40828	0.159058	0.397823	1	1	0.947396	0.874919	0.44209	1
-0.00726268	-0.772856	0.439613	0.499499	1	1	0.999947	0.99455	0.830381	1
-0.00714895	-0.75051	0.452953	0.52262	1	1	0.999965	0.993439	0.701479	1
-0.00891548	-0.940326	0.347058	0.445024	1	1	0.999287	0.985915	0.70478	1
0.0061867	0.644135	0.519493	0.543628	1	1	0.999996	0.997158	0.834212	1
0.00526662	0.542762	0.587298	0.588687	1	1	1	0.997972	0.824432	1
0.00396956	0.433729	0.664488	0.751903	1	1	1	0.998574	0.941358	1
-0.00255001	-0.282266	0.777742	0.851485	1	1	1	0.98265	0.826351	1
-0.00948145	-0.979912	0.327137	0.428132	1	1	0.998812	0.985564	0.695166	1
0.0114982	1.17307	0.240779	0.345012	1	1	0.990747	0.981134	0.722408	1
-0.0102924	-1.04364	0.296658	0.499499	1	1	0.997478	0.963555	0.505957	1
-0.00524203	-0.535871	0.592052	0.592052	1	1	1	0.99938	0.914989	1
0.0063861	0.653971	0.513136	0.513136	1	1	0.999995	0.998463	0.890123	1
0.000349453	0.0360082	0.971276	0.981092	1	1	1	0.996908	0.971276	1
-0.0106281	-1.1099	0.26705	0.499499	1	1	0.994915	0.938952	0.504428	1
0.00750786	0.804549	0.421086	0.534155	1	1	0.999908	0.99255	0.62867	1
0.00625206	0.840196	0.400805	0.568996	1	1	0.999835	0.973277	0.544707	1
0.00379334	0.424595	0.671135	0.725464	1	1	1	0.998578	0.814949	1
-0.00427937	-0.505997	0.612862	0.612862	1	1	1	0.999805	0.972357	1
0.00155961	0.180314	0.856907	0.856907	1	1	1	0.999683	0.915564	1
0.00665703	0.765817	0.443791	0.482929	1	1	0.999953	0.998071	0.8135	1
0.00652094	0.80452	0.421103	0.499499	1	1	0.999908	0.992699	0.756893	1
0.00979487	1.03937	0.298639	0.362836	1	1	0.997596	0.993031	0.83212	1
0.00876097	0.925032	0.354957	0.502581	1	1	0.999421	0.980685	0.603426	1
0.0107131	1.14932	0.250433	0.391229	1	1	0.992557	0.974644	0.649627	1
0.00445834	0.477504	0.633006	0.645928	1	1	1	0.99953	0.978283	1
-0.00124056	-0.155145	0.876708	0.876708	1	1	1	0.999963	0.932271	1
0.00617292	0.710384	0.477472	0.601395	1	1	0.999984	0.994442	0.684184	1
0.0038989	0.538938	0.589934	0.713254	1	1	1	0.988449	0.771452	1
0.008359	1.11545	0.264668	0.488492	1	1	0.994627	0.956178	0.522994	1
0.0161137	1.83788	0.0660899	0.211014	1	0.991349	0.687258	0.641428	0.372356	1
0.00883053	0.967058	0.333522	0.429407	1	1	0.99899	0.992319	0.728082	1
0.0116258	1.42049	0.155476	0.225737	1	1	0.943453	0.920716	0.809343	1
0.00559178	0.658697	0.510096	0.593035	1	1	0.999995	0.995673	0.667048	1
-0.00224823	-0.250309	0.80235	0.861049	1	1	1	0.998565	0.942854	1
0.0052023	0.569783	0.568829	0.568829	1	1	0.999999	0.998892	0.848334	1
-0.00774075	-0.899125	0.368593	0.499499	1	1	0.999597	0.988121	0.675556	1
3.52184e-06	0.000403826	0.999678	0.999687	1	1	1	0.999678	0.999678	1
0.00072905	0.0829236	0.933913	0.933913	1	1	1	0.999711	0.967188	1
-0.00510145	-0.575234	0.565137	0.592401	1	1	0.999999	0.997186	0.773297	1
0.00236309	0.284915	0.775711	0.775711	1	1	1	0.999432	0.982199	1
-0.00195864	-0.235534	0.813796	0.857497	1	1	1	0.994845	0.813796	1
-0.0111115	-1.3957	0.162816	0.162816	1	1	0.951252	0.900763	0.538059	1
-0.0102286	-1.24394	0.213533	0.341674	1	1	0.983151	0.944003	0.60501	1
-0.0191767	-2.17556	0.0295961	0.0709378	0.503133	0.414345	0.399942	0.343347	0.125783	0.432638
-0.0140127	-1.5982	0.11001	0.11001	1	1	0.862104	0.780209	0.374032	1
-0.00336342	-0.402961	0.68698	0.751517	1	1	1	0.9904	0.83419	1
-0.00144086	-0.172325	0.863183	0.923187	1	1	1	0.996808	0.917132	1
-0.00896554	-1.0446	0.296216	0.555008	1	1	0.99745	0.919239	0.457788	1
-0.00768299	-0.893181	0.371767	0.56745	1	1	0.99963	0.975736	0.618907	1
0.00157539	0.172309	0.863196	0.879319	1	1	1	0.998813	0.917146	1
-0.00903262	-0.987168	0.323568	0.499499	1	1	0.9987	0.97035	0.611184	1
0.00315727	0.363424	0.716291	0.819019	1	1	1	0.998162	0.936688	1
0.00836725	0.942886	0.345747	0.499499	1	1	0.999263	0.987124	0.607061	1
-0.00232639	-0.269785	0.787328	0.787328	1	1	1	0.999274	0.892305	1
-0.00240046	-0.276504	0.782163	0.782163	1	1	1	0.999478	0.906904	1
-0.00597121	-0.694	0.487688	0.514092	1	1	0.999988	0.99883	0.707123	1
0.00315454	0.350737	0.725788	0.72886	1	1	1	0.999522	0.853957	1
0.0165031	1.93638	0.0528308	0.240158	0.898124	0.739631	0.602563	0.53228	0.224531	0.772286
0.00410986	0.478169	0.632533	0.632533	1	1	1	0.999741	0.902229	1
-0.00320814	-0.352875	0.724184	0.724184	1	1	1	0.999855	0.941868	1
-0.00226898	-0.256663	0.79744	0.829486	1	1	1	0.999751	0.886326	1
-0.00615834	-0.682859	0.494701	0.494701	1	1	0.999991	0.999929	0.988931	1
0.00479967	0.519432	0.603463	0.603463	1	1	1	0.999985	0.970896	1
0.00282834	0.306468	0.75925	0.75925	1	1	1	0.999928	0.911694	1
0.00766265	0.808821	0.418625	0.655018	1	1	0.999901	0.986949	0.686438	1
0.0127296	1.43193	0.152173	0.152173	1	1	0.939575	0.915937	0.862316	1
0.00970644	1.07561	0.282111	0.282111	1	1	0.996427	0.986549	0.80052	1
-0.00757194	-0.796085	0.425989	0.425989	1	1	0.99992	0.996117	0.905227	1
0.00240974	0.295697	0.767464	0.810095	1	1	1	0.999842	0.968339	1
0.00574127	0.602115	0.547102	0.547102	1	1	0.999999	0.999151	0.827107	1
0.00402248	0.41758	0.676258	0.74846	1	1	1	0.996444	0.884337	1
0.00986433	1.09763	0.272374	0.298618	1	1	0.995508	0.9853	0.81641	1
0.00423299	0.469567	0.638668	0.638668	1	1	1	0.999358	0.864331	1
0.0141825	1.54863	0.12148	0.189086	1	1	0.889394	0.836874	0.420962	1
0.00959221	1.0614	0.288517	0.359264	1	1	0.996932	0.983174	0.817465	1
-0.00503906	-0.540008	0.589196	0.673471	1	1	1	0.993944	0.770487	1
0.000693004	0.0755616	0.939768	0.949149	1	1	1	0.998022	0.939768	1
0.00167995	0.186522	0.852037	0.852037	1	1	1	0.999521	0.972088	1
-0.000896695	-0.09848	0.921552	0.952527	1	1	1	0.996884	0.921552	1
4.69154e-05	0.00507105	0.995954	0.997826	1	1	1	0.995954	0.995954	1
0.00116869	0.125935	0.899784	0.899784	1	1	1	0.99969	0.988701	1
0.00467505	0.497454	0.618873	0.618873	1	1	1	0.999555	0.940188	1
0.000395689	0.0421978	0.966341	0.972097	1	1	1	0.999962	0.999942	1
-0.00308334	-0.330554	0.740984	0.845847	1	1	1	0.999823	0.968979	1
-0.00134071	-0.14144	0.887523	0.887523	1	1	1	0.999924	0.941832	1
0.00430632	0.502879	0.615053	0.636607	1	1	1	0.996826	0.74685	1
0.000138486	0.0162886	0.987004	0.987119	1	1	1	0.999565	0.987004	1
-0.0045497	-0.5087	0.610966	0.700922	1	1	1	0.996533	0.798005	1
-0.00851253	-0.932412	0.351131	0.499499	1	1	0.999359	0.9807	0.663248	1
-0.0168759	-1.80256	0.071468	0.110315	1	1	0.716504	0.688616	0.404985	1
-0.0142351	-1.52992	0.126047	0.229208	1	1	0.898773	0.867468	0.558543	1
-0.00663174	-0.746212	0.455545	0.455545	1	1	0.999968	0.998754	0.990519	1
-0.00536238	-0.606262	0.544346	0.608872	1	1	0.999998	0.998142	0.885891	1
-0.000354475	-0.0388288	0.969027	0.970174	1	1	1	0.999041	0.982881	1
0.000735492	0.0796056	0.936551	0.936551	1	1	1	0.999366	0.936551	1
0.0090495	1.08601	0.277482	0.35314	1	1	0.996015	0.979761	0.681716	1
0.00386035	0.459078	0.646182	0.646182	1	1	1	0.999913	0.892357	1
0.00659724	0.733066	0.463524	0.555377	1	1	0.999975	0.990648	0.656659	1
0.0065197	0.719019	0.472135	0.499499	1	1	0.999981	0.996818	0.822935	1
-0.00369806	-0.399279	0.68969	0.691944	1	1	1	0.998716	0.837481	1
-0.00274847	-0.293721	0.768973	0.785709	1	1	1	0.999848	0.994271	1
-0.00158728	-0.192968	0.846986	0.908676	1	1	1	0.996281	0.846986	1
-0.00119114	-0.143969	0.885526	0.892319	1	1	1	0.996846	0.940871	1
0.00392166	0.426719	0.669587	0.742017	1	1	1	0.99624	0.786188	1
-0.00606275	-0.647996	0.516992	0.529073	1	1	0.999996	0.997536	0.739396	1
0.00750459	0.887584	0.374771	0.374771	1	1	0.999659	0.994293	0.869754	1
-0.00459931	-0.535822	0.592085	0.592085	1	1	1	0.999687	0.935422	1
-0.000173664	-0.0186648	0.985109	0.98821	1	1	1	0.999449	0.985109	1
0.0019863	0.217884	0.827521	0.850769	1	1	1	0.999974	0.988858	1
0.0029364	0.305971	0.759629	0.777768	1	1	1	0.999198	0.981226	1
0.00495008	0.534366	0.593092	0.638654	1	1	1	0.99844	0.804222	1
-0.00154566	-0.165755	0.868351	0.868351	1	1	1	0.999926	0.920073	1
0.00517609	0.564933	0.572123	0.607138	1	1	0.999999	0.995972	0.678843	1
0.00879283	1.01142	0.311822	0.311822	1	1	0.998259	0.988717	0.883494	1
0.0122855	1.35847	0.174324	0.174324	1	1	0.961473	0.917106	0.592702	1
0.00446251	0.49887	0.617874	0.673214	1	1	1	0.997412	0.817442	1
0.00139516	0.171035	0.864197	0.886547	1	1	1	0.999936	0.973513	1
0.00727335	0.765386	0.444048	0.444048	1	1	0.999954	0.998432	0.862826	1
0.00362786	0.379427	0.704373	0.704373	1	1	1	0.999284	0.79829	1
0.00737538	0.823778	0.410072	0.410072	1	1	0.999873	0.998223	0.961087	1
0.00198721	0.222295	0.824086	0.824086	1	1	1	0.999868	0.982073	1
0.0147825	1.60668	0.108136	0.190646	1	1	0.857085	0.813229	0.364191	1
0.0119756	1.30054	0.193426	0.229999	1	1	0.974121	0.92335	0.469748	1
-0.00143997	-0.152944	0.878444	0.930084	1	1	1	0.998204	0.944125	1
0.000553419	0.0603381	0.951887	0.958799	1	1	1	0.997027	0.951887	1
0.00294324	0.329095	0.742086	0.785044	1	1	1	0.9986	0.815078	1
0.00486673	0.543657	0.586681	0.720181	1	1	1	0.992302	0.692937	1
0.00114386	0.135468	0.892242	0.892242	1	1	1	0.99916	0.987854	1
0.000958586	0.11214	0.910713	0.932524	1	1	1	0.997809	0.910713	1
-0.00100323	-0.115257	0.908242	0.944101	1	1	1	0.998914	0.943658	1
0.00774352	0.865507	0.386767	0.499499	1	1	0.999755	0.987736	0.730561	1
-0.00016357	-0.0176633	0.985908	0.989444	1	1	1	0.999755	0.985908	1
0.00422272	0.451511	0.651624	0.676656	1	1	1	0.998186	0.852124	1
0.00295107	0.345937	0.729393	0.729393	1	1	1	0.999808	0.85711	1
0.000610182	0.0723825	0.942298	0.942298	1	1	1	0.999849	0.960596	1
0.00855617	1.03013	0.302957	0.387063	1	1	0.997835	0.986844	0.726804	1
0.00550643	0.66035	0.509034	0.528137	1	1	0.999994	0.997204	0.768827	1
-0.000701197	-0.0809856	0.935454	0.935454	1	1	1	0.999936	0.970739	1
0.00184516	0.210661	0.833153	0.833153	1	1	1	0.99867	0.88458	1
-0.0104677	-1.18329	0.236705	0.366271	1	1	0.989866	0.960888	0.670663	1
-0.00894453	-1.01843	0.308482	0.437265	1	1	0.998109	0.977682	0.655524	1
0.00199314	0.217546	0.827785	0.827785	1	1	1	0.998937	0.879521	1
-0.00192514	-0.213462	0.830968	0.840859	1	1	1	0.998835	0.830968	1
0.0076256	0.874777	0.381702	0.381702	1	1	0.999718	0.993416	0.811117	1
0.00312473	0.359748	0.719038	0.719038	1	1	1	0.999989	0.988779	1
0.00598332	0.664034	0.506674	0.640106	1	1	0.999994	0.996492	0.798279	1
0.00627255	0.691758	0.489095	0.586617	1	1	0.999989	0.995358	0.787593	1
0.000961891	0.103015	0.917952	0.921804	1	1	1	0.998894	0.974114	1
0.00199791	0.210598	0.833202	0.887268	1	1	1	0.999871	0.942682	1
0.00196998	0.234457	0.814632	0.841536	1	1	1	0.999781	0.949513	1
-0.00239889	-0.284741	0.775844	0.839774	1	1	1	0.998164	0.775844	1
0.00150307	0.165639	0.868442	0.884605	1	1	1	0.997723	0.930625	1
0.00220963	0.242441	0.80844	0.80844	1	1	1	0.999951	0.966046	1
0.00146031	0.173678	0.86212	0.86212	1	1	1	0.999962	0.973313	1
-0.00850814	-1.00666	0.314105	0.385832	1	1	0.998354	0.989948	0.772905	1
0.00923374	0.976256	0.328945	0.418191	1	1	0.998865	0.991661	0.716536	1
0.00483348	0.523666	0.600515	0.620421	1	1	1	0.997464	0.729197	1
0.00347677	0.388761	0.697456	0.697456	1	1	1	0.999233	0.904211	1
0.00839673	0.90723	0.364292	0.499499	1	1	0.999548	0.988832	0.688108	1
0.00262659	0.286343	0.774617	0.774617	1	1	1	0.999998	0.972208	1
0.00731478	0.799345	0.424097	0.474328	1	1	0.999916	0.995987	0.842516	1
-0.00375918	-0.401582	0.687995	0.687995	1	1	1	0.9985	0.832109	1
-0.00298572	-0.308483	0.757717	0.82343	1	1	1	0.997337	0.858745	1
-0.00730334	-0.792512	0.428068	0.50204	1	1	0.999925	0.994427	0.66156	1
0.0168977	1.77721	0.0755441	0.134037	1	1	0.736933	0.692183	0.428083	1
0.00711159	0.771689	0.440304	0.471496	1	1	0.999948	0.998312	0.886361	1
-0.00259947	-0.280149	0.779365	0.825639	1	1	1	0.994369	0.779365	1
0.00183457	0.22544	0.821638	0.845009	1	1	1	0.998988	0.973765	1
0.00478548	0.605486	0.544861	0.670022	1	1	0.999998	0.997126	0.771886	1
-0.000184639	-0.0205184	0.98363	0.98363	1	1	1	0.999695	0.98363	1
0.0125107	1.40137	0.161114	0.33371	1	1	0.94954	0.914525	0.584785	1
-0.00579579	-0.632783	0.52688	0.52688	1	1	0.999997	0.998959	0.949383	1
-0.00755803	-0.80304	0.421958	0.467742	1	1	0.99991	0.997593	0.800234	1
-0.00629099	-0.668996	0.503503	0.503503	1	1	0.999993	0.998568	0.82318	1
-0.00810204	-0.848917	0.395934	0.499863	1	1	0.99981	0.992946	0.651237	1
-0.0074408	-0.828019	0.407666	0.407666	1	1	0.999864	0.996851	0.983558	1
-0.0037543	-0.415066	0.678096	0.678096	1	1	1	0.999944	0.98768	1
0.00241104	0.260939	0.794141	0.794141	1	1	1	0.999976	0.982873	1
-0.0038448	-0.410373	0.681536	0.681536	1	1	1	0.999989	0.932385	1
-0.00570006	-0.613354	0.539647	0.539647	1	1	0.999998	0.999299	0.851116	1
-0.00988693	-1.04365	0.296658	0.361657	1	1	0.997477	0.985344	0.758684	1
-0.00555856	-0.626602	0.530925	0.530925	1	1	0.999997	0.998901	0.866622	1
-0.00278686	-0.312797	0.754437	0.754437	1	1	1	0.999652	0.953768	1
-0.00818692	-0.910996	0.362304	0.363706	1	1	0.999523	0.997574	0.841442	1
-0.00473126	-0.531401	0.595145	0.595145	1	1	1	0.998778	0.836378	1
0.00305768	0.337401	0.735817	0.735817	1	1	1	0.999994	0.996354	1
-0.00314778	-0.345454	0.729756	0.729756	1	1	1	0.999857	0.932709	1
0.00281102	0.307382	0.758555	0.758555	1	1	1	0.999802	0.933044	1
0.00417366	0.459035	0.646213	0.699182	1	1	1	0.996069	0.845047	1
-0.00395433	-0.425838	0.670229	0.670229	1	1	1	0.99839	0.861769	1
-0.00301145	-0.327169	0.743542	0.796894	1	1	1	0.997276	0.883333	1
-0.00988448	-1.13429	0.256683	0.321905	1	1	0.993544	0.988316	0.797967	1
-0.00825748	-0.951672	0.341271	0.341271	1	1	0.999172	0.998092	0.907895	1
-0.00412653	-0.450967	0.652017	0.659028	1	1	1	0.999073	0.805886	1
-0.00890521	-0.971931	0.331093	0.366916	1	1	0.998925	0.991976	0.864736	1
0.00153323	0.168672	0.866056	0.866056	1	1	1	0.999499	0.920185	1
-0.000752112	-0.0810577	0.935397	0.944789	1	1	1	0.999978	0.996402	1
0.000565555	0.0601158	0.952064	0.952064	1	1	1	0.99989	0.991678	1
0.00412413	0.443131	0.657674	0.657674	1	1	1	0.999811	0.887112	1
-0.00411952	-0.440009	0.659934	0.659934	1	1	1	0.999786	0.938487	1
-0.00796033	-0.862911	0.388193	0.485314	1	1	0.999764	0.992652	0.762503	1
-0.00862889	-1.01267	0.311224	0.311224	1	1	0.998233	0.988599	0.881801	1
0.00591745	0.700551	0.483589	0.49513	1	1	0.999987	0.999108	0.8748	1
-0.0060439	-0.665587	0.50568	0.50568	1	1	0.999994	0.999569	0.903358	1
-0.00916631	-1.0252	0.305275	0.305275	1	1	0.997954	0.98736	0.762369	1
0.00748189	0.837001	0.402598	0.404692	1	1	0.999843	0.996541	0.868073	1
0.00090159	0.100143	0.920231	0.943187	1	1	1	0.998561	0.977746	1
-0.000563197	-0.0718147	0.94275	0.94275	1	1	1	0.999881	0.94275	1
0.00184923	0.216794	0.828371	0.856109	1	1	1	0.994944	0.885485	1
0.010291	1.11398	0.265297	0.480261	1	1	0.994705	0.957837	0.541312	1
0.00803939	0.853898	0.393168	0.418273	1	1	0.999795	0.993229	0.835483	1
-0.0141222	-1.57478	0.115317	0.115317	1	1	0.875437	0.8592	0.702639	1
0.00845245	0.949419	0.342415	0.420528	1	1	0.999196	0.990598	0.744817	1
-0.00147864	-0.155604	0.876346	0.906142	1	1	1	0.999957	0.968795	1
-0.00390509	-0.40721	0.683857	0.786519	1	1	1	0.996842	0.894274	1
-0.0137767	-1.48967	0.136321	0.36159	1	1	0.917207	0.827722	0.386242	1
-0.0107114	-1.1475	0.251183	0.370304	1	1	0.992682	0.958662	0.558806	1
0.0083089	0.995047	0.319721	0.319721	1	1	0.998569	0.990177	0.905877	1
0.00474228	0.550584	0.581923	0.679363	1	1	1	0.987621	0.659513	1
-0.00569272	-0.655671	0.51204	0.51204	1	1	0.999995	0.999235	0.903752	1
-0.0117311	-1.33114	0.183151	0.215174	1	1	0.967907	0.911753	0.518929	1
-0.0139153	-1.54188	0.123112	0.198078	1	1	0.892836	0.841067	0.46073	1
-0.00151514	-0.165626	0.868452	0.870674	1	1	1	0.999714	0.889404	1
-0.00608958	-0.6454	0.518673	0.518673	1	1	0.999996	0.999679	0.83419	1
-0.00433697	-0.456896	0.647749	0.675543	1	1	1	0.997843	0.847056	1
0.00893108	0.937424	0.348548	0.517226	1	1	0.999315	0.974506	0.592531	1
4.43275e-05	0.00463853	0.996299	0.996647	1	1	1	0.99995	0.996299	1
0.000169656	0.0186523	0.985119	0.98753	1	1	1	0.999997	0.999919	1
-0.00420672	-0.464134	0.642555	0.650429	1	1	1	0.999734	0.921801	1
0.00573507	0.594919	0.551902	0.551902	1	1	0.999999	0.998714	0.72215	1
0.00712596	0.744092	0.456827	0.499499	1	1	0.999969	0.995884	0.754128	1
-0.00133797	-0.141964	0.88711	0.88711	1	1	1	0.999909	0.942554	1
0.00287415	0.306468	0.75925	0.839495	1	1	1	0.999191	0.928805	1
0.0125588	1.42863	0.15312	0.15312	1	1	0.940712	0.917334	0.66257	1
0.0122459	1.35883	0.174211	0.174211	1	1	0.961383	0.916958	0.592318	1
0.016865	1.80246	0.0714827	0.263129	1	1	0.71658	0.671262	0.368499	1
0.00572892	0.614157	0.539116	0.673575	1	1	0.999998	0.988332	0.655207	1
0.00763533	0.836052	0.403132	0.499499	1	1	0.999845	0.990386	0.676507	1
0.00295401	0.323312	0.746461	0.788565	1	1	1	0.998828	0.859534	1
0.0174041	1.87917	0.0602313	0.130656	1	0.903469	0.652178	0.606165	0.301197	1
0.0123399	1.32578	0.184922	0.259371	1	1	0.96907	0.94288	0.776656	1
0.00631736	0.675103	0.499616	0.559433	1	1	0.999992	0.994837	0.719988	1
0.0117254	1.26391	0.206273	0.265813	1	1	0.980303	0.946537	0.584441	1
0.0010165	0.114813	0.908594	0.924524	1	1	1	0.999489	0.908594	1
-0.00436746	-0.498882	0.617866	0.630709	1	1	1	0.998278	0.796461	1
0.000840673	0.0960261	0.9235	0.939288	1	1	1	0.997073	0.9235	1
0.00046444	0.0534296	0.95739	0.959403	1	1	1	0.999765	0.95739	1
0.0193444	2.02186	0.0432	0.253773	0.7344	0.648	0.52798	0.484394	0.195244	0.671552
0.00122231	0.126483	0.89935	0.899765	1	1	1	0.99898	0.946184	1
-0.0159922	-1.65571	0.0977901	0.376313	1	1	0.826128	0.677609	0.23749	0.81686
-0.0114271	-1.1791	0.238369	0.424882	1	1	0.990235	0.949736	0.506535	1
0.00863187	0.903749	0.366136	0.366136	1	1	0.99957	0.99292	0.778038	1
0.00605574	0.639146	0.522733	0.696781	1	1	0.999997	0.997308	0.831586	1
0.0181053	1.8854	0.059385	0.059385	1	0.772006	0.646815	0.548815	0.201909	0.694477
0.000449067	0.0473472	0.962237	0.962237	1	1	1	0.999961	0.962237	1
0.00633431	0.702743	0.482221	0.596548	1	1	0.999986	0.990023	0.745251	1
0.004458	0.473706	0.635713	0.660073	1	1	1	0.9978	0.831317	1
0.00559135	0.66911	0.503431	0.565942	1	1	0.999993	0.996303	0.737056	1
0.00979142	1.21262	0.225285	0.343333	1	1	0.986956	0.953258	0.556216	1
-0.00547864	-0.628025	0.529992	0.553518	1	1	0.999997	0.997619	0.783457	1
0.00768987	0.956155	0.339001	0.499499	1	1	0.999122	0.981915	0.640336	1
0.00882648	0.916146	0.359598	0.499499	1	1	0.999487	0.986396	0.67924	1
0.00117788	0.121892	0.902985	0.902985	1	1	1	0.999826	0.959422	1
0.0109736	1.21896	0.222871	0.422371	1	1	0.986247	0.95148	0.563261	1
0.00808408	0.920069	0.357544	0.464406	1	1	0.999459	0.992304	0.741859	1
0.00982046	1.04149	0.297656	0.499499	1	1	0.997538	0.966988	0.54238	1
0.0163256	1.79416	0.072797	0.175454	1	1	0.723324	0.670626	0.309387	1
0.00128469	0.143465	0.885924	0.922865	1	1	1	0.998867	0.886062	1
0.00503326	0.578182	0.563145	0.626971	1	1	0.999999	0.998674	0.902691	1
0.00355825	0.402519	0.687305	0.687305	1	1	1	0.999971	0.967519	1
0.00424136	0.463479	0.643024	0.707376	1	1	1	0.991583	0.780815	1
0.00359125	0.416523	0.67703	0.724023	1	1	1	0.99578	0.719344	1
0.00668473	0.745737	0.455832	0.455832	1	1	0.999968	0.998181	0.968643	1
0.00247186	0.29674	0.766667	0.766667	1	1	1	0.999957	0.985333	1
0.0047071	0.540011	0.589194	0.589194	1	1	1	0.999969	0.901456	1
-0.0130402	-1.45228	0.146434	0.290846	1	1	0.932232	0.872333	0.441507	1
-0.00799069	-0.855907	0.392056	0.508105	1	1	0.999788	0.986942	0.666495	1
-0.0033952	-0.39815	0.690522	0.713487	1	1	1	0.999876	0.916837	1
-0.00885601	-1.04134	0.297727	0.510165	1	1	0.997542	0.951558	0.478883	1
-0.00556405	-0.730689	0.464975	0.574759	1	1	0.999976	0.99055	0.697378	1
-0.0100212	-1.23625	0.216374	0.388448	1	1	0.984156	0.946382	0.613059	1
-0.0111914	-1.34188	0.179646	0.28226	1	1	0.965484	0.923789	0.610796	1
-0.0186448	-2.14029	0.0323395	0.0323395	0.549772	0.485093	0.428138	0.389276	0.174615	0.600597
-0.0167918	-1.93223	0.0533402	0.339532	0.906783	0.787591	0.606181	0.554706	0.226696	0.779732
-0.0176755	-1.98468	0.0471893	0.138526	0.802218	0.802218	0.560344	0.560344	0.456517	1
-0.00595317	-0.692861	0.488402	0.615394	1	1	0.999989	0.979772	0.638679	1
-0.0121503	-1.33882	0.180639	0.401873	1	1	0.966188	0.888256	0.438696	1
-0.008821	-0.977509	0.328325	0.461808	1	1	0.998847	0.987447	0.698355	1
-0.00358231	-0.390284	0.696329	0.696329	1	1	1	0.999906	0.930463	1
0.00439361	0.500666	0.61661	0.61661	1	1	1	0.998746	0.74874	1
-0.0101554	-1.14578	0.251896	0.486341	1	1	0.9928	0.969272	0.503178	1
-0.010172	-1.07796	0.281058	0.282301	1	1	0.996337	0.986291	0.845185	1
0.00129268	0.140098	0.888583	0.888583	1	1	1	0.999998	0.99958	1
0.00210444	0.245425	0.806129	0.861777	1	1	1	0.99763	0.807695	1
-0.00298821	-0.350621	0.725875	0.792475	1	1	1	0.998452	0.868269	1
-0.00489382	-0.590542	0.554832	0.618806	1	1	0.999999	0.998181	0.786012	1
-0.0153557	-1.68394	0.0922041	0.0922041	1	1	0.806892	0.765673	0.474551	1
0.00948691	1.0868	0.277135	0.277135	1	1	0.995982	0.989363	0.971268	1
0.0027979	0.314935	0.752813	0.815235	1	1	1	0.999071	0.91413	1
-0.000118545	-0.012429	0.990083	0.990083	1	1	1	0.999979	0.990083	1
-0.0014242	-0.148985	0.881567	0.89661	1	1	1	0.99938	0.936665	1
-0.000105433	-0.0112991	0.990985	0.990985	1	1	1	0.999985	0.990985	1
0.00476209	0.501171	0.616254	0.616254	1	1	1	0.99997	0.991541	1
0.0172192	1.81604	0.0693745	0.0693745	1	1	0.70544	0.659886	0.393122	1
0.0049004	0.515675	0.606085	0.606085	1	1	1	0.999539	0.936677	1
0.0187688	1.96233	0.0497327	0.126948	0.845456	0.845456	0.579875	0.579875	0.350018	1
0.0166671	1.77884	0.0752756	0.0752756	1	1	0.735632	0.690839	0.426562	1
0.0231198	2.42567	0.0152857	0.0410706	0.259858	0.259858	0.230384	0.230384	0.155172	0.533724
0.0217415	2.28278	0.0224503	0.0269005	0.381655	0.381655	0.320233	0.320233	0.380402	1
0.00686946	0.716245	0.473846	0.673163	1	1	0.999982	0.979199	0.671281	1
0.0112328	1.21184	0.225584	0.225584	1	1	0.987041	0.978392	0.857473	1
0.0107275	1.12469	0.260729	0.390082	1	1	0.994116	0.977518	0.659313	1
0.0141823	1.49146	0.13585	0.13585	1	1	0.916437	0.870506	0.577362	1
0.0142519	1.49693	0.134422	0.134422	1	1	0.914057	0.914057	0.879956	1
0.0167979	1.77305	0.0762307	0.0762307	1	1	0.740236	0.718799	0.647961	1
0.00925107	0.96426	0.334923	0.334923	1	1	0.999025	0.995019	0.889026	1
0.0103068	1.11136	0.266423	0.266423	1	1	0.994841	0.966894	0.58621	1
0.0122212	1.30757	0.191028	0.191028	1	1	0.972781	0.972781	0.831054	1
0.0196649	2.14009	0.0323555	0.106338	0.550043	0.517687	0.428298	0.409182	0.275021	0.94595
0.00180349	0.193186	0.846815	0.846815	1	1	1	0.999647	0.984164	1
0.0148334	1.62154	0.104913	0.219182	1	1	0.848046	0.810338	0.594505	1
-0.000546569	-0.0588585	0.953065	0.953065	1	1	1	0.999992	0.953065	1
0.0200073	2.12949	0.0332219	0.0621938	0.564772	0.465107	0.436939	0.376875	0.141193	0.485641
0.0156052	1.64816	0.0993293	0.305524	1	1	0.831103	0.768834	0.422149	1
0.00125278	0.134982	0.892627	0.892627	1	1	1	0.999976	0.986698	1
0.00594629	0.664405	0.506436	0.506436	1	1	0.999994	0.998908	0.903828	1
0.00371864	0.409315	0.682312	0.682312	1	1	1	0.998972	0.870863	1
0.00981655	1.06962	0.284797	0.284797	1	1	0.996648	0.994464	0.926716	1
0.012256	1.37973	0.167678	0.382309	1	1	0.955848	0.885609	0.407219	1
0.00769397	0.799342	0.424099	0.424099	1	1	0.999916	0.997689	0.900925	1
0.0104606	1.1654	0.243867	0.408381	1	1	0.991367	0.971079	0.544327	1
0.00627326	0.686217	0.492582	0.499499	1	1	0.99999	0.998835	0.930432	1
0.00136313	0.14933	0.881294	0.895057	1	1	1	0.998327	0.976597	1
-0.000937337	-0.102604	0.918278	0.927633	1	1	1	0.999581	0.918278	1
0.0136015	1.49118	0.135923	0.206864	1	1	0.916557	0.826768	0.339308	1
0.0166667	1.79933	0.0719769	0.209699	1	1	0.719134	0.673877	0.339166	1
0.0233471	2.60395	0.00921991	0.0333932	0.156739	0.156739	0.145694	0.145694	0.0982915	0.338079
-0.00675001	-0.746171	0.45557	0.45557	1	1	0.999968	0.998754	0.980739	1
0.00978007	1.11348	0.265509	0.419315	1	1	0.99473	0.975349	0.609644	1
0.00175846	0.18776	0.851066	0.851066	1	1	1	0.999927	0.989962	1
0.0178926	2.00003	0.0455058	0.159122	0.773599	0.773599	0.54695	0.54695	0.281092	0.966829
0.0124822	1.3643	0.172484	0.311826	1	1	0.959987	0.898313	0.488705	1
0.0182722	2.02107	0.0432808	0.101578	0.735773	0.649211	0.528657	0.485047	0.245258	0.843577
0.0116063	1.20981	0.226361	0.420042	1	1	0.98726	0.940581	0.549734	1
0.00925088	1.04304	0.296938	0.470109	1	1	0.997495	0.979254	0.587183	1
-7.7695e-05	-0.00849688	0.993221	0.993221	1	1	1	0.999934	0.993221	1
0.00811849	0.938122	0.348189	0.439444	1	1	0.999308	0.996167	0.779305	1
0.0180005	1.98026	0.0476827	0.125261	0.810605	0.71524	0.564199	0.519465	0.270202	0.929373
0.00554037	0.595915	0.551237	0.551237	1	1	0.999999	0.998343	0.721238	1
0.0249663	2.69153	0.00711624	0.098563	0.120976	0.120976	0.114328	0.114328	0.120976	0.416104
0.0181901	1.96265	0.0496963	0.0496963	0.844836	0.79514	0.579601	0.557616	0.422418	1
0.0155396	1.64681	0.0996083	0.133789	1	1	0.83199	0.813403	0.601327	1
0.013808	1.51067	0.130884	0.27862	1	1	0.907886	0.832863	0.370837	1
0.0216507	2.30226	0.0213273	0.0280245	0.362564	0.319909	0.306834	0.276294	0.120855	0.415685
0.0140442	1.56267	0.118141	0.27929	1	1	0.882026	0.827977	0.5021	1
0.0161575	1.70856	0.0875429	0.0989718	1	1	0.789326	0.746961	0.496077	1
0.0174322	1.8873	0.0591297	0.207327	1	0.827816	0.645182	0.573993	0.251301	0.864364
0.0273361	2.96335	0.00304539	0.0380438	0.0517717	0.0517717	0.0505294	0.0505294	0.0517717	0.178071
0.0249976	2.72366	0.00645996	0.00645996	0.109819	0.109819	0.104323	0.104323	0.109819	0.37773
0.014366	1.56836	0.116807	0.277209	1	1	0.878956	0.824298	0.496431	1
0.016765	1.82765	0.0676122	0.322214	1	1	0.695812	0.650096	0.315559	1
0.0215433	2.65082	0.0080338	0.00887357	0.136575	0.128541	0.12814	0.121079	0.0547664	0.188372
0.0175749	1.92492	0.0542482	0.165528	0.922219	0.813723	0.612553	0.566831	0.245798	0.845437
0.0128467	1.41254	0.1578	0.307087	1	1	0.946041	0.923927	0.510451	1
0.00594316	0.650396	0.515441	0.569753	1	1	0.999996	0.99456	0.745676	1
0.000598976	0.0665986	0.946902	0.946902	1	1	1	1	0.965553	1
0.00860055	0.996884	0.318829	0.425284	1	1	0.998537	0.99537	0.710423	1
0.0116264	1.29729	0.19454	0.19454	1	1	0.974722	0.934574	0.528027	1
0.0159147	1.77798	0.0754162	0.106269	1	0.980411	0.736314	0.639171	0.256415	0.881954
0.00229513	0.252805	0.800421	0.813577	1	1	1	0.999774	0.907143	1
0.0161135	1.84228	0.065444	0.267758	1	0.98166	0.683561	0.63769	0.300335	1
0.00348901	0.378846	0.704805	0.704805	1	1	1	0.99842	0.840987	1
0.0124858	1.38393	0.166391	0.39124	1	1	0.954673	0.885586	0.404093	1
0.0057819	0.660809	0.50874	0.582091	1	1	0.999994	0.993863	0.689252	1
0.018051	2.20968	0.0271349	0.0271349	0.461293	0.434158	0.373538	0.356065	0.230646	0.79332
0.00606798	0.742738	0.457646	0.457646	1	1	0.99997	0.999352	0.935529	1
-0.00374914	-0.404365	0.685947	0.685947	1	1	1	0.999726	0.897008	1
0.00604857	0.717311	0.473188	0.527451	1	1	0.999981	0.995534	0.697091	1
0.00991397	1.24234	0.214121	0.214121	1	1	0.983364	0.965725	0.727673	1
-0.00544703	-0.480969	0.630543	0.714004	1	1	1	0.99906	0.974476	1
-0.00141135	-0.124159	0.901191	0.901191	1	1	1	0.99971	0.957515	1
0.0103675	0.903303	0.366375	0.556317	1	1	0.999572	0.968362	0.550902	1
0.0141601	1.23415	0.217158	0.32468	1	1	0.984424	0.971184	0.641708	1
0.00174691	0.153126	0.878301	0.898234	1	1	1	0.999709	0.894868	1
-0.00508933	-0.442091	0.658428	0.658428	1	1	1	0.999937	0.887325	1
-0.0263032	-2.31805	0.0204553	0.0204553	0.347739	0.347739	0.296259	0.296259	0.347739	1
0.0167711	1.46742	0.142275	0.164427	1	1	0.926394	0.914184	0.663952	1
0.0107017	0.936879	0.348831	0.499499	1	1	0.99932	0.98391	0.623074	1
0.0126619	1.10774	0.267988	0.333247	1	1	0.995025	0.990715	0.807846	1
0.00198967	0.174337	0.861603	0.861603	1	1	1	0.999185	0.861603	1
0.000647924	0.0565807	0.95488	0.959754	1	1	1	0.999537	0.95488	1
0.000378881	0.0330834	0.973608	0.973608	1	1	1	0.999829	0.973608	1
0.00744723	0.654241	0.512963	0.512963	1	1	0.999995	0.999634	0.885224	1
0.0159988	1.39298	0.163639	0.191863	1	1	0.952061	0.915901	0.556374	1
0.0139603	1.22954	0.218883	0.218883	1	1	0.984997	0.96852	0.851976	1
0.0120718	1.06832	0.285386	0.476026	1	1	0.996695	0.965269	0.574232	1
-0.0087261	-0.766449	0.443417	0.443417	1	1	0.999953	0.997313	0.927416	1
0.0143601	1.25597	0.20914	0.20914	1	1	0.981478	0.970386	0.988065	1
-0.0274333	-2.39312	0.016714	0.016714	0.284137	0.284137	0.249142	0.249142	0.284137	0.977306
-0.00958354	-0.833078	0.40481	0.499499	1	1	0.999852	0.99265	0.76464	1
0.00573563	0.5007	0.616587	0.757985	1	1	1	0.996823	0.873498	1
-0.000604704	-0.0529112	0.957803	0.957803	1	1	1	0.999474	0.957803	1
-0.00191931	-0.167123	0.867275	0.867275	1	1	1	0.999936	0.943355	1
0.00918076	0.799278	0.424137	0.52195	1	1	0.999916	0.989816	0.721034	1
0.00725244	0.638495	0.523158	0.693208	1	1	0.999997	0.975347	0.68413	1
0.00605185	0.527795	0.597647	0.675291	1	1	1	0.991888	0.781538	1
0.0118817	1.05584	0.29105	0.29105	1	1	0.997113	0.994256	0.968056	1
0.00915494	0.803932	0.421445	0.421445	1	1	0.999909	0.997569	0.924416	1
0.00111562	0.0978628	0.922042	0.940798	1	1	1	0.997183	0.964175	1
-0.0173238	-1.51408	0.130019	0.313296	1	1	0.906316	0.836459	0.442065	1
0.000651709	0.0569426	0.954591	0.974177	1	1	1	0.997769	0.954591	1
-0.00704632	-0.616568	0.537526	0.591768	1	1	0.999998	0.997832	0.830722	1
0.000824963	0.0718372	0.942732	0.942732	1	1	1	0.999523	0.942732	1
-0.000314682	-0.0276102	0.977973	0.977973	1	1	1	0.999899	0.99342	1
0.0101705	0.887449	0.374847	0.461001	1	1	0.99966	0.9943	0.765894	1
-0.00530752	-0.46456	0.642251	0.642251	1	1	1	0.9997	0.9873	1
-0.012932	-1.14674	0.2515	0.46726	1	1	0.992735	0.944802	0.534437	1
0.00601987	0.524911	0.59965	0.73941	1	1	1	0.989715	0.777524	1
0.000238623	0.0210734	0.983187	0.983187	1	1	1	0.99958	0.983187	1
-0.00813664	-0.707576	0.479216	0.589364	1	1	0.999985	0.994589	0.814666	1
0.000354467	0.0308654	0.975377	0.975377	1	1	1	0.999945	0.982399	1
9.65295e-05	0.00837143	0.993321	0.993321	1	1	1	0.999955	0.994781	1
-0.0133546	-1.18208	0.237184	0.237184	1	1	0.989974	0.977412	0.839929	1
-0.00568507	-0.502595	0.615254	0.637715	1	1	1	0.997369	0.852547	1
0.0070539	0.616974	0.537258	0.539364	1	1	0.999998	0.997949	0.913338	1
-0.0126281	-1.10348	0.269828	0.269828	1	1	0.995233	0.98323	0.917416	1
-0.00877075	-0.763841	0.44497	0.453463	1	1	0.999955	0.997226	0.928246	1
-0.00758599	-0.664005	0.506694	0.506694	1	1	0.999994	0.999579	0.992242	1
-0.00997095	-0.86537	0.386845	0.413712	1	1	0.999755	0.992489	0.822045	1
-0.00426033	-0.371283	0.71043	0.772896	1	1	1	0.99612	0.812321	1
-0.0127096	-1.10082	0.270986	0.499499	1	1	0.99536	0.948601	0.511862	1
-0.00506443	-0.448153	0.654047	0.706983	1	1	1	0.995444	0.855292	1
0.0139354	1.22141	0.221942	0.221942	1	1	0.985965	0.970204	0.842919	1
0.00633254	0.555321	0.578681	0.691655	1	1	1	0.997409	0.819798	1
0.0188575	1.66959	0.0950149	0.159099	1	1	0.816809	0.776323	0.469536	1
-0.007986	-0.700936	0.48335	0.566323	1	1	0.999987	0.994923	0.821695	1
-0.0055113	-0.492238	0.622556	0.622556	1	1	1	0.999766	0.839256	1
-0.0186556	-1.62656	0.103845	0.243504	1	1	0.844934	0.844934	0.61058	1
-0.0242071	-2.10906	0.03495	0.03495	0.59415	0.59415	0.453806	0.453806	0.309991	1
-0.00365165	-0.31937	0.749449	0.785109	1	1	1	0.999614	0.910045	1
0.00479666	0.420345	0.674237	0.674237	1	1	1	0.999506	0.898504	1
-0.0106074	-0.937014	0.348761	0.413425	1	1	0.999318	0.994181	0.802915	1
0.00512619	0.44574	0.655789	0.655789	1	1	1	0.999139	0.803829	1
0.010104	0.88541	0.375945	0.484209	1	1	0.99967	0.994409	0.741826	1
0.0101515	0.892412	0.372181	0.372181	1	1	0.999634	0.998019	0.912174	1
-0.02297	-2.00735	0.0447244	0.228947	0.760314	0.71559	0.540603	0.519095	0.282086	0.970248
0.00526214	0.462538	0.6437	0.6437	1	1	1	0.99974	0.893454	1
0.0182448	1.59565	0.110581	0.310893	1	1	0.863602	0.782038	0.375976	1
0.0222026	1.94868	0.0513459	0.0513459	0.87288	0.87288	0.591836	0.591836	0.581667	1
0.00605671	0.536562	0.591575	0.591575	1	1	1	0.999978	0.920764	1
8.22405e-05	0.00716401	0.994284	0.994284	1	1	1	0.999962	0.994284	1
-0.0177625	-1.55137	0.120827	0.120827	1	1	0.887989	0.835169	0.513516	1
0.0200472	1.75887	0.0786123	0.0835849	1	1	0.751389	0.730177	0.530562	1
-0.00860406	-0.75406	0.450821	0.499499	1	1	0.999962	0.995456	0.787087	1
-0.00300568	-0.263296	0.792325	0.838964	1	1	1	0.99992	0.976803	1
0.00583884	0.507635	0.611714	0.667201	1	1	1	0.995766	0.742796	1
0.00619082	0.545984	0.585082	0.585082	1	1	1	0.999849	0.914198	1
0.0135857	1.21245	0.225354	0.225354	1	1	0.986976	0.983187	0.963588	1
0.00357649	0.309481	0.756959	0.790383	1	1	1	0.99995	0.989969	1
-0.0217032	-1.91047	0.0560852	0.0560852	0.953449	0.897364	0.62515	0.602878	0.369523	1
-0.00830409	-0.721533	0.470589	0.470589	1	1	0.99998	0.99931	0.829338	1
-0.0219848	-1.92599	0.0541186	0.134462	0.920017	0.865898	0.61165	0.58943	0.460008	1
-0.00393029	-0.342961	0.731631	0.763516	1	1	1	0.99803	0.795661	1
0.0175426	1.53922	0.123763	0.123763	1	1	0.894181	0.879234	0.633547	1
0.00324925	0.281347	0.778447	0.822892	1	1	1	0.999781	0.892011	1
0.00547491	0.476527	0.633704	0.633704	1	1	1	0.999985	0.933063	1
0.0113114	0.990378	0.322	0.322	1	1	0.998648	0.991468	0.89564	1
0.0191784	1.69054	0.0909385	0.193163	1	1	0.802264	0.802264	0.653804	1
0.0206021	1.80801	0.0706181	0.0706181	1	1	0.71206	0.690182	0.475483	1
-0.00838136	-0.736824	0.461237	0.527341	1	1	0.999973	0.995351	0.698568	1
0.00924879	0.835605	0.403386	0.499499	1	1	0.999846	0.993219	0.761951	1
-0.000893713	-0.0794553	0.936671	0.936671	1	1	1	0.999938	0.936671	1
-0.00460372	-0.412529	0.679956	0.71817	1	1	1	0.998194	0.810844	1
-0.0124176	-1.08846	0.276402	0.424102	1	1	0.995913	0.970361	0.587354	1
0.0114919	1.0092	0.31289	0.31289	1	1	0.998304	0.996408	0.871072	1
0.00212882	0.186571	0.851998	0.851998	1	1	1	0.999978	0.987954	1
0.00210734	0.184975	0.853251	0.8691	1	1	1	0.999662	0.940153	1
-0.0164108	-1.42875	0.153089	0.394201	1	1	0.940674	0.92995	0.486379	1
-0.00084819	-0.0761683	0.939286	0.952629	1	1	1	0.996314	0.939871	1
-0.00524059	-0.462665	0.643609	0.643609	1	1	1	0.999907	0.924126	1
-0.00832584	-0.731387	0.46455	0.46455	1	1	0.999976	0.999703	0.887052	1
-0.014122	-1.26042	0.20753	0.20753	1	1	0.980826	0.980826	0.95662	1
0.0203604	1.78694	0.0739604	0.160994	1	1	0.729167	0.707536	0.628664	1
-0.00365397	-0.324987	0.745194	0.785349	1	1	1	0.999726	0.874672	1
0.011858	1.03769	0.299426	0.469565	1	1	0.997641	0.987677	0.572821	1
0.000209384	0.0183802	0.985336	0.985336	1	1	1	0.999974	0.985336	1
-0.0104631	-0.91366	0.360905	0.499499	1	1	0.999505	0.982214	0.568348	1
-0.0153229	-1.33929	0.18049	0.18049	1	1	0.966082	0.966082	0.91621	1
0.0111803	0.973544	0.330293	0.330293	1	1	0.998903	0.99186	0.935831	1
0.00532923	0.463048	0.643334	0.643334	1	1	1	0.999901	0.928807	1
-0.00447176	-0.388592	0.697582	0.697582	1	1	1	0.998958	0.847063	1
-0.0158396	-1.37785	0.168262	0.168262	1	1	0.956371	0.930307	0.625099	1
0.00105244	0.0924611	0.926333	0.926333	1	1	1	0.999992	0.926693	1
0.00197422	0.173163	0.862525	0.862525	1	1	1	0.999942	0.939255	1
-0.000996668	-0.0869192	0.930736	0.930736	1	1	1	0.999994	0.989097	1
-0.00686299	-0.604026	0.545833	0.564718	1	1	0.999999	0.998272	0.812085	1
0.0277331	2.42566	0.0152883	0.0152883	0.259902	0.259902	0.230419	0.230419	0.259902	0.893946
-0.0102168	-0.895395	0.370585	0.492222	1	1	0.999618	0.990242	0.715232	1
0.000531389	0.0464612	0.962943	0.962943	1	1	1	0.999881	0.979276	1
0.00613584	0.548424	0.583406	0.583406	1	1	1	0.999843	0.958399	1
0.00905727	0.814267	0.4155	0.4155	1	1	0.999892	0.996345	0.882938	1
-0.016641	-1.48118	0.138573	0.159175	1	1	0.920801	0.883765	0.588934	1
-0.0120418	-1.05211	0.292762	0.292762	1	1	0.997229	0.98434	0.829493	1
0.0030887	0.271229	0.786218	0.786218	1	1	1	0.999827	0.850342	1
0.00161168	0.140728	0.888086	0.888086	1	1	1	0.999983	0.928968	1
-0.00250224	-0.21842	0.827104	0.836998	1	1	1	0.999786	0.942191	1
0.00866222	0.767992	0.4425	0.4425	1	1	0.999951	0.999051	0.882283	1
-0.00468618	-0.419435	0.674902	0.674902	1	1	1	0.999616	0.81779	1
0.0107936	0.944701	0.344821	0.498943	1	1	0.999245	0.989103	0.65251	1
0.0113823	0.991305	0.321547	0.321547	1	1	0.998633	0.990489	0.831289	1
0.0116605	1.01425	0.310476	0.310476	1	1	0.9982	0.983249	0.754014	1
-0.00114085	-0.100264	0.920136	0.926611	1	1	1	0.999951	0.925292	1
0.00221212	0.196853	0.843944	0.885277	1	1	1	0.99173	0.89669	1
-0.0195667	-1.72979	0.083682	0.15113	1	1	0.773647	0.752976	0.535861	1
-0.0171439	-1.4931	0.135425	0.412619	1	1	0.915735	0.849187	0.397143	1
-0.0125402	-1.13761	0.255296	0.310378	1	1	0.993336	0.983282	0.714896	1
0.00528965	0.46454	0.642265	0.642265	1	1	1	0.999814	0.88044	1
0.00596852	0.537516	0.590917	0.590917	1	1	1	0.999216	0.928815	1
-0.00470808	-0.411787	0.6805	0.6805	1	1	1	0.999988	0.919611	1
-0.00567559	-0.496845	0.619303	0.737037	1	1	1	0.997055	0.877346	1
-0.0105294	-0.923176	0.355925	0.355925	1	1	0.999435	0.996718	0.870497	1
-0.0153673	-1.34054	0.180084	0.180084	1	1	0.965796	0.924317	0.612287	1
0.0033678	0.292512	0.769898	0.769898	1	1	1	0.999615	0.859998	1
-0.0121601	-1.09981	0.271425	0.271425	1	1	0.995407	0.988125	0.913258	1
0.00278102	0.244698	0.806692	0.806692	1	1	1	0.999948	0.905876	1
0.00121424	0.105939	0.915632	0.915632	1	1	1	0.999915	0.932972	1
0.00276511	0.244409	0.806917	0.806917	1	1	1	0.999997	0.98949	1
0.00128893	0.113649	0.909517	0.909517	1	1	1	0.999994	0.996794	1
-0.00998147	-0.898209	0.369084	0.369084	1	1	0.999602	0.99749	0.935802	1
-0.0105341	-0.929737	0.352517	0.352517	1	1	0.999382	0.997724	0.857387	1
-0.0147995	-1.28678	0.198186	0.400012	1	1	0.976598	0.943381	0.570187	1
-0.00999464	-0.877091	0.380446	0.397731	1	1	0.999708	0.99686	0.793169	1
-0.00260602	-0.227699	0.819882	0.819882	1	1	1	0.999932	0.970784	1
0.00218941	0.191254	0.848328	0.902088	1	1	1	0.999471	0.969889	1
0.00559098	0.491311	0.623211	0.623211	1	1	1	0.999551	0.925434	1
0.0115354	1.01208	0.311513	0.402794	1	1	0.998245	0.99219	0.782019	1
0.00319303	0.278493	0.780636	0.780636	1	1	1	0.999816	0.918632	1
-0.00528978	-0.460203	0.645375	0.645375	1	1	1	0.99975	0.940688	1
-0.00109899	-0.0963643	0.923232	0.923232	1	1	1	0.99965	0.992631	1
0.00855025	0.742913	0.457542	0.490364	1	1	0.99997	0.998573	0.882153	1
-0.00613842	-0.534364	0.593095	0.72699	1	1	1	0.989982	0.775585	1
-0.00712621	-0.628384	0.529759	0.529759	1	1	0.999997	0.999751	0.849028	1
-0.000565308	-0.0497161	0.960349	0.960349	1	1	1	0.999938	0.976778	1
6.04614e-05	0.00534979	0.995732	0.996283	1	1	1	0.999966	0.995732	1
-0.0120512	-1.04712	0.295057	0.295057	1	1	0.997378	0.992516	0.936393	1
0.0135992	1.17983	0.238082	0.238082	1	1	0.990173	0.977781	0.888929	1
-0.0104744	-0.912391	0.361572	0.473165	1	1	0.999514	0.991748	0.726371	1
-0.0119533	-1.04127	0.297763	0.297763	1	1	0.997544	0.988099	0.843662	1
0.00897345	0.786536	0.431561	0.431561	1	1	0.999932	0.998997	0.993964	1
-0.00282129	-0.245179	0.80632	0.80632	1	1	1	0.999787	0.80632	1
-0.00704674	-0.646677	0.517848	0.620168	1	1	0.999996	0.991263	0.628822	1
0.00945469	0.83442	0.404053	0.404053	1	1	0.999849	0.997993	0.842154	1
-3.27118e-05	-0.0028939	0.997691	0.998422	1	1	1	0.997782	0.997691	1
0.000804371	0.0708656	0.943505	0.946419	1	1	1	0.999829	0.943505	1
-0.0123577	-1.07974	0.28027	0.484941	1	1	0.996268	0.979958	0.503934	1
-0.0026251	-0.229762	0.818279	0.894623	1	1	1	0.996675	0.818279	1
0.0102804	0.906955	0.36444	0.430582	1	1	0.99955	0.997239	0.694698	1
0.00865046	0.756481	0.449369	0.449369	1	1	0.999961	0.997438	0.954909	1
-0.00443631	-0.399794	0.689312	0.823689	1	1	1	0.999589	0.871403	1
-0.00348416	-0.3039	0.761207	0.793003	1	1	1	0.999224	0.990544	1
-0.011393	-0.989846	0.32226	0.32226	1	1	0.998657	0.997076	0.892726	1
-0.00241298	-0.210074	0.833612	0.833612	1	1	1	0.999836	0.9711	1
-0.00836902	-0.743282	0.457319	0.457319	1	1	0.999969	0.999546	0.998099	1
-0.00538586	-0.471063	0.6376	0.6376	1	1	1	0.999463	0.82375	1
0.00394425	0.351871	0.724938	0.816109	1	1	1	0.990276	0.810087	1
-0.000745592	-0.0655887	0.947706	0.948987	1	1	1	0.999634	0.949313	1
-0.0078012	-0.676859	0.498502	0.498502	1	1	0.999992	0.998994	0.907729	1
-0.0106529	-0.938932	0.347775	0.347775	1	1	0.999301	0.994074	0.809847	1
-0.00335325	-0.295044	0.767963	0.774704	1	1	1	0.999022	0.81596	1
-0.00227018	-0.197041	0.843797	0.874016	1	1	1	0.996436	0.843797	1
0.0242316	2.11083	0.034798	0.0687646	0.591567	0.591567	0.452342	0.452342	0.591567	1
-0.00292016	-0.254239	0.799313	0.799313	1	1	1	0.999814	0.918439	1
0.00143895	0.12552	0.900113	0.900113	1	1	1	0.999999	0.99072	1
-0.00321674	-0.281099	0.778637	0.778637	1	1	1	0.999468	0.934279	1
-0.000691324	-0.0607137	0.951588	0.958033	1	1	1	0.999525	0.957216	1
-0.0154262	-1.34795	0.177688	0.177688	1	1	0.964056	0.946844	0.813612	1
0.0238331	2.06621	0.0388196	0.0388196	0.659933	0.659933	0.489867	0.489867	0.659933	1
-0.00175026	-0.153133	0.878295	0.878295	1	1	1	0.999901	0.991335	1
-0.00692486	-0.606486	0.544198	0.5965	1	1	0.999998	0.995742	0.770948	1
-0.00586191	-0.512266	0.60847	0.65362	1	1	1	0.998572	0.786714	1
-0.00801429	-0.705163	0.480716	0.480716	1	1	0.999985	0.99926	0.937033	1
-0.00386693	-0.337822	0.7355	0.7355	1	1	1	0.999658	0.903478	1
-0.00763588	-0.668364	0.503908	0.503908	1	1	0.999993	0.999097	0.898143	1
0.005857	0.512337	0.60842	0.60842	1	1	1	0.999784	0.938403	1
0.000315549	0.0276558	0.977937	0.983836	1	1	1	0.999513	0.977937	1
-0.0148239	-1.30883	0.190606	0.19152	1	1	0.972539	0.966072	0.928837	1
-0.0105916	-0.926872	0.354003	0.393946	1	1	0.999406	0.998576	0.795365	1
0.00688767	0.598005	0.549842	0.704938	1	1	0.999999	0.996254	0.785212	1
-0.00281009	-0.244249	0.80704	0.840114	1	1	1	0.99668	0.913521	1
-0.00607219	-0.619485	0.535602	0.535602	1	1	0.999998	0.999953	0.971574	1
-0.000849606	-0.0871119	0.930583	0.945266	1	1	1	0.999639	0.974098	1
0.00754607	0.769928	0.441348	0.660131	1	1	0.99995	0.945587	0.577148	1
-0.0027197	-0.277293	0.781557	0.807145	1	1	1	0.996852	0.830404	1
0.0116132	1.18215	0.237154	0.318771	1	1	0.989967	0.981726	0.6536	1
-0.0216933	-2.19645	0.028067	0.028067	0.477138	0.477138	0.383663	0.383663	0.36722	1
-0.0143654	-1.45622	0.145342	0.423523	1	1	0.930742	0.870192	0.399205	1
0.0145961	1.48078	0.138675	0.154232	1	1	0.920961	0.893462	0.785825	1
0.00291778	0.296105	0.767152	0.842088	1	1	1	0.996424	0.805825	1
0.00298599	0.305924	0.759665	0.759665	1	1	1	0.999339	0.860953	1
0.00331706	0.338212	0.735206	0.838661	1	1	1	0.998035	0.807537	1
0.0126584	1.29104	0.196699	0.310934	1	1	0.975849	0.942001	0.511716	1
-0.00018347	-0.0185955	0.985164	0.988876	1	1	1	0.999949	0.985164	1
-0.00396263	-0.408053	0.683237	0.727372	1	1	1	0.996949	0.829645	1
0.0110287	1.11896	0.263167	0.263167	1	1	0.994437	0.980738	0.745639	1
0.00637193	0.651393	0.514798	0.553	1	1	0.999995	0.99852	0.812535	1
0.018043	1.84126	0.0655937	0.203272	1	1	0.684421	0.653481	0.312586	1
-0.0039332	-0.39809	0.690567	0.694584	1	1	1	0.999122	0.907823	1
0.000604913	0.0614921	0.950968	0.950968	1	1	1	0.999951	0.950968	1
-0.00703369	-0.710919	0.47714	0.5358	1	1	0.999984	0.99869	0.71878	1
-0.0115452	-1.17041	0.241847	0.330416	1	1	0.990966	0.984284	0.759541	1
-0.00449459	-0.454955	0.649145	0.72575	1	1	1	0.999346	0.916359	1
0.00827032	0.843887	0.398739	0.498827	1	1	0.999825	0.993825	0.681034	1
-0.00204112	-0.209761	0.833856	0.833856	1	1	1	0.999801	0.885972	1
0.0179755	1.84485	0.0650689	0.187592	1	1	0.681395	0.65922	0.372538	1
-0.00346197	-0.352604	0.724388	0.790111	1	1	1	0.999219	0.820973	1
0.0122361	1.24595	0.212793	0.459114	1	1	0.98288	0.938938	0.452185	1
0.0152422	1.56805	0.116879	0.194639	1	1	0.879122	0.863124	0.437651	1
0.00840243	0.860064	0.38976	0.38976	1	1	0.999774	0.998373	0.986822	1
-0.00321467	-0.33391	0.738449	0.738449	1	1	1	0.999814	0.964892	1
-0.00700031	-0.710261	0.477548	0.477548	1	1	0.999984	0.999586	0.982828	1
-0.0074052	-0.760755	0.446809	0.498514	1	1	0.999957	0.997316	0.845942	1
0.0117862	1.21749	0.223426	0.377279	1	1	0.986413	0.938054	0.542605	1
0.0180542	1.85106	0.0641698	0.123466	1	1	0.676146	0.653939	0.545443	1
0.000139324	0.0141881	0.98868	0.98868	1	1	1	0.999846	0.98868	1
0.00560303	0.568868	0.56945	0.56945	1	1	0.999999	0.999906	0.910429	1
-0.000238598	-0.0243282	0.980591	0.980591	1	1	1	1	0.991577	1
-0.021219	-2.17818	0.0294004	0.0306401	0.499807	0.475298	0.397882	0.382496	0.249903	0.859556
0.00850242	0.863647	0.387789	0.540808	1	1	0.999762	0.978453	0.586064	1
-0.00548779	-0.561481	0.574474	0.732688	1	1	1	0.998316	0.744874	1
-0.013555	-1.371	0.170385	0.207031	1	1	0.958226	0.939305	0.829876	1
0.0036396	0.368521	0.712487	0.785184	1	1	1	0.993167	0.850835	1
0.00741654	0.753025	0.45144	0.478059	1	1	0.999963	0.998212	0.758087	1
-0.0149318	-1.52643	0.126914	0.126914	1	1	0.900466	0.869426	0.719179	1
0.00423561	0.432059	0.665701	0.691788	1	1	1	0.999533	0.982475	1
-0.00466299	-0.473505	0.635857	0.635857	1	1	1	0.999985	0.935291	1
-0.00219713	-0.222506	0.823922	0.823922	1	1	1	0.999999	0.980506	1
-0.0114925	-1.16214	0.245189	0.394665	1	1	0.99162	0.958445	0.59546	1
-0.00800068	-0.811825	0.416898	0.419517	1	1	0.999896	0.999055	0.937638	1
-0.00862824	-0.874348	0.381935	0.381935	1	1	0.99972	0.998004	0.865644	1
-0.0128341	-1.29859	0.194096	0.342314	1	1	0.974484	0.906864	0.471375	1
-0.012319	-1.24955	0.211475	0.412628	1	1	0.982386	0.942219	0.48135	1
-0.00189268	-0.194034	0.846151	0.859344	1	1	1	0.99848	0.899035	1
0.0217682	2.21112	0.0270352	0.0984761	0.459598	0.450775	0.372445	0.36673	0.229799	0.790405
0.00742145	0.755874	0.44973	0.607907	1	1	0.999961	0.985983	0.60991	1
0.0160979	1.64242	0.100514	0.100514	1	1	0.834839	0.747693	0.341747	1
-0.000882783	-0.0902119	0.928119	0.928119	1	1	1	0.999988	0.998188	1
-0.000284536	-0.0301232	0.975969	0.975969	1	1	1	0.999997	0.998932	1
-0.0265456	-2.72053	0.00652146	0.0458232	0.110865	0.104343	0.105265	0.0993919	0.0554324	0.190663
-0.0275291	-2.80174	0.00508594	0.0450363	0.086461	0.086461	0.083031	0.083031	0.0819709	0.281943
-0.00529768	-0.541172	0.588393	0.744468	1	1	1	0.988186	0.769437	1
0.000271751	0.0277771	0.97784	0.980869	1	1	1	0.996316	0.97784	1
-0.0150659	-1.54635	0.12203	0.12203	1	1	0.890566	0.875356	0.998007	1
0.00626208	0.64106	0.521488	0.521488	1	1	0.999996	0.999684	0.764138	1
0.011597	1.18428	0.236311	0.347414	1	1	0.989777	0.977047	0.629852	1
0.00729121	0.751298	0.452479	0.452479	1	1	0.999964	0.999604	0.798907	1
-0.015326	-1.56459	0.117688	0.257687	1	1	0.880993	0.826736	0.416781	1
0.0051685	0.526741	0.598377	0.598377	1	1	1	0.999407	0.942696	1
0.0107625	1.09724	0.272543	0.396624	1	1	0.995526	0.969809	0.651911	1
0.00701282	0.713824	0.475342	0.475342	1	1	0.999983	0.99988	0.956156	1
0.00177633	0.184552	0.853582	0.853582	1	1	1	0.99999	0.982694	1
0.00392274	0.396744	0.691559	0.691559	1	1	1	0.999921	0.904347	1
-0.00613139	-0.626629	0.530907	0.556677	1	1	0.999997	0.998284	0.780899	1
0.0206375	2.1113	0.0347548	0.0347548	0.590831	0.556076	0.451924	0.43219	0.295415	1
-0.00673094	-0.691351	0.48935	0.48935	1	1	0.999989	0.998794	0.827042	1
0.00702617	0.717483	0.473081	0.640291	1	1	0.999981	0.968238	0.618645	1
0.00151411	0.153666	0.877874	0.877874	1	1	1	0.999377	0.912865	1
0.0037166	0.380402	0.70365	0.70365	1	1	1	0.999761	0.910927	1
0.00435998	0.465242	0.641761	0.691933	1	1	1	0.998014	0.784285	1
0.00712278	0.722841	0.469783	0.478955	1	1	0.999979	0.998244	0.717546	1
-0.0280743	-2.85779	0.0042689	0.0042689	0.0725713	0.0683024	0.070145	0.0661585	0.0362856	0.124806
-0.0204861	-2.0745	0.0380416	0.0466026	0.646706	0.646706	0.482801	0.482801	0.646706	1
-0.000131648	-0.0133636	0.989338	0.989338	1	1	1	0.999985	0.989338	1
-0.00557361	-0.56701	0.570711	0.625948	1	1	0.999999	0.998847	0.822739	1
0.0133687	1.35433	0.175642	0.38199	1	1	0.962506	0.91881	0.478177	1
0.00261739	0.265424	0.790684	0.790684	1	1	1	0.999949	0.960117	1
0.00448541	0.455901	0.648465	0.648465	1	1	1	0.999337	0.900789	1
0.0102378	1.04936	0.29402	0.373829	1	1	0.997312	0.992746	0.803868	1
0.0137595	1.41027	0.158469	0.378338	1	1	0.946766	0.936742	0.528334	1
0.0107572	1.09972	0.271465	0.354982	1	1	0.995412	0.969313	0.659272	1
0.001083	0.110182	0.912265	0.912265	1	1	1	0.999811	0.969282	1
0.00892228	0.934365	0.350123	0.350123	1	1	0.999342	0.994325	0.833469	1
-0.00336403	-0.346205	0.729191	0.73596	1	1	1	0.999552	0.885362	1
-0.00229402	-0.234107	0.814904	0.814904	1	1	1	0.999972	0.924837	1
0.0102041	1.0436	0.29668	0.408004	1	1	0.997479	0.970384	0.630444	1
0.0102786	1.05079	0.293363	0.462539	1	1	0.997269	0.985614	0.588973	1
-0.00555282	-0.571152	0.567901	0.620971	1	1	0.999999	0.997847	0.804526	1
-0.00775451	-0.786282	0.431708	0.539423	1	1	0.999933	0.991565	0.733904	1
-0.00958939	-0.969822	0.332143	0.332143	1	1	0.998954	0.996488	0.912842	1
-0.00969388	-1.01036	0.31233	0.565982	1	1	0.99828	0.949992	0.530961	1
-0.00521827	-0.536956	0.591302	0.591302	1	1	1	0.999937	0.93373	1
-0.00778981	-0.798244	0.424735	0.424735	1	1	0.999917	0.998687	0.833329	1
-0.0120853	-1.25584	0.209185	0.300061	1	1	0.981496	0.976601	0.778139	1
0.0184119	1.87448	0.0608738	0.0608738	1	0.973981	0.656199	0.633914	0.38063	1
-0.00284612	-0.293156	0.769405	0.769405	1	1	1	0.999986	0.890325	1
0.00434536	0.445915	0.655662	0.655662	1	1	1	0.999462	0.821563	1
-0.00416608	-0.424855	0.670945	0.678884	1	1	1	0.999809	0.92765	1
-0.00279262	-0.285351	0.775377	0.775377	1	1	1	0.999995	0.997916	1
-0.022873	-2.35233	0.0186626	0.0186626	0.317265	0.317265	0.274042	0.274042	0.317265	1
0.00274875	0.280497	0.779098	0.85624	1	1	1	0.997619	0.909193	1
0.00123319	0.125293	0.900293	0.900293	1	1	1	0.999761	0.949073	1
-0.00935903	-0.955522	0.339321	0.372504	1	1	0.999129	0.993084	0.861481	1
-0.0198687	-2.02072	0.0433175	0.106487	0.736397	0.693079	0.528965	0.507637	0.368198	1
-0.00660033	-0.671613	0.501835	0.501835	1	1	0.999993	0.999063	0.962558	1
0.00743052	0.758428	0.4482	0.491881	1	1	0.999959	0.997383	0.705733	1
0.00111675	0.113186	0.909884	0.909884	1	1	1	0.999999	0.99542	1
-0.00124836	-0.128235	0.897964	0.897964	1	1	1	0.99998	0.91722	1
0.0257759	2.62004	0.00879626	0.0294375	0.149536	0.149536	0.139462	0.139462	0.149536	0.514338
0.00196358	0.204304	0.838118	0.841872	1	1	1	0.999416	0.949867	1
0.00604852	0.620833	0.534714	0.553869	1	1	0.999998	0.998274	0.909014	1
-0.00390985	-0.400262	0.688966	0.725731	1	1	1	0.997829	0.780829	1
0.0130863	1.3564	0.174981	0.174981	1	1	0.961991	0.944159	0.957615	1
-0.0182732	-1.85626	0.0634263	0.0634263	1	1	0.671744	0.671744	0.711238	1
-0.015069	-1.52662	0.126866	0.126866	1	1	0.900373	0.869318	0.592463	1
0.00609436	0.618746	0.536088	0.591192	1	1	0.999998	0.996409	0.8285	1
0.00979998	0.993582	0.320434	0.352043	1	1	0.998594	0.992961	0.809434	1
-0.00641857	-0.6517	0.5146	0.553139	1	1	0.999995	0.995968	0.729016	1
0.00142946	0.146377	0.883625	0.883625	1	1	1	0.99924	0.964928	1
0.00179765	0.185466	0.852865	0.865292	1	1	1	0.997708	0.852865	1
0.00884825	0.902855	0.36661	0.36661	1	1	0.999575	0.993418	0.816168	1
0.00779741	0.794415	0.42696	0.42696	1	1	0.999923	0.998458	0.90729	1
0.0196345	2.00056	0.0454485	0.0480569	0.772624	0.772624	0.546487	0.546487	0.519525	1
0.00606152	0.623728	0.532811	0.655768	1	1	0.999998	0.994009	0.696753	1
0.00680047	0.698381	0.484944	0.602914	1	1	0.999987	0.989038	0.68699	1
-0.00351436	-0.360337	0.718597	0.718597	1	1	1	0.999503	0.883984	1
0.0100162	1.01704	0.309144	0.499499	1	1	0.99814	0.97681	0.583939	1
-0.0165603	-1.71929	0.0855717	0.158445	1	1	0.781453	0.781453	0.552445	1
-0.00993336	-1.00233	0.316193	0.380889	1	1	0.998437	0.992853	0.815159	1
-0.00262088	-0.269184	0.78779	0.78779	1	1	1	0.999996	0.962115	1
0.00615053	0.629666	0.528918	0.528918	1	1	0.999997	0.999462	0.920673	1
-0.00454342	-0.463996	0.642654	0.767094	1	1	1	0.999256	0.813014	1
-0.00562983	-0.572339	0.567097	0.567097	1	1	0.999999	0.999388	0.889898	1
-0.00671024	-0.677983	0.497788	0.497788	1	1	0.999992	0.999064	0.93067	1
0.00865483	0.876719	0.380646	0.380646	1	1	0.99971	0.996814	0.993954	1
-0.0065679	-0.695831	0.48654	0.48654	1	1	0.999988	0.99895	0.913711	1
-0.00584329	-0.601262	0.54767	0.54767	1	1	0.999999	0.999967	0.9825	1
0.00326193	0.33149	0.740277	0.740277	1	1	1	0.999655	0.901177	1
0.00094541	0.0973201	0.922473	0.923766	1	1	1	0.999965	0.925938	1
-0.00927457	-0.948758	0.342751	0.463708	1	1	0.999203	0.986124	0.690113	1
0.00237966	0.24958	0.802914	0.802914	1	1	1	0.999895	0.964363	1
-0.00673548	-0.696591	0.486064	0.486064	1	1	0.999988	0.998714	0.941257	1
-0.0141272	-1.4285	0.153157	0.153157	1	1	0.940755	0.902447	0.650917	1
-0.00605103	-0.619058	0.535883	0.535883	1	1	0.999998	0.999765	0.942637	1
0.0036394	0.369337	0.711879	0.711879	1	1	1	0.998762	0.872124	1
0.00610749	0.623224	0.533142	0.533142	1	1	0.999998	0.99977	0.963231	1
0.0188824	1.93878	0.0525378	0.0767824	0.893142	0.893142	0.600467	0.600467	0.72471	1
0.00840838	0.87024	0.384176	0.384176	1	1	0.999737	0.998168	0.851103	1
0.00499203	0.506079	0.612805	0.612805	1	1	1	0.999508	0.832146	1
-0.00425766	-0.43249	0.665388	0.690788	1	1	1	0.998596	0.843465	1
-0.00145344	-0.14788	0.882438	0.882438	1	1	1	0.999978	0.981687	1
-0.000834349	-0.0860624	0.931417	0.931417	1	1	1	0.999941	0.931417	1
-0.00204717	-0.210246	0.833477	0.833477	1	1	1	0.999972	0.9456	1
-0.0158388	-1.61586	0.106135	0.260518	1	1	0.851535	0.851535	0.553075	1
-0.00688315	-0.698397	0.484934	0.484934	1	1	0.999987	0.999908	0.954595	1
-0.00016896	-0.0173449	0.986162	0.986162	1	1	1	0.999966	0.986162	1
-0.011675	-1.18132	0.237485	0.237485	1	1	0.990041	0.978543	0.829672	1
0.0189158	1.91746	0.0551886	0.0551886	0.938206	0.827828	0.61905	0.573246	0.312735	1
0.0035023	0.35642	0.721529	0.721529	1	1	1	0.99998	0.953744	1
-0.00505385	-0.519027	0.603745	0.603745	1	1	1	0.999905	0.958948	1
-0.00477429	-0.484623	0.627947	0.682444	1	1	1	0.999139	0.968515	1
0.0078478	0.796456	0.425773	0.425773	1	1	0.99992	0.996102	0.807447	1
-0.0136179	-1.42442	0.154335	0.386615	1	1	0.942141	0.866223	0.437283	1
0.0109571	1.11666	0.264148	0.453541	1	1	0.994562	0.965747	0.573651	1
-0.000429151	-0.0433972	0.965385	0.965385	1	1	1	0.999673	0.994805	1
-0.00522607	-0.535678	0.592185	0.592185	1	1	1	0.99841	0.836563	1
-0.00147313	-0.149929	0.880822	0.880822	1	1	1	0.999997	0.976442	1
0.0017388	0.176507	0.859897	0.862347	1	1	1	0.99963	0.932232	1
0.0168129	1.72066	0.085322	0.085322	1	1	0.780436	0.759955	0.725237	1
0.00254543	0.257279	0.796965	0.813335	1	1	1	0.999655	0.955217	1
-0.0051763	-0.536546	0.591585	0.644016	1	1	1	0.998105	0.902481	1
0.00680933	0.690433	0.489927	0.567247	1	1	0.999989	0.995418	0.779664	1
-0.0161478	-1.63979	0.101059	0.101059	1	1	0.836532	0.725936	0.286333	0.984858
-0.00490873	-0.499896	0.617152	0.626929	1	1	1	0.998794	0.76744	1
0.00314875	0.320902	0.748287	0.748287	1	1	1	0.999982	0.870636	1
-0.0097842	-0.998033	0.318271	0.346143	1	1	0.998516	0.99313	0.717691	1
0.000323467	0.0333733	0.973377	0.973377	1	1	1	0.999841	0.973377	1
0.0099013	1.01632	0.309485	0.411672	1	1	0.998155	0.975355	0.657656	1
-2.75471e-05	-0.00279071	0.997773	0.997773	1	1	1	0.999973	0.997773	1
-0.00768818	-0.780746	0.434958	0.499499	1	1	0.999939	0.995963	0.805417	1
0.00107169	0.109992	0.912417	0.927279	1	1	1	0.998729	0.937426	1
0.00763472	0.774501	0.438641	0.499499	1	1	0.999945	0.994464	0.76885	1
0.010456	1.05823	0.28996	0.426207	1	1	0.997036	0.969033	0.616164	1
-0.00186116	-0.188574	0.850428	0.850428	1	1	1	0.999989	0.953279	1
-0.00655373	-0.663488	0.507023	0.507023	1	1	0.999994	0.999152	0.863165	1
0.00222929	0.228456	0.819293	0.819293	1	1	1	0.999807	0.974921	1
-0.000511677	-0.0523686	0.958235	0.958235	1	1	1	0.999998	0.970551	1
-0.0116404	-1.18452	0.236217	0.290422	1	1	0.989755	0.973237	0.716152	1
0.0156111	1.576	0.115037	0.189008	1	1	0.874765	0.858486	0.577922	1
0.00203265	0.207689	0.835474	0.84046	1	1	1	0.998464	0.920194	1
-0.0139943	-1.42428	0.154375	0.214759	1	1	0.942187	0.886939	0.446042	1
-0.00326192	-0.331173	0.740516	0.760036	1	1	1	0.999094	0.880547	1
-0.0111651	-1.14752	0.251177	0.335067	1	1	0.992681	0.986948	0.796136	1
-0.00995589	-1.01512	0.310055	0.423653	1	1	0.998181	0.987909	0.739666	1
0.0046633	0.478242	0.632481	0.632481	1	1	1	0.999683	0.896015	1
0.0120117	1.23136	0.2182	0.2182	1	1	0.984772	0.980522	0.932586	1
0.0104673	1.07831	0.280902	0.461314	1	1	0.996324	0.986252	0.567463	1
-0.0109237	-1.11142	0.266394	0.266394	1	1	0.994837	0.990407	0.917713	1
0.00229941	0.234952	0.814247	0.814247	1	1	1	0.999779	0.946913	1
0.0034829	0.353298	0.723867	0.723867	1	1	1	0.999557	0.986533	1
0.00593318	0.599838	0.548618	0.548618	1	1	0.999999	0.999222	0.843397	1
0.0107473	1.03512	0.300624	0.485904	1	1	0.997709	0.975642	0.596562	1
0.0127792	1.26267	0.206718	0.382512	1	1	0.980489	0.957484	0.576955	1
0.00578861	0.564075	0.572708	0.739554	1	1	0.999999	0.993914	0.692921	1
0.00614951	0.601648	0.547414	0.681741	1	1	0.999999	0.976525	0.663497	1
0.0184085	1.77383	0.076102	0.225219	1	1	0.739619	0.739619	0.610726	1
0.0205322	2.04731	0.040637	0.040637	0.690829	0.690829	0.506019	0.506019	0.354395	1
0.010083	0.990154	0.322108	0.496199	1	1	0.998652	0.979507	0.569216	1
0.0119904	1.18971	0.234171	0.419742	1	1	0.989279	0.959301	0.562174	1
0.0186308	1.80771	0.0706635	0.251455	1	1	0.712299	0.666884	0.394195	1
0.0183706	1.79857	0.0720972	0.168925	1	1	0.719752	0.719752	0.467115	1
0.00971038	0.986536	0.323879	0.391941	1	1	0.998711	0.980036	0.688243	1
0.0103193	1.06216	0.288173	0.288173	1	1	0.996907	0.986099	0.774597	1
0.000889545	0.085378	0.931961	0.951917	1	1	1	0.999508	0.966212	1
0.00367833	0.356325	0.7216	0.756247	1	1	1	0.999534	0.907103	1
-0.00399122	-0.393832	0.693708	0.755826	1	1	1	0.997304	0.843398	1
-0.000417437	-0.0403512	0.967813	0.978367	1	1	1	0.999167	0.967813	1
