0	0	0	0	0	0	0	0	0	0
0.0239125	0.471804	0.63707	0.63707	1	1	1	0.999843	0.955276	1
0.0140981	0.402282	0.687479	0.687479	1	1	1	0.999847	0.976735	1
0.0274948	0.483349	0.628852	0.685711	1	1	1	0.99903	0.866394	1
0.0247043	0.471788	0.637081	0.686389	1	1	1	0.999171	0.873089	1
0.027151	0.565851	0.571499	0.617261	1	1	0.999999	0.998863	0.899275	1
0.0170648	0.528398	0.597226	0.597226	1	1	1	0.999721	0.986217	1
0.0645896	1.01465	0.310279	0.499499	1	1	0.998191	0.971635	0.564021	1
0.0333555	1.00969	0.312652	0.480188	1	1	0.998294	0.976462	0.528184	1
0.0525206	0.958731	0.337701	0.379351	1	1	0.999092	0.983762	0.717615	1
0.0275452	0.979571	0.327305	0.404801	1	1	0.998817	0.981025	0.695523	1
0.00435031	0.0917698	0.926881	0.957537	1	1	1	0.997322	0.926881	1
0.0144062	0.309661	0.75682	0.852117	1	1	1	0.99925	0.931134	1
-0.0569868	-1.00824	0.313345	0.495104	1	1	0.998323	0.976698	0.601213	1
-0.139957	-2.45436	0.0141188	0.0224218	0.24002	0.225901	0.214733	0.203487	0.12001	0.412781
0.0245527	0.45734	0.64743	0.64743	1	1	1	0.999323	0.969605	1
0.0107659	0.203097	0.839061	0.873013	1	1	1	0.999861	0.946763	1
-0.0275452	-0.464827	0.642058	0.642058	1	1	1	0.99844	0.727666	1
-0.0581215	-0.987961	0.323179	0.499499	1	1	0.998688	0.970197	0.610449	1
-0.0537464	-0.875802	0.381144	0.381144	1	1	0.999714	0.996844	0.932667	1
-0.10528	-1.74542	0.0809206	0.30182	1	1	0.761767	0.693139	0.343913	1
-0.00658226	-0.102414	0.918428	0.918428	1	1	1	0.999044	0.918428	1
0.00391613	0.0599041	0.952232	0.952402	1	1	1	0.999894	0.952232	1
-0.033889	-0.557094	0.577467	0.608512	1	1	1	0.998689	0.838282	1
0.0326949	0.538373	0.590323	0.590323	1	1	1	0.999675	0.784807	1
0.02525	0.486333	0.626735	0.711154	1	1	1	0.993269	0.819576	1
0.0124052	0.261543	0.793675	0.819635	1	1	1	0.998816	0.899499	1
0.0506086	1.07394	0.282857	0.282857	1	1	0.99649	0.981496	0.801428	1
0.0960223	1.96677	0.0492186	0.194606	0.836715	0.738278	0.575994	0.530959	0.278905	0.959309
0.0971046	1.97178	0.0486435	0.115842	0.82694	0.82694	0.571614	0.571614	0.69463	1
0.027848	0.477528	0.632989	0.632989	1	1	1	0.999879	0.887629	1
0.00434879	0.0737354	0.941221	0.941221	1	1	1	0.999952	0.942702	1
0.0404383	0.696454	0.48615	0.522333	1	1	0.999988	0.998821	0.826454	1
0.076616	1.32712	0.184479	0.184479	1	1	0.968782	0.942444	0.784035	1
0.080846	1.24436	0.213377	0.380995	1	1	0.983094	0.94387	0.604569	1
-0.0501042	-0.771909	0.440174	0.440174	1	1	0.999948	0.998307	0.975012	1
-0.0108532	-0.169974	0.865032	0.896462	1	1	1	0.999627	0.920932	1
-0.0412099	-0.637908	0.523538	0.523538	1	1	0.999997	0.998848	0.931599	1
0.0115361	0.212187	0.831963	0.840932	1	1	1	0.999942	0.974107	1
0.0116702	0.211078	0.832828	0.870548	1	1	1	0.995783	0.833281	1
0.0804728	1.4486	0.147458	0.147458	1	1	0.9336	0.892842	0.626695	1
0.0363597	0.650609	0.515303	0.515303	1	1	0.999996	0.998658	0.815544	1
0.0563775	0.918522	0.358353	0.398928	1	1	0.99947	0.996708	0.835351	1
0.151827	2.4614	0.0138448	0.0188745	0.235362	0.221517	0.211014	0.199937	0.117681	0.404769
0.00882663	0.145109	0.884626	0.89858	1	1	1	0.999823	0.990986	1
-0.00925113	-0.156324	0.875778	0.875778	1	1	1	0.999881	0.912808	1
-0.0619042	-1.03396	0.301161	0.301161	1	1	0.997738	0.995369	0.988689	1
0.100331	1.63299	0.10248	0.106958	1	1	0.840871	0.802458	0.580721	1
-0.0727122	-1.27444	0.202518	0.202518	1	1	0.978657	0.957918	0.747601	1
-0.111878	-1.93391	0.0531329	0.0531329	0.903259	0.796994	0.604712	0.559105	0.301086	1
-0.00392235	-0.0609327	0.951413	0.966598	1	1	1	0.99344	0.951413	1
0.0489034	0.806338	0.420054	0.420054	1	1	0.999905	0.99916	0.986543	1
0.0857608	1.36417	0.172523	0.382191	1	1	0.960019	0.908999	0.393935	1
0.0391542	0.622212	0.533807	0.548959	1	1	0.999998	0.998452	0.762538	1
-0.0136263	-0.228956	0.818905	0.842699	1	1	1	0.997429	0.870086	1
-0.0503942	-0.843187	0.39913	0.39913	1	1	0.999827	0.996314	0.853592	1
-0.0246836	-0.396902	0.691442	0.703293	1	1	1	0.999351	0.850344	1
-0.139727	-2.32675	0.0199849	0.0535969	0.339743	0.339743	0.290492	0.290492	0.339743	1
0.0787706	1.35916	0.174106	0.220412	1	1	0.9613	0.91682	0.571081	1
-0.00666828	-0.113256	0.909828	0.922076	1	1	1	0.998932	0.91345	1
0.0122074	0.191383	0.848227	0.868466	1	1	1	0.999864	0.985853	1
-0.0455089	-0.709708	0.47789	0.551982	1	1	0.999984	0.994478	0.790506	1
-0.0530004	-0.836299	0.402993	0.402993	1	1	0.999845	0.999269	0.871101	1
0.11116	1.73042	0.0835649	0.199778	1	1	0.773155	0.729899	0.391703	1
-0.015821	-0.253065	0.80022	0.80022	1	1	1	0.99882	0.906916	1
0.0823111	1.30087	0.193312	0.407168	1	1	0.974058	0.93874	0.546358	1
0.0264974	0.413186	0.679473	0.679473	1	1	1	0.998355	0.72194	1
0.0179823	0.285809	0.775026	0.775026	1	1	1	0.999782	0.928112	1
-0.0279573	-0.489591	0.624427	0.765185	1	1	1	0.999604	0.906941	1
-0.064915	-1.14353	0.252827	0.341192	1	1	0.99295	0.977381	0.696766	1
0.0582805	0.956224	0.338966	0.441433	1	1	0.999121	0.993039	0.758516	1
-0.00068512	-0.0118836	0.990519	0.990519	1	1	1	0.999998	0.996035	1
0.0385368	0.619614	0.535517	0.535517	1	1	0.999998	0.998482	0.82549	1
-0.00284645	-0.0464266	0.962971	0.962971	1	1	1	0.99939	0.962971	1
0.0452144	0.728799	0.46613	0.46613	1	1	0.999977	0.998119	0.912212	1
0.0642155	1.02619	0.304809	0.304809	1	1	0.997931	0.991142	0.870011	1
0.0133435	0.212387	0.831807	0.86611	1	1	1	0.999639	0.942714	1
0.0249537	0.395441	0.69252	0.69252	1	1	1	0.999992	0.901914	1
0.0245236	0.49818	0.618361	0.618361	1	1	1	0.999963	0.979519	1
0.00384244	0.0772419	0.938432	0.938432	1	1	1	0.999965	0.938432	1
-0.0207436	-0.375508	0.707285	0.707285	1	1	1	0.999946	0.962448	1
-0.0406577	-0.717689	0.472954	0.472954	1	1	0.999981	0.998346	0.827431	1
0.0652679	1.07771	0.281173	0.281173	1	1	0.996347	0.990166	0.831685	1
0.0101058	0.166262	0.867952	0.867952	1	1	1	0.999954	0.999248	1
0.0134902	0.275304	0.783084	0.783084	1	1	1	0.999977	0.977677	1
0.0580098	1.17777	0.238898	0.238898	1	1	0.99035	0.962216	0.676879	1
0.016459	0.317234	0.751068	0.751068	1	1	1	0.999849	0.966407	1
0.0654285	1.26547	0.205711	0.3216	1	1	0.980064	0.932686	0.437136	1
-0.0279434	-0.453651	0.650083	0.70171	1	1	1	0.999755	0.835451	1
0.0532415	0.895063	0.37076	0.391777	1	1	0.99962	0.996147	0.840575	1
0.0476747	0.919431	0.357877	0.455301	1	1	0.999464	0.995086	0.76622	1
0.039854	0.744387	0.456648	0.499499	1	1	0.999969	0.997411	0.862557	1
0.0230743	0.409928	0.681862	0.681862	1	1	1	0.999891	0.936229	1
0.0266652	0.477284	0.633163	0.65935	1	1	1	0.999106	0.752768	1
-0.0418767	-0.680054	0.496475	0.496475	1	1	0.999991	0.998952	0.993478	1
-0.063678	-1.02736	0.30426	0.340657	1	1	0.997903	0.99105	0.769853	1
-0.0217753	-0.423786	0.671724	0.671724	1	1	1	0.999664	0.879774	1
0.0047802	0.0941992	0.924952	0.924952	1	1	1	0.999913	0.924952	1
0.0013575	0.0231975	0.981493	0.981493	1	1	1	0.999989	0.981493	1
0.0134927	0.231773	0.816716	0.837384	1	1	1	0.997212	0.86776	1
0.0512647	0.926739	0.354069	0.412115	1	1	0.999407	0.991833	0.782934	1
0.0348595	0.623005	0.533286	0.638285	1	1	0.999998	0.98737	0.607434	1
0.0435393	0.728091	0.466563	0.499499	1	1	0.999977	0.998679	0.803438	1
-0.0819096	-1.40491	0.160059	0.160059	1	1	0.94845	0.926931	0.906999	1
-0.0187913	-0.314836	0.752888	0.752888	1	1	1	0.999464	0.799943	1
-0.080652	-1.34019	0.180193	0.304788	1	1	0.965873	0.938061	0.647179	1
0.0698981	1.14909	0.250526	0.419669	1	1	0.992572	0.944081	0.532369	1
0.039247	0.631297	0.527851	0.583523	1	1	0.999997	0.995493	0.81577	1
0.00781864	0.14338	0.885991	0.885991	1	1	1	0.999974	0.976991	1
0.0828127	1.51455	0.129896	0.129896	1	1	0.90609	0.89207	0.862497	1
0.0433229	0.730612	0.465022	0.499499	1	1	0.999976	0.996573	0.878374	1
0.00747939	0.128403	0.897831	0.925427	1	1	1	0.999336	0.897831	1
0.00379728	0.0666107	0.946892	0.946892	1	1	1	0.999977	0.975769	1
0.0475784	0.859448	0.3901	0.393065	1	1	0.999776	0.997351	0.938416	1
0.0809938	1.38602	0.165749	0.165749	1	1	0.954076	0.920904	0.704434	1
-0.00580045	-0.102994	0.917968	0.931511	1	1	1	0.999302	0.965687	1
0.0581001	0.997005	0.318769	0.499499	1	1	0.998534	0.972844	0.60212	1
0.0244538	0.428996	0.667929	0.764342	1	1	1	0.999424	0.873445	1
0.0473514	0.773166	0.43943	0.43943	1	1	0.999947	0.999037	0.960185	1
0.0838101	1.37958	0.167725	0.167725	1	1	0.95589	0.936321	0.889486	1
0.0508768	0.867586	0.385628	0.6149	1	1	0.999747	0.966961	0.59597	1
0.0283685	0.492467	0.622392	0.637167	1	1	1	0.998905	0.918529	1
0.0635824	1.05053	0.293482	0.499499	1	1	0.997277	0.970102	0.554355	1
0.044014	0.755565	0.449916	0.643466	1	1	0.999961	0.954157	0.517065	1
-0.0334301	-0.539076	0.589838	0.687818	1	1	1	0.994061	0.727737	1
-0.0478186	-0.79137	0.428734	0.575934	1	1	0.999927	0.985819	0.662589	1
-0.0126135	-0.193745	0.846377	0.916022	1	1	1	0.998823	0.899276	1
-0.00953984	-0.149064	0.881504	0.919607	1	1	1	0.996462	0.881504	1
0.00932186	0.141669	0.887342	0.902126	1	1	1	0.999912	0.931221	1
0.0357841	0.551117	0.581558	0.607159	1	1	1	0.997754	0.834228	1
-0.0169869	-0.317276	0.751036	0.825264	1	1	1	0.99963	0.911972	1
0.0028257	0.0522107	0.958361	0.958361	1	1	1	0.999978	0.980378	1
0.0203195	0.375946	0.70696	0.785908	1	1	1	0.997839	0.915452	1
0.0572729	1.07979	0.280243	0.352281	1	1	0.996266	0.981572	0.794022	1
-0.128976	-2.24452	0.0248055	0.0248055	0.421694	0.396888	0.347544	0.330948	0.210847	0.725219
-0.047795	-0.836089	0.403111	0.499499	1	1	0.999845	0.990383	0.761432	1
0.060812	1.05127	0.293143	0.397755	1	1	0.997254	0.977989	0.682665	1
0.0665721	1.08022	0.280054	0.280054	1	1	0.996249	0.98604	0.813731	1
-0.0266017	-0.435122	0.663477	0.663477	1	1	1	0.999511	0.945148	1
0.073185	1.2346	0.216987	0.216987	1	1	0.984366	0.974501	0.741579	1
0.030558	0.521792	0.601819	0.601819	1	1	1	0.999713	0.762116	1
-0.0606139	-1.08809	0.276564	0.276564	1	1	0.995928	0.99222	0.973302	1
-0.0615649	-0.968165	0.332969	0.452341	1	1	0.998976	0.988369	0.680466	1
-0.0187911	-0.335549	0.737213	0.737213	1	1	1	0.999723	0.89519	1
-0.0348337	-0.571742	0.567501	0.567501	1	1	0.999999	0.99922	0.80396	1
-0.0139519	-0.205557	0.837139	0.837139	1	1	1	0.999885	0.915152	1
-0.0189834	-0.320875	0.748307	0.748758	1	1	1	0.999774	0.929928	1
-0.00600129	-0.0980878	0.921863	0.949145	1	1	1	0.999688	0.967678	1
0.0264881	0.398696	0.69012	0.69012	1	1	1	0.999507	0.795932	1
0.0386834	0.628834	0.529462	0.529462	1	1	0.999997	0.998537	0.72642	1
-0.0107232	-0.178929	0.857994	0.895727	1	1	1	0.999614	0.958977	1
-0.0927852	-1.45166	0.146607	0.146607	1	1	0.932464	0.907266	0.75582	1
0.0275883	0.460257	0.645335	0.705423	1	1	1	0.991464	0.74286	1
0.0108415	0.189787	0.849477	0.926569	1	1	1	0.995811	0.849477	1
-0.0368752	-0.616064	0.537857	0.682889	1	1	0.999998	0.990258	0.706988	1
0.0138684	0.24385	0.807348	0.887926	1	1	1	0.992359	0.857808	1
0.0535252	0.926208	0.354345	0.672718	1	1	0.999411	0.927556	0.501989	1
-0.0220218	-0.359304	0.71937	0.800575	1	1	1	0.996595	0.815286	1
0.0490012	0.843495	0.398958	0.499499	1	1	0.999826	0.989764	0.753587	1
0.00277863	0.0460198	0.963295	0.973394	1	1	1	0.999392	0.963295	1
0.0142245	0.234117	0.814895	0.873939	1	1	1	0.993658	0.864934	1
-0.0111745	-0.184512	0.853613	0.865731	1	1	1	0.999933	0.937668	1
0.0748988	1.23495	0.216859	0.373903	1	1	0.984323	0.94678	0.580376	1
0.070179	1.09747	0.272443	0.546888	1	1	0.995515	0.921488	0.463153	1
0.0888671	1.45999	0.144303	0.268892	1	1	0.929297	0.887156	0.613289	1
0.100221	1.86712	0.0618934	0.138992	1	0.928402	0.66249	0.616485	0.35073	1
0.125693	2.19448	0.0282083	0.0282083	0.479541	0.394916	0.385185	0.330077	0.119885	0.412351
0.0630465	1.03814	0.299214	0.382585	1	1	0.997629	0.971434	0.635829	1
-0.0452642	-0.704439	0.481164	0.584498	1	1	0.999986	0.991503	0.707625	1
0.0380569	0.735077	0.462298	0.682347	1	1	0.999974	0.987005	0.665868	1
0.123481	2.2298	0.0257675	0.0257675	0.438047	0.41228	0.3584	0.34143	0.219024	0.753343
-0.0304745	-0.59188	0.553935	0.594723	1	1	0.999999	0.998433	0.94169	1
0.030891	0.581951	0.560604	0.690437	1	1	0.999999	0.996838	0.802529	1
0.109029	1.98065	0.0476385	0.201587	0.809855	0.66694	0.563855	0.495077	0.169713	0.583737
0.0147322	0.309551	0.756905	0.756905	1	1	1	0.999794	0.981219	1
0.0123543	0.202697	0.839373	0.839373	1	1	1	0.999969	0.985345	1
0.015186	0.308101	0.758008	0.758008	1	1	1	0.999881	0.847752	1
0.000970119	0.0193882	0.984532	0.984532	1	1	1	0.999971	0.99418	1
0.0486766	0.831197	0.405869	0.405869	1	1	0.999857	0.998851	0.901231	1
0.0927912	1.67294	0.0943492	0.177646	1	1	0.814505	0.79518	0.59792	1
0.0577877	0.94883	0.342714	0.499499	1	1	0.999202	0.977103	0.647349	1
0.0142219	0.249472	0.802998	0.831082	1	1	1	0.999372	0.910064	1
0.0635376	1.05351	0.292115	0.371461	1	1	0.997186	0.991045	0.804748	1
0.0223794	0.342114	0.732267	0.790899	1	1	1	0.994081	0.829903	1
0.0373003	0.759788	0.447387	0.447387	1	1	0.999958	0.998532	0.971022	1
0.145257	2.63522	0.00841237	0.00841237	0.14301	0.126186	0.133779	0.119019	0.0476701	0.163964
0.106294	2.0976	0.0359487	0.152749	0.611129	0.539231	0.463336	0.422567	0.20371	0.70067
0.018606	0.357971	0.720367	0.804652	1	1	1	0.99007	0.720367	1
0.0467536	0.933159	0.350745	0.456222	1	1	0.999353	0.986691	0.745333	1
0.0542622	1.07755	0.281243	0.394464	1	1	0.996353	0.966668	0.597641	1
0.0550144	1.2122	0.225443	0.246043	1	1	0.987001	0.972027	0.713638	1
-0.0313477	-0.543571	0.58674	0.58674	1	1	1	0.999149	0.844399	1
0.0249847	0.534881	0.592736	0.592736	1	1	1	0.999243	0.893126	1
-0.0716141	-1.33529	0.181792	0.261373	1	1	0.966987	0.909975	0.515078	1
0.0800711	1.3078	0.19095	0.323458	1	1	0.972736	0.936367	0.577395	1
0.108724	2.26596	0.0234602	0.0545389	0.398823	0.375363	0.332073	0.316027	0.174602	0.600551
0.0422662	0.67034	0.502646	0.522478	1	1	0.999993	0.998484	0.776816	1
0.0714731	1.24048	0.214806	0.25209	1	1	0.983609	0.966141	0.826857	1
0.0114584	0.197006	0.843824	0.85486	1	1	1	0.999987	0.996643	1
0.0380412	0.593246	0.553021	0.553021	1	1	0.999999	0.998461	0.882085	1
0.0179467	0.352974	0.72411	0.799697	1	1	1	0.99911	0.881452	1
0.0796966	1.48396	0.13783	0.237059	1	1	0.919632	0.854552	0.468622	1
0.0199974	0.400598	0.688719	0.688719	1	1	1	0.999912	0.883685	1
-0.0287492	-0.526111	0.598815	0.643662	1	1	1	0.999329	0.948634	1
0.0548952	0.997975	0.318299	0.499499	1	1	0.998517	0.976228	0.545434	1
-0.0228324	-0.484691	0.627899	0.677653	1	1	1	0.99638	0.762885	1
-0.0215914	-0.355648	0.722107	0.801902	1	1	1	0.998892	0.80508	1
0.0136538	0.278074	0.780957	0.780957	1	1	1	0.999954	0.986308	1
-0.0142514	-0.297723	0.765917	0.776658	1	1	1	0.999297	0.872542	1
-0.0541344	-0.929768	0.352498	0.382992	1	1	0.999382	0.994569	0.735024	1
0.0600113	1.07011	0.284577	0.490216	1	1	0.99663	0.964874	0.544761	1
0.0505182	0.847358	0.396802	0.499499	1	1	0.999815	0.993231	0.749515	1
0.0895174	1.52702	0.126767	0.258938	1	1	0.900181	0.80341	0.359173	1
-0.064283	-1.0578	0.290154	0.389944	1	1	0.99705	0.983633	0.660316	1
-0.0282799	-0.438731	0.660859	0.745076	1	1	1	0.996294	0.802472	1
-0.0130866	-0.256454	0.797602	0.865586	1	1	1	0.998322	0.943241	1
0.0961934	1.73752	0.0823051	0.278815	1	1	0.767795	0.6726	0.233387	0.802748
0.113578	2.23544	0.0253956	0.0253956	0.431726	0.40633	0.354224	0.337397	0.192299	0.661424
0.02043	0.40846	0.682939	0.731309	1	1	1	0.992781	0.828664	1
0.0482974	0.85447	0.392851	0.531573	1	1	0.999793	0.981534	0.662021	1
0.00259002	0.0504367	0.959775	0.965941	1	1	1	0.993138	0.959775	1
0.0650772	1.47044	0.141453	0.141453	1	1	0.925185	0.906426	0.752625	1
0.0390392	0.688245	0.491304	0.491304	1	1	0.99999	0.99884	0.909306	1
0.0820962	1.78051	0.0750018	0.154448	1	1	0.734298	0.712754	0.637515	1
0.0309498	0.576331	0.564395	0.716548	1	1	0.999999	0.99556	0.74282	1
0.0355309	0.603352	0.546279	0.546279	1	1	0.999999	0.999185	0.847364	1
0.0659651	1.3616	0.173332	0.205448	1	1	0.960679	0.898148	0.491108	1
0.0502703	0.741506	0.458392	0.499499	1	1	0.99997	0.996535	0.801913	1
-0.0257639	-0.397371	0.691097	0.691097	1	1	1	0.998857	0.865421	1
-0.0441215	-0.649674	0.515908	0.5371	1	1	0.999996	0.998048	0.877043	1
0.0224179	0.331018	0.740633	0.77177	1	1	1	0.998283	0.787971	1
-0.0234556	-0.352099	0.724767	0.724767	1	1	1	0.999872	0.918867	1
-0.0192462	-0.298802	0.765093	0.816639	1	1	1	0.994877	0.867105	1
0.0675967	1.00473	0.315034	0.499499	1	1	0.998392	0.979649	0.595064	1
-0.0665982	-0.987796	0.32326	0.543442	1	1	0.99869	0.956008	0.549542	1
0.0674946	1.00321	0.315765	0.346812	1	1	0.998421	0.977507	0.671001	1
0.00386512	0.0569883	0.954555	0.954555	1	1	1	0.99999	0.965567	1
-0.0422546	-0.627749	0.530173	0.538767	1	1	0.999997	0.998539	0.859056	1
0.0111187	0.163877	0.869829	0.895493	1	1	1	0.999138	0.928047	1
0.0199356	0.298434	0.765374	0.804232	1	1	1	0.99907	0.851506	1
-0.0540456	-0.792916	0.427833	0.499499	1	1	0.999925	0.993428	0.808129	1
-0.085242	-1.29149	0.196544	0.243269	1	1	0.97577	0.953283	0.684686	1
-0.0032714	-0.0500402	0.960091	0.960091	1	1	1	0.999936	0.989431	1
-0.0467426	-0.700587	0.483566	0.483566	1	1	0.999987	0.998651	0.978436	1
0.0320841	0.494133	0.621216	0.621216	1	1	1	0.999098	0.880056	1
-0.0525888	-0.778619	0.43621	0.499499	1	1	0.999941	0.994245	0.782207	1
0.00189203	0.0288159	0.977012	0.981498	1	1	1	0.999753	0.977012	1
-0.0322411	-0.478291	0.632446	0.655073	1	1	1	0.99768	0.827045	1
-0.100854	-1.54854	0.121503	0.194278	1	1	0.889443	0.81438	0.41311	1
-0.0421861	-0.647102	0.517571	0.517571	1	1	0.999996	0.999662	0.818962	1
0.023978	0.358185	0.720207	0.720207	1	1	1	0.999931	0.956423	1
-0.0659357	-1.02936	0.30332	0.428495	1	1	0.997854	0.986926	0.717779	1
-0.0807025	-1.29561	0.195119	0.195119	1	1	0.975029	0.95211	0.829254	1
-0.0504042	-0.773244	0.439384	0.487429	1	1	0.999947	0.996933	0.833078	1
-0.0323767	-0.496075	0.619845	0.730085	1	1	1	0.986497	0.697146	1
-0.0297079	-0.462012	0.644076	0.680748	1	1	1	0.997967	0.847751	1
-0.0605443	-0.879828	0.378959	0.397555	1	1	0.999696	0.996708	0.849673	1
-0.0255357	-0.380919	0.703266	0.816988	1	1	1	0.997699	0.919655	1
0.00355347	0.0523015	0.958289	0.966203	1	1	1	0.990589	0.958289	1
-0.0875554	-1.35394	0.175765	0.322718	1	1	0.9626	0.944949	0.670944	1
-0.0840215	-1.22629	0.220099	0.247095	1	1	0.985389	0.960508	0.626061	1
-0.0945042	-1.39229	0.163846	0.208384	1	1	0.952261	0.883201	0.464229	1
0.0304614	0.456426	0.648087	0.65845	1	1	1	0.998896	0.874284	1
-0.0492833	-0.763613	0.445104	0.445104	1	1	0.999955	0.998464	0.939353	1
0.0278295	0.413203	0.679461	0.679461	1	1	1	0.998915	0.877971	1
-0.105587	-1.5716	0.116054	0.235602	1	1	0.87719	0.842825	0.63622	1
-0.00955203	-0.142428	0.886742	0.896499	1	1	1	0.999432	0.942164	1
0.0179669	0.265479	0.790642	0.790642	1	1	1	0.999946	0.890832	1
-0.0319681	-0.471588	0.637224	0.637224	1	1	1	0.998976	0.85985	1
0.0974041	1.42913	0.152978	0.152978	1	1	0.940542	0.929804	0.636813	1
-0.031045	-0.464984	0.641946	0.649011	1	1	1	0.998964	0.839468	1
-0.0216186	-0.318117	0.750399	0.833091	1	1	1	0.999985	0.976414	1
-0.0731226	-1.10468	0.269306	0.269306	1	1	0.995175	0.990963	0.925984	1
-0.106582	-1.62811	0.103512	0.226621	1	1	0.843953	0.805837	0.586569	1
-0.0212593	-0.319712	0.749189	0.749189	1	1	1	0.999996	0.966311	1
0.0115864	0.178273	0.85851	0.85851	1	1	1	1	0.999562	1
0.00332676	0.0490245	0.9609	0.9609	1	1	1	0.998755	0.984932	1
-0.0429056	-0.64941	0.516078	0.556181	1	1	0.999996	0.996092	0.717547	1
-0.0426787	-0.636794	0.524263	0.61002	1	1	0.999997	0.990054	0.742707	1
-0.0866038	-1.33145	0.183052	0.185315	1	1	0.96784	0.941017	0.66563	1
0.00960287	0.147083	0.883068	0.883301	1	1	1	0.999996	0.999284	1
0.000659112	0.00971259	0.992251	0.992251	1	1	1	0.99988	0.992251	1
-0.0312316	-0.486851	0.626367	0.714599	1	1	1	0.989728	0.709883	1
-0.0442039	-0.707083	0.47952	0.591831	1	1	0.999985	0.994614	0.746474	1
0.00594526	0.0914309	0.927151	0.927151	1	1	1	0.998932	0.927151	1
-0.114823	-1.78193	0.0747698	0.0747698	1	1	0.733162	0.688292	0.423695	1
-0.0119321	-0.184082	0.85395	0.891532	1	1	1	0.995174	0.85395	1
-0.0918707	-1.33494	0.181904	0.181904	1	1	0.967064	0.939847	0.752562	1
-0.00998704	-0.148434	0.882001	0.893579	1	1	1	0.999582	0.938562	1
-0.0685866	-0.955203	0.339483	0.339483	1	1	0.999133	0.996991	0.96303	1
-0.0852048	-1.1822	0.237137	0.289968	1	1	0.989963	0.977393	0.71006	1
-0.0906131	-1.27251	0.203204	0.467077	1	1	0.978967	0.896849	0.431808	1
-0.0293509	-0.411483	0.680722	0.792659	1	1	1	0.963312	0.723267	1
-0.118173	-1.67567	0.0938141	0.374146	1	1	0.812632	0.693375	0.244115	0.839646
-0.108938	-1.53287	0.12532	0.499499	1	1	0.897332	0.70033	0.236715	0.814195
-0.0991442	-1.35649	0.174953	0.323088	1	1	0.961969	0.853855	0.371776	1
-0.0954779	-1.30618	0.191501	0.493019	1	1	0.973051	0.880658	0.371635	1
0.0180144	0.269705	0.787389	0.787389	1	1	1	0.99992	0.985518	1
0.09419	1.43185	0.152199	0.152199	1	1	0.939605	0.939605	0.691119	1
-0.0907127	-1.30419	0.192178	0.431375	1	1	0.973431	0.937611	0.496841	1
0.0289705	0.419658	0.674738	0.674738	1	1	1	0.999891	0.982441	1
-0.0449112	-0.628493	0.529686	0.529686	1	1	0.999997	0.999751	0.943259	1
0.0322002	0.445914	0.655663	0.655663	1	1	1	0.999123	0.743085	1
-0.00796819	-0.140154	0.888539	0.9206	1	1	1	0.991419	0.944073	1
-0.0452511	-0.704371	0.481207	0.590744	1	1	0.999986	0.991246	0.68171	1
-0.139875	-2.08081	0.0374601	0.0513182	0.636822	0.561901	0.477461	0.435997	0.18208	0.626274
-0.0205335	-0.313812	0.753666	0.753666	1	1	1	0.999945	0.955929	1
-0.1289	-1.91086	0.0560324	0.074553	0.95255	0.840486	0.624793	0.578928	0.317517	1
-0.0761189	-1.09798	0.272223	0.272223	1	1	0.995492	0.983932	0.900618	1
-0.0548928	-0.915155	0.360118	0.474858	1	1	0.999495	0.992636	0.705513	1
0.0823575	1.22669	0.219947	0.387996	1	1	0.985341	0.9704	0.637084	1
0.0958919	1.41067	0.158352	0.158352	1	1	0.94664	0.936601	0.664583	1
0.0243484	0.37437	0.708132	0.708132	1	1	1	0.999875	0.93343	1
0.065247	1.00082	0.31692	0.31692	1	1	0.998465	0.989681	0.897941	1
0.0151535	0.233788	0.815152	0.836736	1	1	1	0.99986	0.964742	1
0.045745	0.713384	0.475614	0.584388	1	1	0.999983	0.994282	0.808543	1
-0.116571	-1.77076	0.0766103	0.21981	1	0.995934	0.742044	0.645182	0.218813	0.75262
-0.138443	-2.10233	0.0355326	0.0633865	0.604054	0.532988	0.459384	0.418816	0.201351	0.692558
0.017183	0.263663	0.792041	0.792041	1	1	1	0.998554	0.897647	1
-0.0088328	-0.136617	0.891334	0.93807	1	1	1	0.997772	0.93664	1
0.0547384	0.804994	0.420829	0.499245	1	1	0.999907	0.995753	0.77604	1
-0.0248937	-0.36796	0.712905	0.712905	1	1	1	0.999833	0.933285	1
0.0178603	0.2602	0.794712	0.812496	1	1	1	0.999882	0.88045	1
-0.048266	-0.701212	0.483176	0.499499	1	1	0.999987	0.997369	0.912666	1
-0.0234612	-0.341733	0.732554	0.792929	1	1	1	0.99931	0.957956	1
-0.0526371	-0.766671	0.443283	0.443283	1	1	0.999953	0.999114	0.977793	1
-0.0132742	-0.203461	0.838776	0.838776	1	1	1	0.999993	0.96004	1
-0.0747734	-1.17606	0.239579	0.239579	1	1	0.990496	0.977382	0.74731	1
-0.0568524	-0.826447	0.408557	0.547867	1	1	0.999867	0.985027	0.694547	1
-0.0459086	-0.670063	0.502823	0.64162	1	1	0.999993	0.979807	0.610571	1
-0.00896482	-0.127454	0.898582	0.898582	1	1	1	0.999968	0.982887	1
-0.0364837	-0.525386	0.599319	0.599319	1	1	1	0.999763	0.873641	1
-0.0637927	-0.971854	0.331131	0.331131	1	1	0.998927	0.991981	0.896669	1
-0.106254	-1.61214	0.106942	0.106942	1	1	0.853798	0.816686	0.606004	1
-0.0853907	-1.23946	0.215186	0.233033	1	1	0.983743	0.973606	0.808272	1
-0.0660063	-0.962173	0.33597	0.33597	1	1	0.999051	0.996759	0.982067	1
-0.0309549	-0.474532	0.635124	0.778825	1	1	1	0.993533	0.699512	1
-0.0428639	-0.656835	0.511292	0.541889	1	1	0.999995	0.996746	0.853412	1
-0.104537	-1.53146	0.125666	0.17165	1	1	0.898021	0.847426	0.534082	1
-0.0773028	-1.1443	0.252509	0.424061	1	1	0.992899	0.969572	0.630394	1
-0.0704537	-1.03436	0.300976	0.403426	1	1	0.997728	0.972144	0.639573	1
-0.0663105	-0.974188	0.329971	0.499499	1	1	0.998894	0.972783	0.593113	1
-0.0391201	-0.638482	0.523165	0.670355	1	1	0.999997	0.975689	0.684139	1
-0.0212068	-0.348534	0.727442	0.792043	1	1	1	0.991021	0.801722	1
-0.152037	-2.19055	0.0284916	0.0932883	0.484357	0.455865	0.388225	0.370284	0.242178	0.832986
-0.0817331	-1.17933	0.238277	0.238277	1	1	0.990215	0.970935	0.810141	1
-0.108458	-1.62662	0.103829	0.207346	1	1	0.844888	0.784488	0.441273	1
-0.104223	-1.57589	0.115062	0.115062	1	1	0.874824	0.819374	0.489012	1
-0.056219	-0.801586	0.422799	0.422799	1	1	0.999912	0.997631	0.869821	1
-0.054878	-0.779382	0.435761	0.483278	1	1	0.99994	0.997756	0.74256	1
-0.0256374	-0.380787	0.703364	0.734888	1	1	1	0.997703	0.845594	1
0.0103608	0.149352	0.881277	0.925843	1	1	1	0.999192	0.881277	1
-0.059734	-0.956213	0.338972	0.411458	1	1	0.999122	0.99304	0.796618	1
0.0118886	0.177509	0.85911	0.887433	1	1	1	0.992403	0.912804	1
0.10905	1.7775	0.0754963	0.0754963	1	1	0.736702	0.691944	0.427812	1
0.135612	2.17853	0.0293742	0.0293742	0.499361	0.440613	0.397605	0.360593	0.166454	0.572526
0.0564887	0.89706	0.369694	0.495087	1	1	0.999609	0.990103	0.707575	1
0.0399077	0.677257	0.498248	0.583917	1	1	0.999992	0.991994	0.77002	1
0.0246038	0.356513	0.721459	0.757573	1	1	1	0.999533	0.890108	1
0.0163288	0.235035	0.814183	0.814183	1	1	1	0.999541	0.814183	1
0.019221	0.290471	0.771458	0.807385	1	1	1	0.995251	0.874319	1
0.0218397	0.329973	0.741422	0.785172	1	1	1	0.998435	0.794824	1
0.0385566	0.599726	0.548693	0.681608	1	1	0.999999	0.970361	0.621852	1
0.0502168	0.752276	0.451891	0.58236	1	1	0.999964	0.980849	0.548725	1
0.0624202	1.01509	0.31007	0.499499	1	1	0.998182	0.96458	0.560318	1
0.0953852	1.57891	0.114368	0.158637	1	1	0.873145	0.767168	0.324042	1
-0.0237809	-0.37497	0.707685	0.836376	1	1	1	0.997247	0.830097	1
-0.0255638	-0.387034	0.698734	0.810732	1	1	1	0.974029	0.742405	1
-0.0859083	-1.43361	0.151693	0.387895	1	1	0.93899	0.92808	0.450527	1
0.0203497	0.329182	0.742021	0.753241	1	1	1	0.997196	0.840957	1
-0.0166166	-0.274012	0.784077	0.784077	1	1	1	0.99985	0.980108	1
-0.00819236	-0.131031	0.895751	0.912612	1	1	1	0.996184	0.951579	1
-0.046094	-0.715411	0.474361	0.692095	1	1	0.999982	0.994172	0.747024	1
0.0376907	0.571066	0.567959	0.5901	1	1	0.999999	0.998786	0.814666	1
0.0103208	0.169925	0.86507	0.86507	1	1	1	0.999472	0.882165	1
0.0705481	1.16045	0.245873	0.245873	1	1	0.991748	0.980759	0.920471	1
0.0419116	0.722846	0.46978	0.499499	1	1	0.999979	0.996688	0.834629	1
0.0603176	1.0238	0.305939	0.497455	1	1	0.997987	0.97661	0.582234	1
0.0166373	0.272838	0.78498	0.821156	1	1	1	0.99957	0.9636	1
0.0156259	0.250575	0.802144	0.854546	1	1	1	0.998312	0.873212	1
-0.00731939	-0.115497	0.908052	0.908052	1	1	1	0.999929	0.987262	1
0.0559078	0.892948	0.371892	0.400192	1	1	0.999631	0.993997	0.870762	1
0.00201756	0.032074	0.974413	0.974413	1	1	1	0.999975	0.974413	1
0.0882109	1.41043	0.158423	0.313573	1	1	0.946717	0.893777	0.53864	1
-0.0593944	-0.977755	0.328203	0.328203	1	1	0.998844	0.981277	0.697432	1
0.04985	0.820961	0.411675	0.411675	1	1	0.999879	0.998071	0.908138	1
0.0726969	1.18055	0.237791	0.397168	1	1	0.990108	0.949555	0.533365	1
0.0175977	0.280116	0.779391	0.779391	1	1	1	0.999639	0.935004	1
0.036688	0.568197	0.569906	0.655663	1	1	0.999999	0.998829	0.852447	1
0.0524727	0.788363	0.43049	0.454867	1	1	0.99993	0.998283	0.787629	1
0.0274523	0.455058	0.649071	0.649071	1	1	1	0.999832	0.958903	1
0.0683053	1.11118	0.2665	0.2665	1	1	0.99485	0.990428	0.814042	1
-0.000875835	-0.0138913	0.988917	0.988917	1	1	1	0.999663	0.988917	1
0.0272431	0.42107	0.673707	0.673707	1	1	1	0.998849	0.818073	1
0.0145756	0.250848	0.801933	0.851557	1	1	1	0.998793	0.908858	1
0.0232293	0.38793	0.698071	0.698071	1	1	1	0.999085	0.847657	1
0.0196163	0.305874	0.759703	0.827	1	1	1	0.997961	0.843698	1
0.097232	1.57384	0.115536	0.420545	1	1	0.875959	0.770827	0.323569	1
0.00340511	0.0521853	0.958381	0.958381	1	1	1	0.999928	0.992071	1
0.0310211	0.458518	0.646583	0.646583	1	1	1	0.999311	0.957103	1
-0.0674116	-0.965015	0.334545	0.620193	1	1	0.999016	0.960143	0.517024	1
-0.0782257	-1.18285	0.236879	0.42558	1	1	0.989905	0.948887	0.529819	1
0.225022	3.29662	0.000979681	0.0194391	0.0166546	0.0166546	0.0165247	0.0165247	0.0166546	0.0572843
-0.0243074	-0.374946	0.707704	0.707704	1	1	1	0.999389	0.849772	1
-0.00365419	-0.0552732	0.955921	0.955921	1	1	1	0.999971	0.963471	1
-0.0253702	-0.379646	0.704211	0.733299	1	1	1	0.995531	0.798106	1
0.0529143	0.754941	0.45029	0.499499	1	1	0.999962	0.995747	0.850548	1
0.10889	1.55219	0.120628	0.16647	1	1	0.887556	0.786168	0.341779	1
-0.0522249	-0.771304	0.440532	0.442125	1	1	0.999948	0.998319	0.772613	1
0.0878787	1.29876	0.194036	0.271087	1	1	0.974452	0.968301	0.803775	1
0.028148	0.450071	0.652663	0.664758	1	1	1	0.998069	0.762138	1
0.0862961	1.34011	0.180219	0.180219	1	1	0.965891	0.958393	0.993432	1
-0.103727	-1.49248	0.135585	0.156129	1	1	0.915999	0.887582	0.653929	1
9.46167e-05	0.0013753	0.998903	0.998903	1	1	1	0.999993	0.998903	1
0.00616762	0.0895319	0.92866	0.92866	1	1	1	0.999965	0.975112	1
-0.029622	-0.436696	0.662335	0.662335	1	1	1	0.9997	0.946285	1
0.0852655	1.3373	0.181135	0.419445	1	1	0.966534	0.888997	0.4399	1
0.00771054	0.118793	0.90544	0.928378	1	1	1	0.995509	0.96203	1
0.0209761	0.2982	0.765552	0.824683	1	1	1	0.989075	0.813399	1
-0.058199	-0.836384	0.402945	0.499499	1	1	0.999844	0.990359	0.745007	1
-0.0282598	-0.401283	0.688214	0.688214	1	1	1	0.999714	0.955518	1
0.027211	0.390439	0.696215	0.696215	1	1	1	0.999927	0.930059	1
0.1505	2.12209	0.033838	0.0522932	0.575247	0.575247	0.443008	0.443008	0.497253	1
0.121566	1.72109	0.0852443	0.245727	1	1	0.780119	0.759629	0.525495	1
0.0527231	0.770627	0.440934	0.512207	1	1	0.999949	0.993363	0.681444	1
0.0515393	0.759954	0.447288	0.605189	1	1	0.999958	0.973082	0.584915	1
0.0202736	0.304125	0.761035	0.761035	1	1	1	0.999966	0.925873	1
0.0512766	0.75842	0.448206	0.448206	1	1	0.999959	0.999203	0.975469	1
-0.0134214	-0.192979	0.846977	0.897561	1	1	1	0.99928	0.899913	1
-0.00847546	-0.12281	0.902259	0.930507	1	1	1	0.999999	0.986981	1
-0.112065	-1.58948	0.111963	0.278407	1	1	0.867161	0.810315	0.475843	1
0.0039059	0.0556559	0.955616	0.955616	1	1	1	0.999984	0.955616	1
0.00010942	0.00163428	0.998696	0.999217	1	1	1	0.999945	0.998696	1
0.0690943	1.0121	0.311498	0.376528	1	1	0.998245	0.98352	0.710765	1
-0.0379201	-0.547841	0.583805	0.640735	1	1	1	0.994803	0.827057	1
-0.0265978	-0.386071	0.699447	0.753847	1	1	1	0.997548	0.842618	1
-0.0190126	-0.272628	0.785141	0.797137	1	1	1	0.998643	0.834212	1
-0.0106575	-0.15123	0.879795	0.880238	1	1	1	0.999198	0.940066	1
-0.0132559	-0.19934	0.841998	0.88448	1	1	1	0.999377	0.957257	1
0.0532771	0.811326	0.417185	0.59048	1	1	0.999897	0.98265	0.607025	1
-0.0961193	-1.36726	0.171554	0.268896	1	1	0.959216	0.92827	0.664644	1
-0.00519899	-0.0730383	0.941776	0.953115	1	1	1	0.999803	0.941776	1
0.0065518	0.0914215	0.927158	0.95283	1	1	1	0.994694	0.927515	1
-0.053758	-0.756438	0.449392	0.449392	1	1	0.999961	0.997439	0.914989	1
0.0138145	0.19472	0.845613	0.845613	1	1	1	0.999577	0.948276	1
-0.0743814	-1.05531	0.29129	0.487328	1	1	0.997129	0.977346	0.575915	1
-0.0175863	-0.252716	0.800489	0.877801	1	1	1	0.998508	0.907221	1
0.039896	0.588629	0.556115	0.649228	1	1	0.999999	0.99255	0.676067	1
-0.102719	-1.90039	0.0573917	0.197692	0.975659	0.918268	0.633873	0.611581	0.402377	1
-0.0352802	-0.543787	0.586592	0.652895	1	1	1	0.998578	0.814949	1
0.166025	2.70276	0.0068804	0.0068804	0.116967	0.103206	0.110745	0.0983805	0.0389889	0.134105
0.0966096	1.53736	0.124215	0.124215	1	1	0.895104	0.863239	0.544775	1
0.0130719	0.206946	0.836053	0.849627	1	1	1	0.998916	0.903978	1
0.0225635	0.383191	0.701581	0.74773	1	1	1	0.997633	0.916445	1
0.0665099	0.971481	0.331316	0.395028	1	1	0.998932	0.993031	0.83212	1
0.0675621	0.981999	0.326108	0.476637	1	1	0.998781	0.980685	0.603426	1
0.0362553	0.535751	0.592135	0.689397	1	1	1	0.997545	0.805118	1
0.058918	0.869056	0.384823	0.403071	1	1	0.999741	0.995225	0.911913	1
0.0301928	0.519738	0.60325	0.60325	1	1	1	0.999917	0.932271	1
0.0857013	1.35761	0.174598	0.318118	1	1	0.96169	0.876904	0.371022	1
-0.018486	-0.351615	0.725129	0.810517	1	1	1	0.994292	0.839603	1
-0.0103459	-0.19003	0.849287	0.906058	1	1	1	0.998853	0.902367	1
-0.0215942	-0.339238	0.734432	0.81741	1	1	1	0.998909	0.867531	1
-0.0550006	-0.829738	0.406694	0.497772	1	1	0.99986	0.995988	0.728082	1
-0.0536233	-0.902	0.367064	0.441747	1	1	0.99958	0.995712	0.809343	1
0.0155892	0.252792	0.800431	0.837489	1	1	1	0.995673	0.800431	1
-0.0225202	-0.345111	0.730013	0.809298	1	1	1	0.998565	0.942854	1
-0.0698074	-1.05226	0.292687	0.292687	1	1	0.997224	0.992155	0.848334	1
-0.0672451	-1.07526	0.282265	0.419342	1	1	0.99644	0.976052	0.675556	1
0.0094151	0.148588	0.88188	0.885369	1	1	1	0.999216	0.999464	1
0.0325841	0.509982	0.610068	0.610068	1	1	1	0.999466	0.949661	1
0.0636195	0.987314	0.323497	0.358163	1	1	0.998698	0.986418	0.773297	1
0.0262024	0.434951	0.663601	0.663601	1	1	1	0.999298	0.940102	1
0.0559809	0.926678	0.354101	0.479906	1	1	0.999407	0.991838	0.630344	1
0.0274754	0.474949	0.634827	0.634827	1	1	1	0.999684	0.904444	1
0.0120616	0.20189	0.840004	0.877352	1	1	1	0.998702	0.892504	1
-0.0403687	-0.630026	0.528682	0.600983	1	1	0.999997	0.992092	0.748966	1
0.0128326	0.201426	0.840367	0.840367	1	1	1	0.999601	0.95216	1
-0.061041	-1.00584	0.3145	0.429313	1	1	0.99837	0.97979	0.626515	1
0.0733467	1.20689	0.227484	0.499499	1	1	0.987571	0.915778	0.429692	1
-0.0900777	-1.44356	0.148874	0.41467	1	1	0.93545	0.876996	0.386669	1
0.0430997	0.689371	0.490595	0.658971	1	1	0.99999	0.982527	0.688308	1
-0.0203739	-0.306674	0.759094	0.786983	1	1	1	0.998813	0.860306	1
-0.0460493	-0.692519	0.488617	0.635697	1	1	0.999989	0.97693	0.63896	1
-0.0170653	-0.270313	0.786921	0.864864	1	1	1	0.998162	0.94462	1
0.0141416	0.219331	0.826394	0.87518	1	1	1	0.999167	0.878043	1
-0.00389311	-0.0621418	0.95045	0.95045	1	1	1	0.999274	0.95045	1
0.0659862	1.04596	0.295586	0.295586	1	1	0.997411	0.985074	0.837495	1
-0.112315	-1.7962	0.0724734	0.0912779	1	1	0.721678	0.676484	0.410683	1
-0.0205194	-0.314042	0.753491	0.756275	1	1	1	0.999522	0.853957	1
-0.0458947	-0.741537	0.458373	0.652838	1	1	0.99997	0.964525	0.599411	1
-0.0100341	-0.16065	0.87237	0.87237	1	1	1	0.999741	0.923786	1
-0.0241746	-0.366029	0.714346	0.714346	1	1	1	0.999855	0.941868	1
0.0517996	0.806513	0.419954	0.498581	1	1	0.999905	0.995689	0.795124	1
-0.0224225	-0.342198	0.732204	0.732204	1	1	1	0.999988	0.988931	1
0.0337609	0.502915	0.615028	0.615028	1	1	1	0.999985	0.970896	1
0.00306028	0.0456599	0.963582	0.963582	1	1	1	0.999928	0.963582	1
0.0364972	0.530716	0.595619	0.769389	1	1	1	0.989187	0.764486	1
0.00985181	0.152506	0.878789	0.878789	1	1	1	0.999908	0.886629	1
0.122853	1.87393	0.0609501	0.0609501	1	0.914251	0.656673	0.610659	0.345384	1
0.0680878	0.98536	0.324455	0.324455	1	1	0.998729	0.990967	0.905227	1
0.0499355	0.843349	0.39904	0.493117	1	1	0.999826	0.993856	0.73189	1
-0.0252755	-0.365088	0.715048	0.715048	1	1	1	0.999151	0.845437	1
-0.0615211	-0.879861	0.378941	0.499253	1	1	0.999696	0.992275	0.625477	1
0.0113939	0.174661	0.861347	0.868631	1	1	1	0.999319	0.861347	1
-0.0252629	-0.385974	0.699518	0.699518	1	1	1	0.999358	0.864331	1
-0.00363542	-0.0546192	0.956442	0.963055	1	1	1	0.999914	0.967799	1
-0.0188511	-0.287039	0.774085	0.80419	1	1	1	0.999412	0.921088	1
0.113746	1.67762	0.0934307	0.190505	1	1	0.81128	0.763387	0.39708	1
0.143073	2.14619	0.0318654	0.0700858	0.541713	0.477982	0.423357	0.384772	0.180571	0.621083
-0.0254775	-0.389409	0.696977	0.696977	1	1	1	0.99916	0.911431	1
0.0234656	0.354737	0.722789	0.830198	1	1	1	0.996884	0.856438	1
-0.134586	-2.003	0.045186	0.281889	0.768162	0.587418	0.544363	0.451794	0.153632	0.528427
-0.000772423	-0.0114603	0.990856	0.990856	1	1	1	0.99969	0.990856	1
-0.0415821	-0.608928	0.542577	0.542577	1	1	0.999998	0.999123	0.940188	1
0.0555079	0.814669	0.415268	0.499499	1	1	0.999891	0.995223	0.71364	1
-0.015437	-0.227806	0.819799	0.893413	1	1	1	0.999823	0.984238	1
0.0296534	0.430518	0.666822	0.666822	1	1	1	0.999924	0.937623	1
-0.0343822	-0.552396	0.580681	0.603783	1	1	1	0.996826	0.74685	1
0.0285306	0.461702	0.644298	0.647228	1	1	1	0.999565	0.88309	1
0.0246886	0.379765	0.704122	0.77432	1	1	1	0.996533	0.798005	1
0.0310537	0.468144	0.639685	0.734576	1	1	1	0.997812	0.875553	1
-0.0164912	-0.242357	0.808505	0.830005	1	1	1	0.999171	0.808505	1
-0.0188644	-0.278936	0.780296	0.826473	1	1	1	0.996289	0.859077	1
0.037711	0.583888	0.5593	0.5593	1	1	0.999999	0.999724	0.990519	1
0.0802358	1.2479	0.212078	0.292242	1	1	0.982613	0.967944	0.725328	1
0.0450957	0.67974	0.496675	0.512758	1	1	0.999991	0.99842	0.788131	1
0.070784	1.05438	0.291715	0.291715	1	1	0.997159	0.994336	0.936551	1
-0.0313216	-0.51697	0.605181	0.658488	1	1	1	0.994632	0.756602	1
0.0414829	0.678639	0.497372	0.497372	1	1	0.999992	0.998971	0.892357	1
0.0924899	1.41467	0.157176	0.255108	1	1	0.945358	0.886891	0.445333	1
0.0623141	0.94571	0.344304	0.374447	1	1	0.999235	0.990368	0.822935	1
0.036363	0.540738	0.588692	0.59155	1	1	1	0.998716	0.805626	1
0.0318759	0.46906	0.63903	0.664149	1	1	1	0.999711	0.987591	1
0.0217027	0.363088	0.716542	0.829116	1	1	1	0.996281	0.764222	1
0.0380658	0.633094	0.526677	0.551657	1	1	0.999997	0.996846	0.746126	1
0.0668265	1.00063	0.317015	0.440168	1	1	0.998469	0.992964	0.720392	1
0.0347813	0.511629	0.608914	0.619215	1	1	1	0.997536	0.739396	1
0.0258882	0.421518	0.67338	0.67338	1	1	1	0.999946	0.869754	1
0.0499254	0.80045	0.423456	0.423456	1	1	0.999914	0.999222	0.935422	1
0.00897985	0.132854	0.894309	0.91623	1	1	1	0.999449	0.985109	1
0.0986925	1.48989	0.136265	0.198286	1	1	0.917116	0.888901	0.685161	1
0.00708009	0.101559	0.919107	0.925364	1	1	1	0.999471	0.98879	1
0.0171022	0.254206	0.799338	0.823234	1	1	1	0.99844	0.849297	1
-0.0277732	-0.410067	0.68176	0.68176	1	1	1	0.999895	0.920073	1
0.0472387	0.710167	0.477606	0.518057	1	1	0.999984	0.995972	0.678843	1
0.105875	1.67593	0.0937623	0.0937623	1	1	0.81245	0.771634	0.53132	1
0.147819	2.24984	0.024466	0.024466	0.415922	0.36699	0.343672	0.310338	0.138641	0.476862
0.0721655	1.11032	0.266869	0.347911	1	1	0.994894	0.981898	0.671465	1
0.0413524	0.697702	0.485369	0.56056	1	1	0.999988	0.994694	0.750116	1
-0.0137753	-0.199586	0.841806	0.841806	1	1	1	0.999673	0.928863	1
-0.00499804	-0.0720006	0.942602	0.942602	1	1	1	0.999284	0.965334	1
-0.0121464	-0.18688	0.851756	0.851756	1	1	1	0.999961	0.961087	1
-0.00145858	-0.0224701	0.982073	0.982073	1	1	1	0.999868	0.982073	1
0.013541	0.202633	0.839423	0.868903	1	1	1	0.998346	0.891887	1
0.00252602	0.037754	0.969884	0.972202	1	1	1	0.999795	0.969884	1
0.0983956	1.43827	0.150367	0.409326	1	1	0.937348	0.858493	0.408048	1
0.15283	2.29284	0.0218639	0.0496445	0.371686	0.327959	0.313267	0.282223	0.100033	0.344068
-0.0151924	-0.233882	0.815078	0.846301	1	1	1	0.9986	0.815078	1
-0.0019742	-0.0303504	0.975788	0.984045	1	1	1	0.99461	0.975788	1
-0.0235314	-0.38374	0.701174	0.701174	1	1	1	0.999033	0.916919	1
0.0416307	0.670407	0.502604	0.612732	1	1	0.999993	0.992468	0.776751	1
-0.00817302	-0.129197	0.897203	0.937354	1	1	1	0.998914	0.943658	1
0.00278445	0.0428371	0.965832	0.973338	1	1	1	0.999993	0.965832	1
-0.0161391	-0.239888	0.810418	0.857399	1	1	1	0.999755	0.985908	1
0.062055	0.913062	0.361217	0.399045	1	1	0.999509	0.995384	0.798733	1
0.0489157	0.78892	0.430165	0.430165	1	1	0.99993	0.997943	0.85711	1
0.112654	1.83908	0.0659128	0.0659128	1	0.988692	0.686248	0.640407	0.373506	1
0.0686226	1.13669	0.255677	0.339867	1	1	0.993394	0.978477	0.726804	1
0.0759969	1.25408	0.209822	0.230897	1	1	0.981747	0.950511	0.594496	1
0.0278556	0.442579	0.658073	0.658073	1	1	1	0.999936	0.970739	1
0.04606	0.723514	0.46937	0.46937	1	1	0.999979	0.99823	0.851805	1
0.037978	0.590958	0.554553	0.651831	1	1	0.999999	0.997124	0.817009	1
0.083197	1.30388	0.192283	0.319956	1	1	0.97349	0.922891	0.544803	1
0.0358278	0.538096	0.590514	0.590514	1	1	1	0.998937	0.879521	1
0.0941796	1.43698	0.150734	0.176475	1	1	0.937807	0.898466	0.64062	1
-0.0174582	-0.27553	0.782911	0.782911	1	1	1	0.999518	0.878237	1
0.0603822	0.956612	0.338771	0.338771	1	1	0.999117	0.993014	0.841673	1
0.113175	1.72852	0.0839045	0.223589	1	1	0.77458	0.706795	0.356594	1
0.0699033	1.06072	0.288824	0.404417	1	1	0.996955	0.983261	0.737221	1
0.0821665	1.2117	0.225639	0.248255	1	1	0.987057	0.964003	0.767171	1
0.0912754	1.32483	0.185237	0.37251	1	1	0.969272	0.930239	0.506665	1
0.0591569	0.968993	0.332556	0.408642	1	1	0.998965	0.982455	0.706682	1
0.0710429	1.16113	0.2456	0.409681	1	1	0.991697	0.959656	0.523233	1
0.070495	1.06879	0.285174	0.349031	1	1	0.996678	0.986763	0.681102	1
0.080334	1.21275	0.225235	0.225235	1	1	0.986942	0.953222	0.638167	1
0.082324	1.34839	0.177541	0.177541	1	1	0.963947	0.935197	0.754551	1
0.0688927	1.12173	0.261985	0.333881	1	1	0.994284	0.989505	0.772905	1
0.0757378	1.10192	0.270505	0.360838	1	1	0.995308	0.986272	0.716536	1
0.077154	1.15029	0.250036	0.276655	1	1	0.992489	0.982194	0.729197	1
0.00464651	0.0715303	0.942976	0.942976	1	1	1	0.999233	0.942976	1
0.0248117	0.369074	0.712075	0.783536	1	1	1	0.998021	0.931176	1
-0.0224857	-0.337448	0.735781	0.735781	1	1	1	0.999998	0.972208	1
0.0174484	0.262476	0.792956	0.814262	1	1	1	0.999719	0.842516	1
-0.0668122	-0.982335	0.325943	0.325943	1	1	0.998776	0.99407	0.742152	1
-0.123115	-1.75086	0.0799801	0.205363	1	1	0.757589	0.71361	0.348375	1
-0.0747931	-1.11685	0.264068	0.344147	1	1	0.994552	0.965706	0.641307	1
-0.0544465	-0.78791	0.430755	0.506496	1	1	0.999931	0.992931	0.732284	1
0.00517549	0.0773262	0.938365	0.942481	1	1	1	0.999746	0.938365	1
0.0430756	0.639286	0.522642	0.615171	1	1	0.999997	0.994352	0.762337	1
0.00360376	0.0609824	0.951374	0.957827	1	1	1	0.999885	0.973765	1
0.0177492	0.309304	0.757092	0.827681	1	1	1	0.99736	0.80441	1
-0.0142756	-0.218358	0.827152	0.827152	1	1	1	0.999695	0.967013	1
-0.0711029	-1.09617	0.273014	0.449563	1	1	0.995575	0.984157	0.584785	1
-0.149081	-2.24221	0.0249548	0.0249548	0.424232	0.399277	0.34924	0.332585	0.212116	0.729584
-0.0836147	-1.22337	0.221201	0.268624	1	1	0.985736	0.976483	0.800234	1
0.0596337	0.873042	0.382647	0.382647	1	1	0.999725	0.995036	0.82318	1
0.112378	1.62141	0.104941	0.197521	1	1	0.848128	0.788201	0.445999	1
0.00134519	0.0206082	0.983558	0.983558	1	1	1	0.999959	0.983558	1
-0.0157247	-0.239385	0.810808	0.810808	1	1	1	0.999954	0.98768	1
0.0258483	0.385058	0.700197	0.700197	1	1	1	0.999935	0.982873	1
-0.0146255	-0.214872	0.829869	0.829869	1	1	1	0.999999	0.932385	1
-0.0429421	-0.635976	0.524797	0.524797	1	1	0.999997	0.999299	0.851116	1
-0.0935231	-1.35858	0.174291	0.235041	1	1	0.961447	0.931518	0.696885	1
-0.0454631	-0.705246	0.480663	0.480663	1	1	0.999985	0.998573	0.866622	1
-0.0850509	-1.31366	0.188972	0.188972	1	1	0.971581	0.934315	0.58993	1
-0.0610801	-0.935444	0.349567	0.350974	1	1	0.999333	0.997574	0.841442	1
-0.0612141	-0.946187	0.344061	0.344061	1	1	0.99923	0.99397	0.836378	1
-0.0287767	-0.436901	0.662186	0.662186	1	1	1	0.999981	0.996354	1
-0.0281144	-0.424526	0.671185	0.671185	1	1	1	0.999857	0.932709	1
-0.0167775	-0.252604	0.800576	0.800576	1	1	1	0.999802	0.933044	1
-0.0398022	-0.602674	0.54673	0.611914	1	1	0.999999	0.996069	0.841251	1
-0.0714655	-1.05941	0.289421	0.289421	1	1	0.996998	0.973863	0.615021	1
-0.0490815	-0.733771	0.463094	0.56379	1	1	0.999974	0.993095	0.78726	1
-0.0331923	-0.524251	0.600108	0.64708	1	1	1	0.998365	0.86295	1
-0.0537476	-0.852437	0.393978	0.393978	1	1	0.999799	0.999099	0.907895	1
-0.0698619	-1.05115	0.293196	0.30371	1	1	0.997258	0.985472	0.805886	1
-0.0789145	-1.18527	0.235919	0.271197	1	1	0.989687	0.969744	0.802125	1
-0.0553272	-0.838119	0.401971	0.401971	1	1	0.99984	0.996501	0.913288	1
-0.110477	-1.63951	0.101118	0.161303	1	1	0.836715	0.775178	0.429751	1
-0.0540703	-0.791175	0.428848	0.428848	1	1	0.999927	0.996306	0.911302	1
-0.0191466	-0.283198	0.777027	0.777027	1	1	1	0.999811	0.887112	1
-0.0433535	-0.637189	0.524007	0.524007	1	1	0.999997	0.999519	0.938487	1
-0.0678068	-1.01135	0.311855	0.413463	1	1	0.99826	0.99224	0.762503	1
-0.0196402	-0.317438	0.750913	0.750913	1	1	1	0.999985	0.953963	1
-0.0470808	-0.767195	0.442972	0.455022	1	1	0.999952	0.999108	0.8748	1
-0.0681657	-1.03299	0.301616	0.301616	1	1	0.997763	0.986537	0.854579	1
-0.0805858	-1.24033	0.214863	0.214863	1	1	0.983629	0.966175	0.762369	1
-0.020761	-0.319644	0.749241	0.750318	1	1	1	0.999055	0.868073	1
0.0133679	0.204368	0.838068	0.884369	1	1	1	0.998561	0.94981	1
0.0597934	1.04967	0.293877	0.293877	1	1	0.997302	0.98915	0.881051	1
0.129239	2.08589	0.0369968	0.0810533	0.628945	0.628945	0.473169	0.473169	0.490631	1
-0.196569	-2.93012	0.00339083	0.0633704	0.0576441	0.0508625	0.0561066	0.0496727	0.0192147	0.06609
-0.0226338	-0.330818	0.740784	0.753834	1	1	1	0.999921	0.922188	1
0.0336799	0.516933	0.605207	0.605207	1	1	1	0.999908	0.991597	1
0.0514889	0.795923	0.426083	0.499499	1	1	0.99992	0.99518	0.744817	1
-0.111888	-1.62088	0.105055	0.219386	1	1	0.848455	0.736028	0.297655	1
-0.0950912	-1.36517	0.172208	0.363899	1	1	0.95976	0.929059	0.554856	1
-0.0323819	-0.481952	0.629843	0.767862	1	1	1	0.997428	0.892278	1
-0.146756	-2.16353	0.0305084	0.0911981	0.518643	0.488135	0.409461	0.390878	0.179905	0.618792
-0.00704549	-0.116162	0.907525	0.907525	1	1	1	0.99988	0.964245	1
-0.134016	-2.14176	0.0322204	0.107879	0.547747	0.515527	0.42694	0.407861	0.197064	0.677812
0.0699067	1.10784	0.267938	0.267938	1	1	0.995019	0.97631	0.759158	1
0.0398136	0.621819	0.534065	0.56259	1	1	0.999998	0.997779	0.828787	1
0.0460217	0.702108	0.482617	0.557824	1	1	0.999986	0.994866	0.778048	1
0.078527	1.18194	0.237238	0.245325	1	1	0.989986	0.982788	0.766985	1
0.0174663	0.254885	0.798813	0.798813	1	1	1	0.999679	0.848739	1
0.0508256	0.737143	0.461041	0.499499	1	1	0.999973	0.997021	0.746108	1
-0.00428621	-0.0619116	0.950634	0.965883	1	1	1	0.984501	0.950634	1
0.05118	0.736972	0.461145	0.504311	1	1	0.999973	0.995834	0.783946	1
0.060879	0.920999	0.357058	0.440288	1	1	0.999452	0.988819	0.746408	1
0.0163749	0.248656	0.803628	0.808175	1	1	1	0.999734	0.921801	1
-0.0421765	-0.602155	0.547076	0.547076	1	1	0.999999	0.998714	0.72215	1
-0.039088	-0.561931	0.574167	0.610077	1	1	1	0.997461	0.754128	1
-0.0157844	-0.230586	0.817638	0.817638	1	1	1	0.999909	0.942554	1
-0.0519229	-0.762294	0.44589	0.614413	1	1	0.999956	0.991113	0.758013	1
0.00825431	0.129259	0.897154	0.897154	1	1	1	0.999902	0.941624	1
0.0240432	0.367345	0.713364	0.713364	1	1	1	0.999993	0.94556	1
0.037575	0.552526	0.580592	0.731573	1	1	1	0.98585	0.705005	1
-0.00585278	-0.0863322	0.931203	0.952781	1	1	1	0.99884	0.931203	1
0.123278	1.85701	0.0633192	0.133648	1	0.949788	0.671105	0.625136	0.33979	1
0.00343961	0.0517897	0.958697	0.965735	1	1	1	0.998828	0.958697	1
0.0567622	0.843346	0.399042	0.49754	1	1	0.999826	0.993856	0.701761	1
-0.0240377	-0.355372	0.722314	0.762402	1	1	1	0.997982	0.877095	1
0.0351489	0.516853	0.605263	0.654973	1	1	1	0.994837	0.734962	1
0.0399995	0.593223	0.553036	0.601472	1	1	0.999999	0.996436	0.854692	1
0.0537925	0.836439	0.402914	0.490084	1	1	0.999844	0.994241	0.780383	1
0.0370803	0.5828	0.560032	0.574393	1	1	0.999999	0.998278	0.793379	1
0.0299894	0.471387	0.637368	0.708486	1	1	1	0.997073	0.727956	1
-0.0447738	-0.708801	0.478454	0.499499	1	1	0.999984	0.998402	0.874301	1
0.131797	1.89496	0.0581072	0.284794	0.987822	0.755394	0.638569	0.540782	0.197564	0.679533
0.10129	1.44267	0.149125	0.150819	1	1	0.935773	0.911287	0.731476	1
0.157004	2.23803	0.0252264	0.231759	0.428849	0.35317	0.352315	0.300718	0.107212	0.368762
0.119348	1.69462	0.0901569	0.251438	1	1	0.799354	0.757619	0.506535	1
0.0185783	0.26772	0.788917	0.788917	1	1	1	0.999134	0.95797	1
0.0132188	0.191958	0.847777	0.906835	1	1	1	0.997318	0.847777	1
0.0077166	0.11059	0.911942	0.911942	1	1	1	0.998819	0.930309	1
-0.0118735	-0.172391	0.863131	0.863131	1	1	1	0.999961	0.962237	1
-0.0780926	-1.19306	0.232857	0.368806	1	1	0.988962	0.9632	0.634185	1
0.0332057	0.485888	0.62705	0.651902	1	1	1	0.9978	0.831317	1
0.102526	1.6885	0.091326	0.147462	1	1	0.803692	0.762249	0.499279	1
0.0842724	1.43642	0.150893	0.261657	1	1	0.938004	0.889147	0.513037	1
0.00573958	0.0905449	0.927855	0.931925	1	1	1	0.997619	0.954373	1
0.0299811	0.513169	0.607837	0.717035	1	1	1	0.995299	0.794863	1
0.0356447	0.509525	0.610388	0.70724	1	1	1	0.993153	0.747977	1
0.0320318	0.456515	0.648023	0.648023	1	1	1	0.999331	0.959422	1
0.0356461	0.545343	0.585522	0.719635	1	1	1	0.98765	0.710991	1
0.0411989	0.645835	0.518391	0.607567	1	1	0.999996	0.99399	0.74707	1
0.0119865	0.174959	0.861113	0.909682	1	1	1	0.98071	0.914933	1
-0.0591146	-0.894197	0.371223	0.499499	1	1	0.999625	0.984637	0.7012	1
0.0134884	0.207326	0.835757	0.888719	1	1	1	0.998867	0.886062	1
0.0979023	1.54746	0.121764	0.19336	1	1	0.89	0.815095	0.413996	1
0.0150524	0.234472	0.81462	0.81462	1	1	1	0.99999	0.967519	1
0.0554065	0.83376	0.404423	0.499499	1	1	0.999851	0.990572	0.66407	1
-0.0638101	-1.01885	0.308281	0.387764	1	1	0.9981	0.974922	0.655096	1
0.0698863	1.07291	0.283319	0.283319	1	1	0.996528	0.981638	0.802736	1
0.0028701	0.0474158	0.962182	0.962182	1	1	1	0.999957	0.985333	1
-0.00784301	-0.123823	0.901456	0.901456	1	1	1	0.999969	0.901456	1
-0.0925876	-1.41929	0.155826	0.301944	1	1	0.943851	0.872333	0.441507	1
-0.0341556	-0.503478	0.614632	0.697059	1	1	1	0.996725	0.870728	1
-0.0144474	-0.233193	0.815613	0.829727	1	1	1	0.999876	0.916837	1
0.0316602	0.512327	0.608426	0.745926	1	1	1	0.97649	0.722029	1
0.0135859	0.24546	0.806102	0.850503	1	1	1	0.99055	0.806102	1
0.0431014	0.731755	0.464324	0.609708	1	1	0.999975	0.99322	0.789351	1
0.0140366	0.231574	0.81687	0.852786	1	1	1	0.993858	0.925786	1
0.0233539	0.368908	0.712199	0.712199	1	1	1	0.99891	0.760047	1
-0.00562675	-0.0891029	0.929001	0.964869	1	1	1	0.955247	0.929001	1
0.014424	0.222851	0.823653	0.867894	1	1	1	0.999762	0.918337	1
-0.0907292	-1.45292	0.146256	0.292117	1	1	0.93199	0.850055	0.369277	1
0.0913094	1.38486	0.166106	0.385884	1	1	0.954409	0.886935	0.438696	1
-0.0815892	-1.2435	0.213694	0.349219	1	1	0.98321	0.9657	0.698355	1
0.0198164	0.297194	0.76632	0.76632	1	1	1	0.999906	0.930532	1
0.0184625	0.289569	0.772148	0.772148	1	1	1	0.998746	0.875101	1
-0.0364764	-0.566298	0.571196	0.730795	1	1	0.999999	0.985502	0.746948	1
0.0558479	0.81518	0.414975	0.41618	1	1	0.99989	0.995304	0.845815	1
0.00608832	0.0908397	0.927621	0.927621	1	1	1	0.999998	0.99958	1
-0.0238791	-0.38323	0.701552	0.785717	1	1	1	0.99763	0.807695	1
0.0198969	0.321271	0.748007	0.809497	1	1	1	0.998452	0.868269	1
-0.01959	-0.325182	0.745045	0.784105	1	1	1	0.998923	0.867529	1
-0.0297212	-0.44843	0.653846	0.653846	1	1	1	0.999794	0.999605	1
0.0635627	1.00214	0.316286	0.316286	1	1	0.998441	0.992865	0.971268	1
0.0584216	0.904874	0.365539	0.501965	1	1	0.999563	0.992677	0.621417	1
0.0143028	0.206355	0.836515	0.836515	1	1	1	0.999979	0.968273	1
0.0188699	0.27165	0.785893	0.812708	1	1	1	0.99938	0.936665	1
0.00822557	0.121359	0.903408	0.903408	1	1	1	0.999985	0.990985	1
0.056075	0.812118	0.41673	0.41673	1	1	0.999895	0.999473	0.991541	1
-0.0498448	-0.730608	0.465024	0.465024	1	1	0.999976	0.99945	0.874159	1
0.00579604	0.0847858	0.932432	0.932432	1	1	1	0.999956	0.958503	1
-0.058027	-0.842946	0.399265	0.512058	1	1	0.999827	0.987468	0.668503	1
0.0655612	0.972472	0.330823	0.330823	1	1	0.998918	0.994605	0.858206	1
-0.0297282	-0.43349	0.664662	0.715046	1	1	1	0.995871	0.70248	1
-0.0639413	-0.933425	0.350608	0.365514	1	1	0.99935	0.986663	0.745042	1
-0.00182273	-0.026415	0.978927	0.987588	1	1	1	0.998726	0.978927	1
0.00927171	0.139026	0.88943	0.88943	1	1	1	0.999835	0.971277	1
0.0558176	0.813572	0.415896	0.534125	1	1	0.999893	0.990868	0.707024	1
0.106081	1.5504	0.121055	0.121055	1	1	0.888481	0.855647	0.577362	1
-0.0265785	-0.388243	0.697839	0.697839	1	1	1	0.999906	0.879956	1
0.0510833	0.749219	0.453731	0.453731	1	1	0.999966	0.997634	0.957793	1
0.00963004	0.139538	0.889026	0.889026	1	1	1	0.999965	0.889026	1
0.0798476	1.19712	0.231269	0.231269	1	1	0.988567	0.957412	0.58621	1
-0.0206307	-0.306696	0.759077	0.759077	1	1	1	0.998816	0.860287	1
-0.016325	-0.246883	0.805	0.852209	1	1	1	0.999634	0.912334	1
0.00339822	0.0505797	0.959661	0.959661	1	1	1	0.999647	0.984164	1
-0.0718562	-1.09154	0.275043	0.408171	1	1	0.99578	0.984722	0.673984	1
-0.0196331	-0.29381	0.768905	0.768905	1	1	1	0.999992	0.953065	1
-0.0222356	-0.32886	0.742264	0.773338	1	1	1	0.999682	0.90132	1
-0.0322439	-0.473303	0.636	0.768561	1	1	1	0.991235	0.772286	1
0.0590187	0.884166	0.376614	0.376614	1	1	0.999676	0.996556	0.986698	1
-0.00858223	-0.13328	0.893973	0.893973	1	1	1	0.999919	0.903828	1
0.0260337	0.398419	0.690324	0.690324	1	1	1	0.998972	0.870863	1
-0.0096013	-0.145443	0.884362	0.884362	1	1	1	0.999821	0.972598	1
-0.0886411	-1.38751	0.165296	0.379632	1	1	0.953649	0.885609	0.407219	1
-0.00861554	-0.124494	0.900925	0.900925	1	1	1	0.999942	0.900925	1
0.0399418	0.618387	0.536325	0.660883	1	1	0.999998	0.995392	0.801249	1
-0.0456168	-0.693928	0.487732	0.494691	1	1	0.999988	0.998835	0.930432	1
-0.0455965	-0.694522	0.48736	0.53955	1	1	0.999988	0.99523	0.799185	1
-0.00791239	-0.120359	0.904199	0.915155	1	1	1	0.999581	0.918278	1
-0.0969389	-1.47689	0.139715	0.21125	1	1	0.922568	0.826768	0.339308	1
-0.0645548	-0.968613	0.332746	0.499499	1	1	0.99897	0.973781	0.616014	1
-0.0533303	-0.826534	0.408508	0.499499	1	1	0.999867	0.994728	0.771626	1
0.00494063	0.0759373	0.939469	0.939469	1	1	1	0.999946	0.980739	1
-0.0041444	-0.0655966	0.947699	0.962053	1	1	1	0.988053	0.947699	1
-0.0476814	-0.707852	0.479042	0.479042	1	1	0.999985	0.9996	0.989962	1
-0.0205534	-0.319353	0.749461	0.822109	1	1	1	0.989961	0.796302	1
-0.0155891	-0.236769	0.812838	0.860666	1	1	1	0.999232	0.921216	1
-0.0394945	-0.607365	0.543613	0.622694	1	1	0.999998	0.996393	0.770119	1
0.0472506	0.684661	0.493563	0.648149	1	1	0.999991	0.991456	0.762779	1
0.0387493	0.607262	0.543682	0.674099	1	1	0.999998	0.984113	0.660185	1
-0.0882967	-1.34224	0.179527	0.179527	1	1	0.965399	0.952014	0.773868	1
0.011256	0.180709	0.856597	0.881611	1	1	1	0.999577	0.977768	1
0.0345163	0.527735	0.597687	0.682856	1	1	1	0.998294	0.846969	1
-0.0611747	-0.915085	0.360154	0.360154	1	1	0.999495	0.995291	0.721238	1
0.0158779	0.237992	0.811889	0.883866	1	1	1	0.998748	0.906343	1
0.0225137	0.337679	0.735608	0.735608	1	1	1	0.999434	0.935909	1
-0.0107615	-0.158463	0.874093	0.885283	1	1	1	0.999421	0.935721	1
0.0094642	0.143913	0.88557	0.917793	1	1	1	0.99914	0.940918	1
0.0305746	0.452046	0.651239	0.666188	1	1	1	0.999372	0.895814	1
-0.0132571	-0.205057	0.837529	0.8871	1	1	1	0.987665	0.837529	1
0.0655795	0.963962	0.335073	0.351927	1	1	0.999029	0.988766	0.799926	1
-0.0552418	-0.831212	0.40586	0.578645	1	1	0.999857	0.973865	0.613999	1
-0.029552	-0.445131	0.656228	0.75533	1	1	1	0.999433	0.875683	1
-0.0166237	-0.251735	0.801248	0.801248	1	1	1	0.999998	0.923439	1
-0.0187224	-0.284173	0.77628	0.843915	1	1	1	0.988803	0.826321	1
-0.0629224	-0.953461	0.340364	0.605548	1	1	0.999152	0.91938	0.445091	1
-0.0630946	-1.07913	0.28054	0.286711	1	1	0.996292	0.982817	0.702521	1
-0.0131322	-0.199907	0.841555	0.885487	1	1	1	0.999135	0.932457	1
-0.061114	-0.933908	0.350359	0.499499	1	1	0.999346	0.979391	0.510451	1
0.000770039	0.0117143	0.990654	0.991832	1	1	1	0.99456	0.990654	1
-0.0652496	-1.00816	0.313386	0.313386	1	1	0.998325	0.98401	0.761081	1
-0.052404	-0.844327	0.398493	0.499499	1	1	0.999823	0.99537	0.710423	1
-0.108843	-1.68787	0.0914454	0.0914454	1	1	0.80413	0.738835	0.388643	1
0.00506162	0.0786028	0.937349	0.943073	1	1	1	0.999907	0.973757	1
-0.0356744	-0.546518	0.584714	0.610202	1	1	1	0.999115	0.907143	1
0.0282181	0.448325	0.653922	0.78739	1	1	1	0.998502	0.761092	1
-0.146656	-2.21462	0.0267934	0.0267934	0.455488	0.428695	0.369789	0.352439	0.194872	0.670271
-0.0353116	-0.544095	0.58638	0.736055	1	1	1	0.977768	0.664564	1
-0.051057	-0.810837	0.417466	0.499499	1	1	0.999898	0.993863	0.682803	1
0.0360047	0.612664	0.540103	0.540103	1	1	0.999998	0.998613	0.797232	1
-0.0230959	-0.392913	0.694387	0.694387	1	1	1	0.999941	0.935529	1
-0.0409089	-0.61358	0.539497	0.539497	1	1	0.999998	0.999726	0.897008	1
-0.0725567	-1.19595	0.231725	0.292092	1	1	0.988682	0.97504	0.697091	1
0.0128821	0.224354	0.822483	0.822483	1	1	1	0.999824	0.876905	1
-0.232134	-2.86461	0.00417899	0.0290684	0.0710428	0.0710428	0.0687166	0.0687166	0.0710428	0.244355
0.0658031	0.809106	0.418462	0.418462	1	1	0.999901	0.997427	0.91028	1
0.19972	2.42983	0.0151136	0.113545	0.256931	0.226704	0.228094	0.204221	0.0856436	0.294576
-0.0445947	-0.542907	0.587199	0.664826	1	1	1	0.989532	0.713028	1
-0.0297434	-0.364234	0.715687	0.760966	1	1	1	0.999709	0.894868	1
0.0254	0.308167	0.757958	0.757958	1	1	1	0.999943	0.887325	1
0.148305	1.82593	0.0678734	0.0678734	1	1	0.697257	0.675213	0.419532	1
0.0324312	0.396248	0.691926	0.707332	1	1	1	0.999145	0.857461	1
-0.127449	-1.55852	0.119123	0.2613	1	1	0.88424	0.850814	0.521733	1
-0.0632445	-0.773076	0.439485	0.499499	1	1	0.999947	0.995183	0.807846	1
0.0723526	0.885556	0.375866	0.375866	1	1	0.999669	0.993435	0.798716	1
-0.0116708	-0.142473	0.886708	0.898888	1	1	1	0.999537	0.942127	1
-0.094159	-1.14846	0.250791	0.250791	1	1	0.992617	0.982443	0.840789	1
-0.0100544	-0.123383	0.901805	0.901805	1	1	1	0.999634	0.913876	1
0.027995	0.340448	0.733523	0.749747	1	1	1	0.999905	0.942033	1
-0.00047471	-0.00584249	0.995338	0.995338	1	1	1	0.999967	0.995338	1
-0.095559	-1.18142	0.237448	0.430605	1	1	0.990033	0.961343	0.574232	1
-0.0200723	-0.246311	0.805444	0.805444	1	1	1	0.999382	0.968254	1
-0.0092566	-0.113153	0.90991	0.90991	1	1	1	0.999944	0.988065	1
0.0479818	0.584431	0.558936	0.558936	1	1	0.999999	0.999368	0.961005	1
0.0392414	0.476476	0.63374	0.69933	1	1	1	0.999116	0.904211	1
-0.206696	-2.52038	0.0117295	0.12092	0.199401	0.187671	0.181744	0.172032	0.0997005	0.342925
-0.0514007	-0.628062	0.529969	0.529969	1	1	0.999997	0.999474	0.849906	1
0.136847	1.66407	0.0961124	0.0961124	1	1	0.820549	0.731164	0.326782	1
0.105137	1.2793	0.200806	0.305412	1	1	0.977865	0.915048	0.487672	1
0.00440605	0.0541838	0.956789	0.973293	1	1	1	0.996924	0.956789	1
-0.0640642	-0.780911	0.434863	0.535397	1	1	0.999939	0.991888	0.644633	1
-0.177475	-2.20331	0.0275831	0.0275831	0.468913	0.468913	0.378427	0.378427	0.468913	1
0.128757	1.5806	0.113984	0.113984	1	1	0.872207	0.792633	0.387546	1
-0.155767	-1.90801	0.0564031	0.147646	0.958853	0.893514	0.62729	0.601255	0.248152	0.853533
-0.0830596	-1.01396	0.310611	0.499499	1	1	0.998206	0.964829	0.586709	1
-0.12987	-1.58444	0.113107	0.367764	1	1	0.870039	0.813706	0.384664	1
0.0852701	1.04254	0.297172	0.364529	1	1	0.997509	0.98979	0.826446	1
0.0404618	0.492152	0.622617	0.622617	1	1	1	0.999523	0.854373	1
0.0513197	0.629141	0.529263	0.529263	1	1	0.999997	0.999857	0.922274	1
-0.128917	-1.57027	0.116366	0.1921	1	1	0.877925	0.799765	0.362869	1
-0.0238878	-0.292139	0.770183	0.770183	1	1	1	0.999851	0.9873	1
-0.0146499	-0.181425	0.856035	0.908437	1	1	1	0.983282	0.909538	1
0.0735674	0.896863	0.369801	0.569806	1	1	0.99961	0.964827	0.571511	1
0.0609362	0.751565	0.45232	0.45232	1	1	0.999964	0.999272	0.974704	1
-0.0737184	-0.895184	0.370698	0.49469	1	1	0.999619	0.990259	0.710298	1
-0.00181259	-0.0220615	0.982399	0.982399	1	1	1	0.999945	0.982399	1
-0.02149	-0.260259	0.794666	0.794666	1	1	1	0.999951	0.970683	1
0.0137026	0.169325	0.865542	0.865542	1	1	1	0.999994	0.978876	1
0.0275679	0.340613	0.733398	0.749627	1	1	1	0.997369	0.852547	1
0.0872948	1.06681	0.286069	0.288567	1	1	0.996748	0.97544	0.694738	1
-0.105443	-1.28705	0.198089	0.198089	1	1	0.97655	0.954526	0.84188	1
-0.0930534	-1.13224	0.257547	0.266483	1	1	0.993671	0.984535	0.8576	1
-0.0724916	-0.886405	0.375409	0.375409	1	1	0.999665	0.998625	0.992242	1
0.0103432	0.125452	0.900167	0.905675	1	1	1	0.999577	0.959545	1
0.0216815	0.26388	0.791875	0.837488	1	1	1	0.99612	0.812321	1
0.118915	1.43963	0.149985	0.377179	1	1	0.936868	0.897206	0.510706	1
-0.0432685	-0.53474	0.592835	0.653764	1	1	1	0.995444	0.839849	1
0.0768361	0.940279	0.347084	0.347084	1	1	0.999288	0.99103	0.842919	1
0.0771827	0.945507	0.34441	0.499499	1	1	0.999237	0.980799	0.650552	1
0.0169743	0.209987	0.83368	0.859425	1	1	1	0.999037	0.83368	1
-0.0898594	-1.10178	0.270568	0.367363	1	1	0.995315	0.977311	0.766609	1
0.0335367	0.418475	0.675604	0.675604	1	1	1	0.999766	0.839256	1
-0.125799	-1.53265	0.125375	0.271792	1	1	0.897441	0.88274	0.61058	1
0.114123	1.38901	0.164842	0.164842	1	1	0.95322	0.903841	0.560464	1
0.0747157	0.913157	0.36117	0.435617	1	1	0.999508	0.990298	0.739835	1
0.0329055	0.402811	0.687091	0.687091	1	1	1	0.999506	0.898504	1
-0.106544	-1.31507	0.188501	0.251028	1	1	0.971299	0.956417	0.802915	1
0.0944208	1.14687	0.251446	0.251446	1	1	0.992726	0.990282	0.803829	1
0.040248	0.492566	0.622324	0.69715	1	1	1	0.997501	0.813808	1
0.0346017	0.425096	0.670771	0.670771	1	1	1	0.999982	0.912174	1
-0.0505752	-0.617525	0.536895	0.711293	1	1	0.999998	0.990135	0.753779	1
-0.121655	-1.4935	0.13532	0.13532	1	1	0.915561	0.902347	0.772286	1
0.0343811	0.420085	0.674427	0.78963	1	1	1	0.975192	0.674427	1
-0.0350362	-0.429421	0.667621	0.667621	1	1	1	0.999528	0.821639	1
-0.0102419	-0.126753	0.899137	0.899137	1	1	1	0.99998	0.946868	1
0.0236162	0.287569	0.773679	0.773679	1	1	1	0.999958	0.994284	1
-0.0278388	-0.339487	0.734246	0.734246	1	1	1	0.99978	0.941759	1
-0.107289	-1.31456	0.18867	0.195945	1	1	0.971401	0.933996	0.530562	1
0.0475907	0.582508	0.56023	0.601914	1	1	0.999999	0.997582	0.787087	1
0.139721	1.70951	0.0873702	0.187033	1	1	0.788647	0.746242	0.384637	1
0.0894189	1.08563	0.277655	0.357796	1	1	0.996031	0.972062	0.63965	1
0.0405215	0.499188	0.617652	0.617652	1	1	1	0.999849	0.914198	1
0.0914647	1.14008	0.254266	0.254266	1	1	0.993178	0.98355	0.963588	1
-0.13594	-1.64359	0.100275	0.158056	1	1	0.834094	0.834094	0.55527	1
-0.0875835	-1.07651	0.28171	0.28171	1	1	0.996393	0.986451	0.886138	1
-0.0390555	-0.474019	0.635491	0.635491	1	1	1	0.999329	0.829338	1
0.0681127	0.83342	0.404617	0.517182	1	1	0.999852	0.987397	0.687848	1
0.105931	1.29072	0.196815	0.257517	1	1	0.975908	0.962655	0.794678	1
0.067829	0.831208	0.405865	0.405865	1	1	0.999857	0.994519	0.862463	1
-0.108566	-1.31334	0.18908	0.296107	1	1	0.971646	0.956881	0.716984	1
0.0718022	0.873041	0.38265	0.38265	1	1	0.999725	0.998832	0.933063	1
-0.0835407	-1.02195	0.306817	0.306817	1	1	0.99803	0.991468	0.89564	1
-0.0560808	-0.69062	0.489811	0.594994	1	1	0.999989	0.991003	0.756981	1
-0.114832	-1.40842	0.159019	0.159019	1	1	0.947354	0.894751	0.475483	1
-0.0299442	-0.367753	0.713061	0.752404	1	1	1	0.995351	0.808136	1
0.03806	0.480219	0.631076	0.697956	1	1	1	0.99774	0.825253	1
-0.0276609	-0.343419	0.731286	0.731286	1	1	1	0.999938	0.936671	1
-0.096179	-1.2036	0.228757	0.292355	1	1	0.987915	0.979682	0.761108	1
-0.0894008	-1.09446	0.273763	0.421553	1	1	0.995652	0.970361	0.587354	1
0.043768	0.536876	0.591358	0.591358	1	1	1	0.999757	0.871072	1
0.0406809	0.497833	0.618607	0.618607	1	1	1	0.999719	0.987954	1
-0.00612448	-0.075079	0.940153	0.946668	1	1	1	0.999662	0.940153	1
0.116003	1.4106	0.158376	0.400237	1	1	0.946666	0.92995	0.486379	1
0.0581123	0.728869	0.466089	0.569725	1	1	0.999977	0.993397	0.739003	1
-0.00292667	-0.0360967	0.971206	0.971206	1	1	1	0.999972	0.971206	1
-0.104063	-1.27677	0.201697	0.201697	1	1	0.978281	0.965919	0.887052	1
-0.00852712	-0.106302	0.915344	0.915344	1	1	1	0.999935	0.95662	1
0.100358	1.22981	0.21878	0.334683	1	1	0.984964	0.968463	0.735428	1
-0.012222	-0.151806	0.879341	0.898765	1	1	1	0.999726	0.879341	1
0.182955	2.23629	0.0253425	0.119127	0.430822	0.40548	0.353625	0.336818	0.215411	0.740918
-0.0228723	-0.280508	0.77909	0.77909	1	1	1	0.999974	0.985336	1
-0.189941	-2.31679	0.020524	0.0868537	0.348908	0.328384	0.297099	0.28237	0.174454	0.600045
-0.0256127	-0.312681	0.754526	0.754526	1	1	1	0.999962	0.91621	1
-0.00913551	-0.111114	0.911527	0.911527	1	1	1	0.999982	0.986549	1
0.0983993	1.1954	0.231945	0.231945	1	1	0.988737	0.980907	0.928807	1
0.0520668	0.632008	0.527388	0.527388	1	1	0.999997	0.998824	0.847063	1
0.0536371	0.651628	0.514648	0.514648	1	1	0.999995	0.998505	0.92939	1
0.0790543	0.969932	0.33209	0.33209	1	1	0.998952	0.998432	0.926693	1
-0.028187	-0.345282	0.729886	0.729886	1	1	1	0.999942	0.939255	1
0.00395354	0.0481574	0.961591	0.961591	1	1	1	0.999994	0.989097	1
0.0133856	0.16467	0.869205	0.875254	1	1	1	0.999137	0.869205	1
0.121846	1.48893	0.136519	0.136519	1	1	0.917529	0.871902	0.580204	1
0.082166	1.00559	0.314625	0.440531	1	1	0.998375	0.984325	0.715232	1
-0.00212763	-0.0259765	0.979276	0.979276	1	1	1	0.999881	0.979276	1
-0.0284096	-0.354717	0.722805	0.722805	1	1	1	0.999873	0.958399	1
-0.103668	-1.30164	0.193053	0.193053	1	1	0.973917	0.938485	0.656381	1
0.0724068	0.900737	0.367738	0.391911	1	1	0.999588	0.993545	0.855524	1
-0.157536	-1.92262	0.05454	0.05454	0.92718	0.87264	0.614581	0.592347	0.342076	1
-0.0423981	-0.52021	0.602922	0.602922	1	1	1	0.999382	0.850342	1
0.103821	1.26601	0.205523	0.205523	1	1	0.979984	0.949759	0.680026	1
0.110467	1.34783	0.177725	0.204251	1	1	0.964084	0.921436	0.604266	1
-0.0977534	-1.21058	0.226068	0.226068	1	1	0.987178	0.978594	0.882283	1
0.0667751	0.834825	0.403825	0.403825	1	1	0.999848	0.996618	0.81779	1
-0.047498	-0.580668	0.56147	0.677699	1	1	0.999999	0.989103	0.73423	1
0.00296015	0.0360202	0.971267	0.971267	1	1	1	0.999174	0.97648	1
-0.0145994	-0.177425	0.859176	0.859176	1	1	1	0.998928	0.863588	1
0.0927314	1.13853	0.25491	0.295598	1	1	0.993277	0.978187	0.843961	1
-0.0406295	-0.504895	0.613637	0.711338	1	1	1	0.99173	0.802449	1
0.053484	0.660458	0.508967	0.583603	1	1	0.999994	0.994817	0.728939	1
0.0833722	1.01442	0.310395	0.577775	1	1	0.998196	0.939442	0.479701	1
0.0597744	0.75727	0.448896	0.499499	1	1	0.99996	0.995311	0.714896	1
0.0553711	0.678996	0.497147	0.497147	1	1	0.999992	0.999739	0.88044	1
-0.0984789	-1.23923	0.215273	0.215273	1	1	0.983774	0.95721	0.641045	1
0.0299674	0.366079	0.71431	0.71431	1	1	1	0.999988	0.919611	1
-0.0470477	-0.575368	0.565048	0.697389	1	1	0.999999	0.997055	0.873256	1
0.0240756	0.294883	0.768086	0.768086	1	1	1	0.999652	0.870497	1
0.037982	0.462728	0.643564	0.643564	1	1	1	0.999907	0.965838	1
0.123687	1.50068	0.133452	0.133452	1	1	0.912406	0.844653	0.453738	1
0.0393054	0.496391	0.619624	0.619624	1	1	1	0.999899	0.913258	1
-0.0181322	-0.222862	0.823645	0.823645	1	1	1	0.999948	0.905876	1
-0.0143098	-0.174322	0.861614	0.861614	1	1	1	0.999915	0.932972	1
-0.0268134	-0.330988	0.740656	0.740656	1	1	1	0.999997	0.98949	1
0.0206298	0.254107	0.799415	0.799415	1	1	1	0.999956	0.996794	1
-0.0132203	-0.166204	0.867998	0.867998	1	1	1	0.999692	0.935802	1
-0.0690827	-0.852088	0.394174	0.394174	1	1	0.999801	0.997724	0.857387	1
-0.00202597	-0.024604	0.980371	0.987161	1	1	1	0.997009	0.980371	1
0.0463612	0.568336	0.569813	0.583702	1	1	0.999999	0.998827	0.793169	1
-0.0233185	-0.284671	0.775899	0.775899	1	1	1	0.999932	0.970784	1
-0.0292261	-0.356739	0.72129	0.818501	1	1	1	0.998318	0.943226	1
0.0528886	0.648797	0.516476	0.516476	1	1	0.999996	0.999048	0.925434	1
-0.0179487	-0.220127	0.825774	0.855605	1	1	1	0.999912	0.942085	1
0.0249498	0.30395	0.761169	0.761169	1	1	1	0.999816	0.918632	1
-0.00173679	-0.0211158	0.983153	0.983153	1	1	1	0.999764	0.983153	1
-0.187907	-2.30245	0.0213188	0.0213188	0.36242	0.36242	0.306732	0.306732	0.313516	1
0.0375723	0.456074	0.648341	0.671984	1	1	1	0.999266	0.918484	1
0.0509172	0.619338	0.5357	0.685734	1	1	0.999998	0.989982	0.758909	1
-0.096465	-1.18784	0.234909	0.234909	1	1	0.989453	0.981982	0.849028	1
-0.0669778	-0.822518	0.410791	0.410791	1	1	0.999876	0.999392	0.976582	1
-0.165103	-2.04089	0.0412729	0.0755666	0.70164	0.70164	0.511556	0.511556	0.70164	1
0.0585128	0.710619	0.477327	0.477327	1	1	0.999984	0.999584	0.936393	1
-0.0505416	-0.612691	0.540087	0.540087	1	1	0.999998	0.999577	0.888929	1
0.147242	1.79115	0.0732832	0.159073	1	1	0.72578	0.710455	0.53494	1
0.00155739	0.0189557	0.984877	0.984877	1	1	1	0.999929	0.984877	1
-0.0669999	-0.820279	0.412066	0.412066	1	1	0.99988	0.998997	0.993964	1
0.0582859	0.707414	0.479317	0.479317	1	1	0.999985	0.999603	0.782218	1
-0.0488894	-0.62692	0.530718	0.630893	1	1	0.999997	0.991263	0.628822	1
-0.176078	-2.17065	0.0299683	0.0299683	0.50946	0.479492	0.403842	0.385425	0.204684	0.704023
-0.0222884	-0.27544	0.782981	0.850709	1	1	1	0.997782	0.948455	1
-0.152203	-1.87382	0.060968	0.0755768	1	0.975488	0.656785	0.634501	0.518228	1
0.113665	1.38701	0.165453	0.36966	1	1	0.953798	0.920511	0.503934	1
0.0957509	1.17136	0.241465	0.499499	1	1	0.990889	0.916865	0.413834	1
-0.0473102	-0.583177	0.55978	0.612283	1	1	0.999999	0.997239	0.694698	1
-0.0999091	-1.2203	0.222364	0.222364	1	1	0.986094	0.961973	0.722378	1
0.131443	1.65551	0.0978349	0.356225	1	1	0.826275	0.786553	0.29511	1
-0.0652937	-0.795598	0.426274	0.492094	1	1	0.999921	0.996136	0.769802	1
0.000956784	0.011611	0.990736	0.990736	1	1	1	0.999765	0.990736	1
-0.052688	-0.64097	0.521549	0.521549	1	1	0.999996	0.999635	0.9711	1
-0.0218791	-0.271582	0.785946	0.785946	1	1	1	0.999854	0.998099	1
-0.076132	-0.930333	0.352208	0.352208	1	1	0.999377	0.997709	0.82375	1
0.082	1.02176	0.306904	0.499499	1	1	0.998034	0.963091	0.579708	1
0.0563339	0.692267	0.488777	0.499499	1	1	0.999989	0.997615	0.877893	1
0.126742	1.53611	0.124525	0.124525	1	1	0.895734	0.863963	0.577185	1
0.0886176	1.09089	0.275332	0.275332	1	1	0.995809	0.984801	0.809847	1
-0.099932	-1.22845	0.219289	0.23337	1	1	0.985129	0.959971	0.745583	1
0.0885522	1.07324	0.283175	0.387794	1	1	0.996516	0.982445	0.758162	1
0.0470101	0.572001	0.567327	0.621869	1	1	0.999999	0.997161	0.814261	1
-0.0274374	-0.333657	0.738642	0.738642	1	1	1	0.999814	0.918439	1
-0.13414	-1.63418	0.102234	0.102234	1	1	0.840128	0.801644	0.579327	1
-0.122111	-1.49081	0.136024	0.136024	1	1	0.916723	0.888436	0.770804	1
0.0449176	0.55132	0.58142	0.632761	1	1	1	0.99561	0.760318	1
-0.0180372	-0.220079	0.825812	0.825812	1	1	1	0.999904	0.988084	1
0.02314	0.28023	0.779304	0.779304	1	1	1	0.999912	0.982171	1
0.0903359	1.10427	0.269486	0.269486	1	1	0.995195	0.987675	0.808421	1
-0.0632215	-0.773547	0.439207	0.499499	1	1	0.999946	0.995742	0.770948	1
-0.0753349	-0.919943	0.357613	0.420327	1	1	0.99946	0.99592	0.786714	1
-0.0452282	-0.556028	0.578197	0.578197	1	1	1	0.999403	0.937033	1
0.00704513	0.0859199	0.931531	0.931531	1	1	1	0.999658	0.989752	1
0.015953	0.195107	0.845311	0.845311	1	1	1	0.99969	0.898143	1
0.0283297	0.346105	0.729267	0.729267	1	1	1	0.99984	0.938403	1
0.00792919	0.0970662	0.922675	0.943313	1	1	1	0.999513	0.977937	1
-0.0361629	-0.445933	0.65565	0.656313	1	1	1	0.999661	0.928837	1
-0.0381634	-0.466326	0.640987	0.667994	1	1	1	0.998576	0.795365	1
0.113322	1.37458	0.169275	0.38409	1	1	0.957266	0.910447	0.487992	1
0.0371332	0.451065	0.651947	0.709463	1	1	1	0.99668	0.79165	1
-0.0097828	-0.138796	0.889612	0.889612	1	1	1	0.999974	0.971574	1
0.120587	1.71909	0.0856085	0.175487	1	1	0.781603	0.738794	0.392594	1
0.0857276	1.21499	0.224379	0.487735	1	1	0.986694	0.921206	0.417792	1
0.0369328	0.523431	0.600678	0.644948	1	1	1	0.996852	0.816192	1
-0.0802575	-1.136	0.255965	0.33803	1	1	0.993437	0.981726	0.6536	1
-0.0598158	-0.841834	0.399887	0.399887	1	1	0.99983	0.996365	0.971155	1
0.159944	2.2545	0.0241718	0.215338	0.410921	0.410921	0.340299	0.340299	0.328951	1
0.0101438	0.143016	0.886279	0.890552	1	1	1	0.99864	0.930823	1
0.0494502	0.697802	0.485306	0.63872	1	1	0.999988	0.967032	0.634631	1
-0.00578887	-0.0824726	0.934271	0.934271	1	1	1	0.999339	0.949904	1
0.0947634	1.34322	0.179211	0.418733	1	1	0.965171	0.923262	0.458431	1
0.0884284	1.25391	0.209885	0.325057	1	1	0.981772	0.942001	0.511716	1
-0.117139	-1.65033	0.0988863	0.215976	1	1	0.829685	0.810995	0.520781	1
-0.0492404	-0.704773	0.480957	0.547091	1	1	0.999986	0.994732	0.800187	1
0.107303	1.51321	0.130238	0.130238	1	1	0.906716	0.881371	0.738014	1
-0.0627752	-0.892531	0.372115	0.416282	1	1	0.999634	0.99852	0.812535	1
-0.00668673	-0.094879	0.924412	0.947727	1	1	1	0.999568	0.973761	1
-0.140687	-1.98022	0.0476874	0.0508117	0.810686	0.762999	0.564236	0.542415	0.277588	0.95478
0.0567517	0.802428	0.422312	0.422312	1	1	0.999911	0.998283	0.926627	1
0.0338544	0.475804	0.634217	0.678578	1	1	1	0.99869	0.71878	1
-0.053977	-0.76079	0.446789	0.526959	1	1	0.999957	0.99444	0.759541	1
-0.0210543	-0.296377	0.766944	0.819245	1	1	1	0.999346	0.931289	1
0.0140773	0.199768	0.841663	0.872798	1	1	1	0.993825	0.894267	1
0.112221	1.60348	0.108838	0.108838	1	1	0.858986	0.858986	0.885972	1
0.0224094	0.319818	0.749108	0.8193	1	1	1	0.993703	0.756232	1
0.092975	1.3173	0.187749	0.320048	1	1	0.970843	0.917532	0.531955	1
-0.0802784	-1.1365	0.255755	0.499499	1	1	0.993406	0.938938	0.483094	1
-0.108288	-1.54872	0.121459	0.200198	1	1	0.889349	0.863124	0.437651	1
0.0240492	0.342303	0.732125	0.732125	1	1	1	0.999973	0.986822	1
-0.0474844	-0.685892	0.492787	0.492787	1	1	0.99999	0.998873	0.964892	1
0.0138855	0.195757	0.844802	0.844802	1	1	1	0.999985	0.982828	1
-0.0278808	-0.398115	0.690548	0.723192	1	1	1	0.999728	0.970853	1
0.0410012	0.588808	0.555994	0.669376	1	1	0.999999	0.995383	0.787658	1
-0.0165848	-0.236376	0.813142	0.844055	1	1	1	0.999772	0.995368	1
0.0346197	0.490142	0.624037	0.624037	1	1	1	0.999757	0.978631	1
-0.0777818	-1.09748	0.272441	0.272441	1	1	0.995515	0.983994	0.910429	1
0.0212171	0.300629	0.763699	0.763699	1	1	1	0.999995	0.991577	1
-0.0293149	-0.418256	0.675763	0.678061	1	1	1	0.999822	0.954479	1
0.0234357	0.331119	0.740556	0.81461	1	1	1	0.989696	0.786841	1
0.0883732	1.25693	0.208788	0.444515	1	1	0.981337	0.947244	0.50167	1
-0.0581523	-0.81762	0.413581	0.451759	1	1	0.999885	0.998078	0.829876	1
0.00878397	0.123658	0.901587	0.927126	1	1	1	0.993167	0.901587	1
-0.0653175	-0.921611	0.356739	0.385257	1	1	0.999447	0.996771	0.758087	1
0.0508824	0.722785	0.469817	0.469817	1	1	0.999979	0.999738	0.987034	1
-0.021633	-0.30681	0.75899	0.77832	1	1	1	0.999804	0.982475	1
0.0127785	0.180436	0.856812	0.856812	1	1	1	0.999994	0.935291	1
0.00313525	0.0441431	0.964791	0.964791	1	1	1	0.999999	0.980506	1
-0.154324	-2.17086	0.0299496	0.111843	0.509144	0.449244	0.403648	0.366255	0.169715	0.583742
-0.0481372	-0.679096	0.497082	0.499499	1	1	0.999992	0.999055	0.937638	1
-0.034761	-0.490042	0.624108	0.624108	1	1	1	0.998888	0.884152	1
-0.0824405	-1.15983	0.246126	0.39636	1	1	0.991795	0.940709	0.523017	1
0.0785148	1.10755	0.268065	0.46773	1	1	0.995034	0.9677	0.48135	1
-0.0541381	-0.772037	0.440099	0.480754	1	1	0.999948	0.996972	0.847304	1
0.0643109	0.908684	0.363524	0.497107	1	1	0.999538	0.98909	0.628031	1
0.1101	1.55971	0.118839	0.289752	1	1	0.883603	0.853159	0.563869	1
0.124101	1.76022	0.078381	0.078381	1	1	0.750325	0.681052	0.333119	1
0.000159916	0.00227105	0.998188	0.998188	1	1	1	0.999988	0.998188	1
-0.0668037	-0.983485	0.325377	0.325377	1	1	0.998758	0.998758	0.998932	1
-0.0645759	-0.919878	0.357644	0.499499	1	1	0.99946	0.98138	0.675549	1
0.0808011	1.14307	0.253019	0.413486	1	1	0.992981	0.945913	0.537666	1
0.0585841	0.832349	0.405219	0.61615	1	1	0.999854	0.957684	0.57406	1
0.0419589	0.596391	0.550919	0.606664	1	1	0.999999	0.996316	0.814908	1
-0.0437956	-0.6248	0.532107	0.532107	1	1	0.999998	0.99989	0.998007	1
-0.0379647	-0.540203	0.589061	0.589061	1	1	1	0.999684	0.764138	1
0.0606893	0.860717	0.389401	0.494668	1	1	0.999772	0.99506	0.629852	1
0.0552404	0.791753	0.428511	0.428511	1	1	0.999926	0.999604	0.798907	1
-0.0210624	-0.298823	0.765077	0.828846	1	1	1	0.996954	0.876119	1
-0.0628469	-0.890824	0.373031	0.373031	1	1	0.999643	0.99855	0.942696	1
0.0227435	0.322256	0.747261	0.803393	1	1	1	0.996981	0.846895	1
0.0208945	0.295538	0.767585	0.767585	1	1	1	0.999993	0.956156	1
-0.011472	-0.165693	0.8684	0.8684	1	1	1	0.99999	0.982694	1
0.0178827	0.251527	0.801408	0.801408	1	1	1	0.999921	0.908262	1
-0.0359062	-0.509922	0.61011	0.632427	1	1	1	0.998284	0.797836	1
-0.0455436	-0.647313	0.517434	0.517434	1	1	0.999996	0.998581	0.895345	1
0.000799146	0.011408	0.990898	0.990898	1	1	1	0.998794	0.990898	1
0.108465	1.53868	0.123892	0.316287	1	1	0.894445	0.879519	0.473869	1
0.0077538	0.109426	0.912865	0.912865	1	1	1	0.999377	0.912865	1
0.0117114	0.166701	0.867606	0.867606	1	1	1	0.999761	0.910927	1
0.0797072	1.182	0.237216	0.314096	1	1	0.989981	0.975935	0.760337	1
-0.0834877	-1.17819	0.238729	0.248513	1	1	0.990313	0.978823	0.717546	1
-0.0574983	-0.813479	0.41595	0.41595	1	1	0.999893	0.997303	0.895491	1
0.0182047	0.256334	0.797695	0.805769	1	1	1	0.999879	0.990807	1
-0.0273278	-0.385619	0.699782	0.699782	1	1	1	0.999934	0.989338	1
0.0328072	0.464006	0.642646	0.689974	1	1	1	0.999179	0.822739	1
0.0137619	0.193793	0.846339	0.900446	1	1	1	0.996499	0.902291	1
-0.0894077	-1.2609	0.207355	0.207355	1	1	0.980754	0.961354	0.881257	1
-0.0760811	-1.0753	0.28225	0.28225	1	1	0.996439	0.99037	0.900789	1
-0.037326	-0.531961	0.594757	0.652108	1	1	1	0.998205	0.872619	1
-0.0758308	-1.081	0.279706	0.499499	1	1	0.996218	0.960964	0.528334	1
-0.0556436	-0.790781	0.429078	0.505969	1	1	0.999927	0.992807	0.729433	1
-0.0983355	-1.39109	0.164208	0.164208	1	1	0.952612	0.925157	0.697885	1
-0.0172635	-0.251452	0.801467	0.801467	1	1	1	0.999628	0.908329	1
-0.110329	-1.57773	0.114638	0.124367	1	1	0.873801	0.818158	0.487211	1
-0.0434245	-0.615992	0.537905	0.537905	1	1	0.999998	0.999665	0.924837	1
-0.149642	-2.12716	0.0334149	0.0917072	0.568053	0.501223	0.438846	0.399378	0.189351	0.651283
0.13916	1.97892	0.0478334	0.166495	0.813167	0.765334	0.565369	0.543535	0.406584	1
-0.00988994	-0.141368	0.88758	0.902591	1	1	1	0.998778	0.974554	1
-0.0152024	-0.214287	0.830325	0.867174	1	1	1	0.99553	0.919835	1
-0.00141079	-0.0198432	0.984169	0.984169	1	1	1	0.999876	0.984169	1
0.086222	1.24932	0.211557	0.477873	1	1	0.982417	0.926806	0.443086	1
-0.0448373	-0.641202	0.521396	0.521396	1	1	0.999996	0.999856	0.93373	1
-0.12624	-1.79867	0.0720812	0.0720812	1	1	0.71967	0.71967	0.658065	1
-0.0659746	-0.952577	0.340812	0.431832	1	1	0.999162	0.992482	0.778139	1
0.0988886	1.3991	0.161795	0.161795	1	1	0.950231	0.91549	0.608431	1
0.0297343	0.425872	0.670204	0.670204	1	1	1	0.999985	0.890325	1
0.0754801	1.0766	0.281666	0.281666	1	1	0.99639	0.986441	0.821563	1
-0.012691	-0.179832	0.857286	0.860898	1	1	1	0.999809	0.934342	1
-0.000183793	-0.00261188	0.997916	0.997916	1	1	1	0.999995	0.997916	1
-0.00340212	-0.0486409	0.961206	0.961206	1	1	1	1	0.987148	1
0.0817119	1.15888	0.246516	0.454179	1	1	0.991867	0.963861	0.510599	1
0.0599446	0.846849	0.397086	0.397086	1	1	0.999816	0.998884	0.935796	1
0.0543289	0.771061	0.440677	0.471749	1	1	0.999949	0.997003	0.861481	1
0.00412348	0.058314	0.953499	0.962845	1	1	1	0.999852	0.953766	1
-0.0752875	-1.06515	0.286818	0.286818	1	1	0.996805	0.987652	0.962558	1
-0.15891	-2.25419	0.0241914	0.0410755	0.411254	0.411254	0.340524	0.340524	0.264073	0.908291
0.0381806	0.538234	0.590419	0.590419	1	1	1	0.999867	0.99542	1
-0.0182176	-0.260128	0.794767	0.794767	1	1	1	0.99998	0.91722	1
0.122126	1.72548	0.0844502	0.151533	1	1	0.776852	0.709231	0.358913	1
-0.0309184	-0.447051	0.654842	0.662447	1	1	1	0.999416	0.949867	1
0.0897349	1.27973	0.200649	0.222378	1	1	0.97779	0.965241	0.904449	1
0.0484972	0.68999	0.490206	0.545351	1	1	0.999989	0.997829	0.757553	1
0.0205794	0.296515	0.766839	0.766839	1	1	1	0.999892	0.957615	1
0.0181183	0.255886	0.798041	0.798041	1	1	1	0.999775	0.969049	1
-0.0674267	-0.949453	0.342398	0.342398	1	1	0.999196	0.990055	0.820508	1
-0.0827568	-1.16797	0.242826	0.310647	1	1	0.991163	0.984585	0.824735	1
-0.0220454	-0.310509	0.756176	0.771175	1	1	1	0.997201	0.857	1
0.0801381	1.13213	0.257587	0.302887	1	1	0.993676	0.977449	0.62557	1
-0.0377333	-0.53711	0.591195	0.591195	1	1	1	0.99924	0.894246	1
0.0670968	0.962009	0.336053	0.378903	1	1	0.999053	0.992662	0.755437	1
-0.0102354	-0.145169	0.884578	0.884578	1	1	1	0.999187	0.939864	1
0.00864694	0.122519	0.902489	0.902489	1	1	1	0.99999	0.979163	1
0.109415	1.55045	0.121044	0.125496	1	1	0.888457	0.855619	0.685914	1
0.110891	1.58621	0.112701	0.256959	1	1	0.869025	0.81251	0.398656	1
0.0636869	0.909257	0.363222	0.498221	1	1	0.999535	0.989038	0.658442	1
0.0144513	0.20607	0.836738	0.836738	1	1	1	0.999503	0.883984	1
0.0769195	1.08631	0.277351	0.470743	1	1	0.996003	0.97681	0.583939	1
-0.00460823	-0.0664715	0.947003	0.956515	1	1	1	0.998494	0.947003	1
-0.0370749	-0.520052	0.603031	0.649365	1	1	1	0.998447	0.905867	1
-0.0199477	-0.284805	0.775796	0.775796	1	1	1	0.999996	0.962115	1
0.0540938	0.769805	0.441421	0.441421	1	1	0.99995	0.999197	0.920673	1
0.0763422	1.08385	0.278439	0.489038	1	1	0.996104	0.972394	0.540428	1
-0.0257541	-0.363904	0.715932	0.715932	1	1	1	0.999851	0.889898	1
0.016721	0.234941	0.814256	0.814256	1	1	1	0.999913	0.93067	1
-0.00812537	-0.114433	0.908895	0.908895	1	1	1	0.999994	0.993954	1
0.0693777	1.0215	0.307025	0.307025	1	1	0.99804	0.991502	0.913711	1
-0.0168567	-0.241049	0.809519	0.809519	1	1	1	0.999994	0.9825	1
-0.0784072	-1.10793	0.267902	0.267902	1	1	0.995015	0.987295	0.901177	1
-0.0582581	-0.833602	0.404512	0.412418	1	1	0.999851	0.998012	0.925938	1
0.00272775	0.0387905	0.969058	0.9761	1	1	1	0.996833	0.969058	1
-0.0128398	-0.187341	0.851394	0.851394	1	1	1	0.999895	0.964363	1
-0.0101532	-0.145978	0.88394	0.88394	1	1	1	0.999995	0.941257	1
0.0593598	0.834357	0.404086	0.404086	1	1	0.999849	0.996635	0.787819	1
-0.0335313	-0.476884	0.633448	0.633448	1	1	1	0.999778	0.942637	1
0.00448629	0.0632726	0.94955	0.94955	1	1	1	0.999647	0.94955	1
-0.0153389	-0.217574	0.827762	0.827762	1	1	1	0.99991	0.963231	1
0.051847	0.739787	0.459435	0.499499	1	1	0.999971	0.996059	0.847328	1
-0.0175145	-0.252006	0.801038	0.801038	1	1	1	0.999918	0.851103	1
0.073849	1.04061	0.298067	0.298067	1	1	0.997562	0.995052	0.832146	1
0.039536	0.558253	0.576676	0.607633	1	1	1	0.997564	0.843465	1
-0.108097	-1.52863	0.126366	0.126366	1	1	0.8994	0.868193	0.716076	1
0.016197	0.232231	0.81636	0.81636	1	1	1	0.999941	0.912017	1
0.0132358	0.188953	0.850131	0.850131	1	1	1	0.999972	0.9456	1
-0.0719317	-1.0201	0.307691	0.4775	1	1	0.998072	0.982228	0.553075	1
0.0405579	0.572211	0.567183	0.567183	1	1	0.999999	0.999981	0.954595	1
-0.0768982	-1.09714	0.27259	0.27259	1	1	0.995531	0.988388	0.973462	1
0.0317927	0.447286	0.654672	0.654672	1	1	1	0.99993	0.944878	1
-0.0397053	-0.559511	0.575817	0.575817	1	1	1	0.999555	0.87749	1
0.0422684	0.597754	0.550008	0.550008	1	1	0.999999	0.999847	0.953744	1
-0.0707555	-1.01066	0.312187	0.312187	1	1	0.998274	0.994696	0.958948	1
-0.0171876	-0.24245	0.808433	0.83782	1	1	1	0.999742	0.968515	1
-0.0663436	-0.936039	0.349261	0.349261	1	1	0.999327	0.991139	0.807447	1
-0.144179	-2.09572	0.0361155	0.202746	0.613963	0.577848	0.464912	0.444863	0.306982	1
-0.0645427	-0.914443	0.360491	0.539351	1	1	0.9995	0.972025	0.612835	1
0.0102897	0.144543	0.885072	0.885072	1	1	1	0.999673	0.994805	1
-0.063276	-0.902047	0.367039	0.367039	1	1	0.99958	0.989678	0.779958	1
-0.00216592	-0.0306447	0.975553	0.975553	1	1	1	0.999997	0.976442	1
0.0798108	1.12654	0.259945	0.268458	1	1	0.994009	0.980027	0.767072	1
-0.00411668	-0.0585658	0.953298	0.953298	1	1	1	0.999383	0.999112	1
-0.0643761	-0.904647	0.36566	0.40639	1	1	0.999564	0.995755	0.81235	1
0.0974839	1.40491	0.160057	0.226302	1	1	0.948448	0.896427	0.462403	1
-0.0960093	-1.35325	0.175984	0.262147	1	1	0.962769	0.919247	0.598347	1
0.0396254	0.559611	0.575749	0.575749	1	1	1	0.999154	0.932347	1
-0.0659356	-0.933013	0.350821	0.364315	1	1	0.999354	0.996363	0.76744	1
0.0114899	0.162852	0.870636	0.870636	1	1	1	0.999982	0.870636	1
-0.0540384	-0.766601	0.443325	0.469288	1	1	0.999953	0.997142	0.717691	1
0.0174867	0.250825	0.801951	0.801951	1	1	1	0.999841	0.973377	1
-0.0867025	-1.23657	0.216257	0.317862	1	1	0.984116	0.965059	0.646335	1
0.0243605	0.342991	0.731608	0.731608	1	1	1	0.999973	0.951755	1
0.0852593	1.20346	0.228809	0.297932	1	1	0.987929	0.973681	0.805417	1
-0.0833386	-1.18866	0.234583	0.32398	1	1	0.989377	0.964305	0.664653	1
0.09835	1.38687	0.16549	0.226591	1	1	0.953833	0.92056	0.584436	1
0.134567	1.89319	0.0583425	0.154595	0.991823	0.897556	0.640101	0.602959	0.330608	1
0.00622245	0.0876373	0.930166	0.930166	1	1	1	0.999992	0.953279	1
-0.176766	-2.48834	0.0128395	0.0128395	0.218272	0.205432	0.197229	0.186787	0.109136	0.375379
-0.230733	-3.28779	0.0010109	0.0010109	0.0171852	0.0171852	0.0170469	0.0170469	0.0171852	0.0591095
0.0831299	1.18252	0.23701	0.23701	1	1	0.989935	0.970301	0.805834	1
0.0740977	1.04748	0.294886	0.349845	1	1	0.997367	0.978578	0.716152	1
-0.0861957	-1.21019	0.226216	0.313146	1	1	0.98722	0.953928	0.640946	1
0.0378091	0.537003	0.59127	0.602717	1	1	1	0.998464	0.837632	1
-0.0084736	-0.119896	0.904567	0.916825	1	1	1	0.999952	0.957295	1
0.0537705	0.759684	0.447449	0.48353	1	1	0.999958	0.998043	0.796429	1
-0.0394779	-0.563836	0.57287	0.635751	1	1	0.999999	0.997458	0.811566	1
-0.0368258	-0.521637	0.601927	0.680965	1	1	1	0.996805	0.85273	1
-0.0428935	-0.611778	0.540689	0.540689	1	1	0.999998	0.999683	0.896015	1
-0.00553051	-0.078807	0.937187	0.937187	1	1	1	0.999984	0.937187	1
0.0485577	0.695515	0.486738	0.634669	1	1	0.999988	0.986252	0.689545	1
-0.0338131	-0.478406	0.632365	0.632365	1	1	1	0.999427	0.918789	1
-0.0323157	-0.458822	0.646365	0.646365	1	1	1	0.999308	0.929215	1
0.0414645	0.584485	0.558898	0.558898	1	1	0.999999	0.999527	0.950127	1
0.0502008	0.705392	0.480572	0.480572	1	1	0.999985	0.99857	0.843397	1
0.05932	0.785024	0.432446	0.597167	1	1	0.999934	0.981979	0.668326	1
0.0870008	1.18111	0.23757	0.414003	1	1	0.99006	0.957484	0.576955	1
0.0855598	1.14579	0.251891	0.499499	1	1	0.992799	0.930794	0.475795	1
0.0972839	1.30792	0.190911	0.372672	1	1	0.972714	0.921303	0.503425	1
0.0356359	0.471784	0.637085	0.747024	1	1	1	0.997715	0.827088	1
0.0476119	0.652242	0.514251	0.514251	1	1	0.999995	0.999269	0.958577	1
0.0601423	0.811553	0.417055	0.577022	1	1	0.999896	0.979507	0.64454	1
0.0730323	0.995678	0.319416	0.499499	1	1	0.998558	0.970961	0.562174	1
-0.160028	-2.13351	0.032892	0.175896	0.559165	0.526273	0.433664	0.414402	0.279582	0.961638
-0.129093	-1.73681	0.082432	0.184037	1	1	0.768341	0.724847	0.467115	1
-0.131833	-1.84047	0.0657105	0.110243	1	1	0.685091	0.662943	0.558539	1
-0.085922	-1.21549	0.22419	0.22419	1	1	0.986639	0.977801	0.774597	1
-0.0325225	-0.429071	0.667875	0.761861	1	1	1	0.998658	0.859587	1
0.0196947	0.262265	0.79312	0.819279	1	1	1	0.999621	0.907103	1
-0.0289526	-0.392675	0.694563	0.756521	1	1	1	0.997304	0.843398	1
0.0268123	0.356318	0.721605	0.810762	1	1	1	0.999167	0.92112	1
