0	0	0	0	0	0	0	0	0	0
0.000447658	0.0764105	0.939093	0.939093	1	1	1	0.99988	0.955276	1
0.000186969	0.0461602	0.963183	0.963183	1	1	1	0.999847	0.991746	1
-0.00125416	-0.190631	0.848816	0.873192	1	1	1	0.99903	0.896677	1
-0.00106461	-0.175792	0.860458	0.880414	1	1	1	0.999171	0.891623	1
0.00123125	0.221927	0.824372	0.844613	1	1	1	0.999795	0.927823	1
0.000741584	0.198593	0.842582	0.842582	1	1	1	0.999721	0.999973	1
-0.00480076	-0.652573	0.514036	0.664066	1	1	0.999995	0.986829	0.728218	1
-0.00274128	-0.718054	0.472729	0.615608	1	1	0.999981	0.978512	0.6697	1
-0.00180214	-0.284599	0.775953	0.794123	1	1	1	0.999435	0.912094	1
-0.00115782	-0.356243	0.721661	0.761913	1	1	1	0.99846	0.94371	1
-0.0063788	-1.16388	0.244482	0.499499	1	1	0.991485	0.919795	0.417192	1
-0.00809156	-1.50467	0.132419	0.365041	1	1	0.910615	0.758399	0.281391	0.96786
-0.0046742	-0.715314	0.47442	0.628381	1	1	0.999982	0.991767	0.733195	1
-0.00324315	-0.491785	0.622875	0.647312	1	1	1	0.999366	0.880171	1
-0.0036928	-0.594881	0.551927	0.551927	1	1	0.999999	0.99893	0.938277	1
-0.00123075	-0.200794	0.840861	0.87444	1	1	1	0.999861	0.946763	1
-0.0034509	-0.503586	0.614556	0.614556	1	1	1	0.99844	0.727666	1
-0.00791871	-1.16372	0.244548	0.426378	1	1	0.991498	0.955056	0.588955	1
0.00222294	0.31313	0.754184	0.754184	1	1	1	0.999934	0.932667	1
0.00796386	1.14149	0.253675	0.499499	1	1	0.993085	0.928163	0.467057	1
-0.00314066	-0.422775	0.672462	0.672462	1	1	1	0.999044	0.819205	1
-0.0152583	-2.0203	0.0433601	0.0441085	0.737121	0.737121	0.529321	0.529321	0.737121	1
-0.00255909	-0.363711	0.716076	0.738078	1	1	1	0.998689	0.900892	1
-0.00234519	-0.333655	0.738642	0.738642	1	1	1	0.999675	0.784807	1
0.000797848	0.132894	0.894278	0.9194	1	1	1	0.995189	0.919036	1
0.00239124	0.436202	0.662693	0.703736	1	1	1	0.998816	0.899499	1
0.00443399	0.813381	0.416005	0.416005	1	1	0.999893	0.99692	0.884012	1
0.00054227	0.0961202	0.923426	0.949454	1	1	1	0.999306	0.925799	1
0.00626607	1.10107	0.270873	0.379884	1	1	0.995348	0.977425	0.69463	1
0.00430729	0.639079	0.522776	0.522776	1	1	0.999997	0.999708	0.887629	1
0.00213425	0.31317	0.754153	0.754153	1	1	1	0.999779	0.942702	1
-0.000566498	-0.0844061	0.932734	0.938198	1	1	1	0.999327	0.948999	1
-0.0118075	-1.76981	0.0767683	0.0767683	1	1	0.742793	0.698241	0.43502	1
0.0067941	0.905128	0.365404	0.523968	1	1	0.999561	0.975411	0.621188	1
0.0139524	1.85896	0.0630423	0.0630423	1	1	0.669448	0.669448	0.562682	1
0.00765199	1.03693	0.299776	0.427273	1	1	0.997661	0.974197	0.637024	1
0.00826129	1.10635	0.268583	0.268583	1	1	0.995093	0.98746	0.931599	1
0.00448824	0.713924	0.475279	0.499499	1	1	0.999983	0.997642	0.89775	1
0.00595092	0.931031	0.351844	0.472268	1	1	0.999371	0.986914	0.616973	1
0.000232286	0.0361837	0.971136	0.971136	1	1	1	0.999993	0.980525	1
-0.00452353	-0.700132	0.48385	0.48385	1	1	0.999987	0.998658	0.815544	1
-0.00243999	-0.343759	0.73103	0.752232	1	1	1	0.999621	0.996029	1
-0.0100346	-1.40743	0.159311	0.179393	1	1	0.947664	0.911916	0.677071	1
-0.00821553	-1.16893	0.242442	0.304558	1	1	0.991086	0.979497	0.809874	1
-0.00570283	-0.833936	0.404323	0.404323	1	1	0.99985	0.998594	0.912808	1
0.00206706	0.299055	0.7649	0.7649	1	1	1	0.999991	0.988689	1
-0.0202748	-2.85455	0.00431259	0.00483601	0.073314	0.0690014	0.0708383	0.0668139	0.036657	0.126084
0.00312826	0.474343	0.635259	0.635259	1	1	1	0.999888	0.924912	1
-0.00343479	-0.51356	0.607563	0.607563	1	1	1	0.999682	0.941947	1
-0.00731462	-0.982606	0.325809	0.499499	1	1	0.998772	0.980461	0.615417	1
0.0047489	0.67755	0.498062	0.498062	1	1	0.999992	0.99949	0.986543	1
-0.00765617	-1.05415	0.29182	0.499499	1	1	0.997166	0.955199	0.551216	1
-0.0050991	-0.70107	0.483264	0.499499	1	1	0.999987	0.998452	0.762538	1
0.00659019	0.958585	0.337775	0.406072	1	1	0.999094	0.995289	0.697942	1
-0.0042092	-0.609262	0.542355	0.542355	1	1	0.999998	0.998826	0.872969	1
0.00993682	1.38209	0.166954	0.184749	1	1	0.95519	0.922489	0.709555	1
0.000396045	0.0570651	0.954494	0.962243	1	1	1	0.998673	0.954494	1
-0.000150539	-0.0224734	0.98207	0.983834	1	1	1	0.999776	0.98207	1
0.0060813	0.893325	0.37169	0.440377	1	1	0.999629	0.993171	0.763445	1
0.000736185	0.0998348	0.920476	0.931157	1	1	1	0.999864	0.985853	1
0.0113872	1.53693	0.124319	0.197726	1	1	0.895316	0.863483	0.552063	1
0.00328819	0.448543	0.653765	0.653765	1	1	1	0.999806	0.871101	1
-0.00320412	-0.431618	0.666022	0.749104	1	1	1	0.987559	0.719459	1
-0.00326516	-0.451698	0.65149	0.65149	1	1	1	0.99882	0.906916	1
-0.00774728	-1.05979	0.289248	0.499499	1	1	0.996986	0.962494	0.546358	1
-0.00690972	-0.931969	0.35136	0.35136	1	1	0.999363	0.993344	0.72194	1
0.00324654	0.446235	0.655431	0.655431	1	1	1	0.999782	0.928112	1
0.00308617	0.467433	0.640193	0.775521	1	1	1	0.999604	0.906941	1
-0.00479774	-0.731019	0.464773	0.54288	1	1	0.999976	0.993266	0.790114	1
-0.0129014	-1.83046	0.0671906	0.140611	1	1	0.693465	0.693465	0.530288	1
-3.31049e-05	-0.00496932	0.996035	0.996035	1	1	1	0.999998	0.996035	1
-0.0084418	-1.17431	0.240278	0.240278	1	1	0.990643	0.951337	0.583533	1
-0.00967574	-1.3652	0.172201	0.172201	1	1	0.959754	0.914291	0.585483	1
-0.000363673	-0.0506931	0.95957	0.95957	1	1	1	0.999858	0.95957	1
-0.0011838	-0.163645	0.870011	0.870011	1	1	1	0.999996	0.870011	1
-0.00330673	-0.454946	0.649152	0.717983	1	1	1	0.999639	0.914375	1
0.001059	0.145146	0.884596	0.884596	1	1	1	0.999992	0.901914	1
0.00750518	1.31987	0.186888	0.186888	1	1	0.970314	0.955099	0.900032	1
0.00526999	0.916923	0.35919	0.35919	1	1	0.999482	0.998031	0.938432	1
0.0122336	1.91661	0.0552964	0.0552964	0.940039	0.884742	0.619789	0.597534	0.470019	1
0.00719104	1.0977	0.272346	0.272346	1	1	0.995505	0.977966	0.771646	1
-0.00448595	-0.640586	0.521796	0.521796	1	1	0.999996	0.999125	0.867174	1
0.00425638	0.60567	0.544738	0.544738	1	1	0.999998	0.999245	0.999248	1
0.000765859	0.135306	0.892371	0.892371	1	1	1	0.999977	0.977677	1
-0.00885369	-1.55438	0.120105	0.120105	1	1	0.886414	0.853289	0.670806	1
0.00741841	1.23759	0.215877	0.215877	1	1	0.983985	0.966782	0.745291	1
0.00349146	0.584294	0.559027	0.647205	1	1	0.999999	0.989906	0.727222	1
0.00596903	0.838545	0.401731	0.478962	1	1	0.999839	0.997096	0.80055	1
0.00319451	0.464879	0.642021	0.656464	1	1	1	0.998236	0.871341	1
0.00350304	0.58472	0.55874	0.634921	1	1	0.999999	0.998563	0.878856	1
-0.00174747	-0.282602	0.777484	0.797668	1	1	1	0.999699	0.959542	1
0.0041665	0.640851	0.521624	0.521624	1	1	0.999996	0.999863	0.936229	1
-0.00472278	-0.731153	0.464691	0.499499	1	1	0.999976	0.996391	0.752768	1
-0.000615995	-0.0865616	0.931021	0.931021	1	1	1	0.999998	0.993478	1
-0.00346411	-0.483614	0.628663	0.653755	1	1	1	0.997483	0.769853	1
-0.001514	-0.254928	0.79878	0.79878	1	1	1	0.999664	0.879774	1
0.00113963	0.194335	0.845915	0.845915	1	1	1	0.999913	0.924952	1
0.000318752	0.0471589	0.962387	0.962387	1	1	1	0.999989	0.981493	1
-0.000614199	-0.0912196	0.927319	0.935619	1	1	1	0.997212	0.927319	1
0.00364914	0.570488	0.568351	0.613635	1	1	0.999999	0.996314	0.795152	1
0.00400415	0.618924	0.535971	0.640487	1	1	0.999998	0.98737	0.607434	1
-0.00564267	-0.816866	0.414011	0.448683	1	1	0.999887	0.998679	0.803438	1
-0.00186082	-0.27605	0.782512	0.782512	1	1	1	0.999995	0.941631	1
-0.00170902	-0.247801	0.80429	0.80429	1	1	1	0.999464	0.80429	1
-0.00174347	-0.250673	0.802068	0.847782	1	1	1	0.9977	0.813367	1
-0.00101713	-0.144712	0.884939	0.91905	1	1	1	0.998477	0.973096	1
0.00790145	1.09915	0.271711	0.339809	1	1	0.995438	0.977734	0.745447	1
-0.000181724	-0.0288419	0.976991	0.976991	1	1	1	0.999974	0.976991	1
-0.00295925	-0.468324	0.639556	0.639556	1	1	1	0.999715	0.862497	1
0.00387023	0.564727	0.572264	0.6017	1	1	0.999999	0.99888	0.895635	1
0.00969309	1.43985	0.149918	0.293917	1	1	0.936783	0.857594	0.424768	1
-0.00395119	-0.599987	0.548519	0.548519	1	1	0.999999	0.999841	0.975769	1
-0.00434828	-0.679527	0.496809	0.499499	1	1	0.999991	0.997932	0.938416	1
0.000175126	0.0259209	0.979321	0.979321	1	1	1	0.99978	0.98583	1
-0.00245895	-0.377861	0.705537	0.752528	1	1	1	0.999302	0.922625	1
-5.05372e-05	-0.00750516	0.994012	0.995944	1	1	1	0.998394	0.994012	1
0.000734134	0.111517	0.911207	0.937885	1	1	1	0.999424	0.911207	1
-0.00259497	-0.366593	0.713925	0.713925	1	1	1	0.999955	0.960185	1
0.00368513	0.52498	0.599601	0.599601	1	1	1	0.99908	0.889486	1
0.00263573	0.389084	0.697217	0.821496	1	1	1	0.992538	0.84662	1
0.00469573	0.705065	0.480775	0.499499	1	1	0.999986	0.997257	0.90813	1
-0.0134334	-1.9203	0.0548284	0.217076	0.932083	0.877255	0.616574	0.594332	0.466042	1
-0.0191215	-2.83982	0.00451673	0.0819342	0.0767844	0.0767844	0.0740716	0.0740716	0.0767844	0.264104
-0.00677652	-0.945704	0.344307	0.480867	1	1	0.999235	0.98841	0.689386	1
-0.00219463	-0.314231	0.753348	0.824239	1	1	1	0.999775	0.968779	1
0.00933768	1.24076	0.214703	0.499499	1	1	0.983572	0.893953	0.367182	1
0.00442383	0.598302	0.549643	0.685404	1	1	0.999999	0.996462	0.718763	1
-0.00065614	-0.086309	0.931221	0.940278	1	1	1	0.999912	0.931221	1
0.00660757	0.880467	0.378613	0.41143	1	1	0.999693	0.994667	0.834228	1
-0.000455963	-0.0737108	0.941241	0.959093	1	1	1	0.99963	0.972609	1
0.000153842	0.0245946	0.980378	0.980378	1	1	1	0.999978	0.980378	1
-0.00915971	-1.46602	0.142652	0.289503	1	1	0.926941	0.842281	0.404181	1
-0.0107156	-1.74766	0.0805324	0.1322	1	1	0.760051	0.739035	0.684525	1
0.00988151	1.48736	0.13693	0.13693	1	1	0.918194	0.874132	0.581951	1
0.0102914	1.55705	0.119469	0.208554	1	1	0.88501	0.831567	0.507742	1
0.0049391	0.738656	0.460121	0.552395	1	1	0.999972	0.992783	0.751049	1
0.000209242	0.0293823	0.97656	0.97656	1	1	1	0.998157	0.97656	1
0.000273214	0.0386766	0.969148	0.969148	1	1	1	0.999737	0.979495	1
-0.0040804	-0.595611	0.551439	0.551439	1	1	0.999999	0.99967	0.976125	1
-0.00425727	-0.628989	0.529361	0.529361	1	1	0.999997	0.999713	0.762116	1
0.00108404	0.168278	0.866366	0.866366	1	1	1	0.999987	0.973302	1
-0.00906023	-1.23175	0.218051	0.339013	1	1	0.984723	0.953011	0.617812	1
0.0016753	0.258721	0.795852	0.795852	1	1	1	0.999723	0.89519	1
0.00408775	0.580629	0.561495	0.561495	1	1	0.999999	0.99922	0.80396	1
0.00582217	0.742147	0.458004	0.458004	1	1	0.99997	0.997812	0.828919	1
0.00938464	1.37233	0.169969	0.170762	1	1	0.957869	0.913058	0.557946	1
0.007904	1.11686	0.264061	0.467703	1	1	0.994551	0.974759	0.56485	1
0.00238135	0.30999	0.75657	0.75657	1	1	1	0.999507	0.795932	1
0.00804684	1.13151	0.25785	0.25785	1	1	0.993714	0.972081	0.72642	1
0.00518019	0.747811	0.45458	0.583865	1	1	0.999967	0.992168	0.772785	1
-0.00396926	-0.536811	0.591402	0.591402	1	1	1	0.999583	0.893855	1
0.00708106	1.02219	0.3067	0.401178	1	1	0.998025	0.974343	0.651738	1
0.00386709	0.585791	0.55802	0.776053	1	1	0.999999	0.983134	0.729719	1
0.00781478	1.12877	0.259004	0.454156	1	1	0.993878	0.950093	0.550383	1
0.00442661	0.673742	0.50048	0.696997	1	1	0.999992	0.984465	0.685179	1
0.00506432	0.757717	0.448626	0.729661	1	1	0.99996	0.94904	0.55624	1
0.00680469	0.960526	0.336798	0.499499	1	1	0.999071	0.977415	0.578585	1
0.00512503	0.762927	0.445512	0.541347	1	1	0.999956	0.991064	0.757371	1
0.00138244	0.198069	0.842992	0.885859	1	1	1	0.999392	0.963295	1
0.0066657	0.949086	0.342584	0.520111	1	1	0.9992	0.976195	0.529448	1
-0.000573668	-0.081946	0.93469	0.94014	1	1	1	0.999933	0.937668	1
-0.00400339	-0.570902	0.56807	0.681025	1	1	0.999999	0.993506	0.725701	1
0.00523014	0.70762	0.479187	0.697696	1	1	0.999985	0.989606	0.677778	1
-0.00562162	-0.798968	0.424315	0.545147	1	1	0.999916	0.987936	0.721336	1
0.00893911	1.43753	0.150579	0.254643	1	1	0.937613	0.898205	0.636066	1
0.00478399	0.720407	0.47128	0.47128	1	1	0.99998	0.998293	0.95697	1
-0.00564772	-0.802464	0.42229	0.499721	1	1	0.999911	0.992805	0.717894	1
0.00682708	0.916731	0.359291	0.476701	1	1	0.999483	0.991503	0.707625	1
-0.00396023	-0.660102	0.509193	0.713231	1	1	0.999994	0.987005	0.665868	1
0.0013634	0.212323	0.831856	0.831856	1	1	1	0.999944	0.886934	1
0.00812321	1.36114	0.17348	0.221168	1	1	0.960798	0.942614	0.772014	1
-0.000597702	-0.0971605	0.9226	0.946986	1	1	1	0.996838	0.9226	1
-0.00355501	-0.557355	0.577289	0.719319	1	1	1	0.986504	0.716207	1
0.00500787	0.907811	0.363985	0.363985	1	1	0.999544	0.995619	0.981219	1
-0.000331273	-0.0468958	0.962597	0.962597	1	1	1	0.999998	0.985345	1
0.00137487	0.240592	0.809873	0.809873	1	1	1	0.999881	0.847752	1
-0.00131716	-0.227149	0.820309	0.820309	1	1	1	0.999944	0.99418	1
0.0108245	1.59429	0.110881	0.110881	1	1	0.864381	0.807052	0.471244	1
0.000576664	0.0897217	0.928509	0.942364	1	1	1	0.998722	0.953132	1
0.0167911	2.38028	0.0173054	0.0902712	0.294193	0.259582	0.256784	0.230377	0.0980642	0.337297
-0.0029846	-0.452053	0.651234	0.699102	1	1	1	0.999372	0.910064	1
0.00614415	0.879245	0.379275	0.455724	1	1	0.999699	0.992554	0.804748	1
-0.013258	-1.74864	0.0803635	0.175358	1	1	0.7593	0.66348	0.273236	0.939809
0.0119426	2.09541	0.0361428	0.0361428	0.614427	0.578284	0.465169	0.445114	0.307213	1
0.0201359	3.15416	0.0016111	0.0016111	0.0273887	0.0257776	0.0270386	0.0254685	0.0136944	0.0471025
0.00514896	0.875967	0.381054	0.55041	1	1	0.999713	0.978461	0.647792	1
0.0058879	0.97736	0.328399	0.499499	1	1	0.998849	0.972203	0.574568	1
0.00134514	0.231649	0.816812	0.853259	1	1	1	0.998184	0.816812	1
0.00648885	1.11242	0.265968	0.379346	1	1	0.994786	0.966668	0.597641	1
0.00456242	0.867838	0.38549	0.406268	1	1	0.999746	0.992321	0.819165	1
0.00307322	0.459725	0.645717	0.645717	1	1	1	0.999149	0.844399	1
0.000612352	0.113206	0.909868	0.909868	1	1	1	0.999572	0.912858	1
-0.00147351	-0.236784	0.812826	0.84213	1	1	1	0.999953	0.964187	1
0.00084641	0.119291	0.905045	0.928236	1	1	1	0.99438	0.961611	1
0.000107675	0.0193646	0.98455	0.986891	1	1	1	0.995738	0.98455	1
0.00634351	0.867701	0.385565	0.407773	1	1	0.999746	0.997105	0.776816	1
0.00196855	0.294838	0.768119	0.785456	1	1	1	0.999845	0.926575	1
-0.00128205	-0.190223	0.849135	0.859804	1	1	1	0.999987	0.996643	1
0.00775531	1.04359	0.296683	0.296683	1	1	0.997479	0.989697	0.867593	1
0.00136821	0.232272	0.816329	0.867393	1	1	1	0.99911	0.881452	1
-0.00595166	-0.956413	0.338871	0.446032	1	1	0.999119	0.989453	0.666844	1
0.00213872	0.369428	0.711811	0.711811	1	1	1	0.999912	0.883685	1
-0.0106325	-1.67893	0.0931753	0.139896	1	1	0.810375	0.790891	0.599589	1
0.000723341	0.113495	0.909639	0.938785	1	1	1	0.984563	0.909639	1
0.00504942	0.925727	0.354595	0.427258	1	1	0.999415	0.991906	0.762885	1
-0.00217126	-0.308475	0.757723	0.827733	1	1	1	0.998892	0.80508	1
-0.000850674	-0.149407	0.881234	0.881234	1	1	1	0.999954	0.986308	1
-0.0041858	-0.754655	0.450462	0.472111	1	1	0.999962	0.997488	0.872542	1
-0.00205318	-0.3042	0.760978	0.775314	1	1	1	0.996796	0.920191	1
0.00798253	1.22882	0.219149	0.42819	1	1	0.985084	0.959877	0.544761	1
0.00590042	0.853853	0.393193	0.496218	1	1	0.999795	0.993231	0.749515	1
0.00550488	0.81066	0.417567	0.54896	1	1	0.999898	0.986758	0.709864	1
0.00719522	1.02155	0.307	0.406393	1	1	0.998039	0.983633	0.660316	1
-0.00975761	-1.3065	0.191393	0.332935	1	1	0.972989	0.936819	0.532052	1
0.00604898	1.02311	0.306264	0.499499	1	1	0.998003	0.969582	0.529218	1
0.00911468	1.4216	0.155153	0.375574	1	1	0.943085	0.81474	0.3297	1
-0.000722039	-0.122508	0.902498	0.902498	1	1	1	0.999854	0.958904	1
0.00754055	1.301	0.193268	0.274081	1	1	0.974034	0.924011	0.532395	1
0.00696737	1.06342	0.287602	0.436225	1	1	0.996865	0.976014	0.643654	1
0.00465178	0.781562	0.434478	0.50819	1	1	0.999938	0.993138	0.675656	1
0.00859872	1.67619	0.0937112	0.0937112	1	1	0.812271	0.812271	0.752625	1
-0.00204013	-0.31033	0.756312	0.756312	1	1	1	0.999791	0.965609	1
0.00734812	1.37768	0.168311	0.270533	1	1	0.956415	0.924238	0.715322	1
-0.000755794	-0.121436	0.903346	0.939019	1	1	1	0.998896	0.959806	1
-0.0015	-0.2199	0.825951	0.825951	1	1	1	0.999185	0.952541	1
0.0034553	0.615647	0.538132	0.566977	1	1	0.999998	0.996572	0.796152	1
0.00396905	0.505477	0.613228	0.645279	1	1	1	0.997558	0.801913	1
0.0057124	0.760615	0.446892	0.446892	1	1	0.999958	0.998082	0.865421	1
-0.000124254	-0.0157931	0.9874	0.988029	1	1	1	0.999793	0.9874	1
0.00354886	0.451989	0.65128	0.692059	1	1	1	0.998283	0.787971	1
0.000967044	0.125358	0.900241	0.900241	1	1	1	0.999872	0.918867	1
0.0028249	0.378539	0.705033	0.768952	1	1	1	0.994877	0.856111	1
-0.00611172	-0.783733	0.433203	0.598369	1	1	0.999936	0.989348	0.695587	1
-0.002857	-0.365639	0.714637	0.822045	1	1	1	0.996173	0.744312	1
-0.00311422	-0.399474	0.689546	0.707943	1	1	1	0.999051	0.847976	1
0.00121964	0.15515	0.876704	0.876704	1	1	1	0.99999	0.965567	1
-0.00592121	-0.759433	0.447599	0.457107	1	1	0.999958	0.998539	0.859056	1
-0.00428157	-0.544542	0.586073	0.662487	1	1	1	0.999138	0.905346	1
0.00194696	0.251515	0.801418	0.834524	1	1	1	0.99907	0.851506	1
0.0113001	1.43039	0.152616	0.223163	1	1	0.940108	0.929322	0.656737	1
0.009772	1.27766	0.201378	0.248352	1	1	0.978132	0.953283	0.684686	1
-0.00847738	-1.11846	0.263381	0.263381	1	1	0.994465	0.983845	0.802694	1
-0.00746844	-0.965446	0.334329	0.334329	1	1	0.999011	0.996645	0.978436	1
-0.00961763	-1.27727	0.201517	0.201517	1	1	0.978197	0.972695	0.880056	1
-0.0113618	-1.45218	0.146461	0.207875	1	1	0.932267	0.872384	0.497966	1
-0.00261132	-0.342948	0.73164	0.782543	1	1	1	0.999753	0.903427	1
-0.0118415	-1.51674	0.129343	0.156596	1	1	0.905071	0.810257	0.322835	1
0.00727605	0.96417	0.334968	0.418974	1	1	0.999027	0.983079	0.711808	1
-0.00115244	-0.152517	0.87878	0.87878	1	1	1	0.999662	0.933704	1
-0.00346689	-0.446807	0.655017	0.655017	1	1	1	0.999931	0.956423	1
-0.010422	-1.40371	0.160415	0.280272	1	1	0.94882	0.922687	0.681765	1
-0.00599006	-0.829952	0.406572	0.406572	1	1	0.99986	0.994584	0.863965	1
-0.00179038	-0.237131	0.812557	0.831363	1	1	1	0.999769	0.961804	1
-0.0119953	-1.58619	0.112705	0.269961	1	1	0.869035	0.833652	0.576814	1
-0.000321973	-0.043191	0.96555	0.969318	1	1	1	0.997967	0.96555	1
0.00399191	0.50067	0.616607	0.630218	1	1	1	0.998782	0.915778	1
0.00207739	0.267476	0.789104	0.870912	1	1	1	0.998022	0.953608	1
0.00640638	0.813261	0.416074	0.509993	1	1	0.999893	0.990589	0.7054	1
-0.00431274	-0.575224	0.565144	0.674387	1	1	0.999999	0.998721	0.916032	1
0.00138238	0.174069	0.861813	0.869497	1	1	1	0.999674	0.901128	1
0.0143476	1.82313	0.0682929	0.099496	1	1	0.699566	0.677544	0.367859	1
0.00219101	0.28341	0.776864	0.783711	1	1	1	0.998896	0.915696	1
0.00208411	0.278728	0.780455	0.780455	1	1	1	0.999525	0.939353	1
0.00475833	0.609471	0.542216	0.542216	1	1	0.999998	0.998707	0.870795	1
0.00196893	0.25297	0.800293	0.848592	1	1	1	0.999682	0.932611	1
0.00271769	0.349506	0.726712	0.749562	1	1	1	0.999432	0.882436	1
-0.00587392	-0.748859	0.453947	0.453947	1	1	0.999966	0.999616	0.890832	1
-0.00456844	-0.581566	0.560863	0.560863	1	1	0.999999	0.998841	0.85985	1
-0.00395012	-0.499904	0.617146	0.617146	1	1	1	0.999141	0.922048	1
0.000729587	0.0942662	0.924898	0.926484	1	1	1	0.998964	0.924898	1
0.0164201	2.08541	0.0370398	0.167139	0.629677	0.592637	0.473569	0.45332	0.314838	1
0.00235269	0.306572	0.759171	0.759171	1	1	1	0.999979	0.925984	1
-0.00188399	-0.24818	0.803997	0.853767	1	1	1	0.991501	0.803997	1
-0.00385889	-0.500727	0.616566	0.616566	1	1	1	0.999931	0.966311	1
-0.00119651	-0.158835	0.8738	0.8738	1	1	1	1	0.999562	1
0.00403371	0.512932	0.608003	0.608003	1	1	1	0.998755	0.834178	1
0.00539065	0.703749	0.481594	0.523626	1	1	0.999986	0.996092	0.717547	1
0.00703211	0.905313	0.365306	0.468382	1	1	0.99956	0.989392	0.736703	1
-0.000320876	-0.0425669	0.966047	0.966222	1	1	1	0.999767	0.966047	1
0.00246177	0.325371	0.744902	0.745398	1	1	1	0.99993	0.999284	1
0.00103582	0.131683	0.895236	0.895236	1	1	1	0.99988	0.983481	1
-0.00916902	-1.23337	0.217448	0.354235	1	1	0.984522	0.958726	0.596802	1
-0.00893767	-1.23349	0.217401	0.349605	1	1	0.984506	0.964094	0.704929	1
0.00363147	0.482081	0.629752	0.629752	1	1	1	0.998932	0.823522	1
-0.00264745	-0.354288	0.723125	0.723125	1	1	1	0.999398	0.912877	1
0.00581555	0.774143	0.438852	0.566326	1	1	0.999946	0.990922	0.678226	1
-0.00565286	-0.708215	0.478817	0.478817	1	1	0.999985	0.998989	0.997391	1
0.00833865	1.06942	0.284889	0.335141	1	1	0.996655	0.98721	0.856992	1
-0.00682474	-0.832645	0.405052	0.405052	1	1	0.999853	0.998394	0.96303	1
-0.0113597	-1.37879	0.167972	0.217145	1	1	0.956112	0.947251	0.71006	1
0.00569185	0.699767	0.484078	0.689213	1	1	0.999987	0.990271	0.653551	1
0.00925396	1.13587	0.256019	0.468085	1	1	0.993445	0.961348	0.548677	1
0.00487894	0.605642	0.544757	0.74804	1	1	0.999998	0.965511	0.661491	1
0.0136388	1.67987	0.0929932	0.459279	1	0.929932	0.809726	0.623205	0.197611	0.679692
0.00298195	0.357309	0.720863	0.794644	1	1	1	0.999435	0.89115	1
0.00543101	0.650372	0.515457	0.732852	1	1	0.999996	0.973291	0.63914	1
0.000905647	0.118757	0.905469	0.905469	1	1	1	0.99992	0.985518	1
0.0087503	1.16526	0.243924	0.243924	1	1	0.991378	0.978062	0.691119	1
0.00349711	0.440239	0.659767	0.790542	1	1	1	0.995441	0.862773	1
0.00975469	1.23789	0.215767	0.215767	1	1	0.983947	0.957559	0.570868	1
0.00436782	0.535368	0.5924	0.5924	1	1	1	0.999751	0.943259	1
0.0130374	1.58121	0.11384	0.11384	1	1	0.871853	0.871853	0.707836	1
-0.00266867	-0.409446	0.682215	0.770898	1	1	1	0.991419	0.828404	1
0.00768392	1.04937	0.294016	0.423047	1	1	0.997311	0.973845	0.624783	1
0.0168332	2.19514	0.0281608	0.0397934	0.478733	0.450572	0.384674	0.366844	0.18208	0.626274
-0.00769919	-1.0326	0.301798	0.301798	1	1	0.997773	0.99063	0.95022	1
-0.011439	-1.48802	0.136757	0.164946	1	1	0.917915	0.872396	0.581216	1
-0.00610972	-0.773353	0.439319	0.439319	1	1	0.999947	0.99693	0.900618	1
0.00308506	0.451315	0.651766	0.72453	1	1	1	0.998472	0.864278	1
-0.00329408	-0.430129	0.667105	0.762121	1	1	1	0.998254	0.872368	1
-0.0106386	-1.37194	0.170094	0.170094	1	1	0.957976	0.938985	0.664583	1
0.00591367	0.796991	0.425462	0.425462	1	1	0.999919	0.999257	0.93343	1
0.00252663	0.339786	0.73402	0.73402	1	1	1	0.999976	0.98363	1
0.000611798	0.0828214	0.933994	0.941804	1	1	1	0.99986	0.964742	1
-0.000995737	-0.136191	0.891672	0.916833	1	1	1	0.999987	0.985729	1
-0.00668989	-0.891644	0.372591	0.536662	1	1	0.999638	0.975989	0.633404	1
-0.00681076	-0.907251	0.364281	0.42303	1	1	0.999548	0.989219	0.774098	1
-0.018429	-2.48161	0.0130845	0.0130845	0.222436	0.209352	0.200609	0.19001	0.111218	0.382541
-0.0188632	-2.55982	0.0104773	0.145467	0.178114	0.157159	0.163939	0.14614	0.0593713	0.204211
-0.00966593	-1.24689	0.212447	0.295292	1	1	0.982751	0.964688	0.696598	1
-0.0042812	-0.555135	0.578807	0.578807	1	1	1	0.999583	0.933285	1
-0.00793995	-1.0153	0.309972	0.354666	1	1	0.998177	0.975528	0.658689	1
-0.00234782	-0.299329	0.764691	0.773148	1	1	1	0.999991	0.990189	1
0.000322986	0.0412948	0.967061	0.974694	1	1	1	0.99931	0.967061	1
-0.00386304	-0.493516	0.621652	0.621652	1	1	1	0.999841	0.977793	1
-0.00601696	-0.809509	0.418229	0.418229	1	1	0.9999	0.997374	0.888736	1
-0.00224959	-0.3104	0.756259	0.756259	1	1	1	0.999602	0.840914	1
-0.0154802	-1.97565	0.0482036	0.150839	0.819461	0.771258	0.568234	0.546367	0.409731	1
-0.00759054	-0.972167	0.330975	0.499499	1	1	0.998922	0.979668	0.549644	1
-0.0109708	-1.36928	0.170921	0.170921	1	1	0.958683	0.939891	0.75956	1
-0.0145651	-1.84182	0.0655113	0.0655113	1	0.98267	0.683948	0.638082	0.371231	1
-0.00127283	-0.170183	0.864868	0.864868	1	1	1	0.99952	0.918922	1
-0.00365848	-0.487219	0.626107	0.626107	1	1	1	0.999618	0.888289	1
-0.00584826	-0.744842	0.456373	0.473572	1	1	0.999968	0.997746	0.856843	1
-0.0106064	-1.35637	0.174992	0.174992	1	1	0.962	0.953939	0.982067	1
-0.00735321	-0.989321	0.322514	0.558195	1	1	0.998666	0.955618	0.548274	1
-0.00739821	-0.995238	0.319628	0.355378	1	1	0.998566	0.993965	0.776505	1
-0.00588553	-0.756551	0.449325	0.499499	1	1	0.999961	0.997659	0.76044	1
-0.0110938	-1.44113	0.149559	0.314054	1	1	0.936327	0.911963	0.630394	1
0.00524115	0.67497	0.4997	0.585603	1	1	0.999992	0.9928	0.745841	1
0.00405313	0.522341	0.601436	0.717297	1	1	1	0.995832	0.786494	1
-0.00743843	-1.06518	0.286805	0.477628	1	1	0.996804	0.965953	0.557001	1
-0.00649252	-0.935849	0.349359	0.478979	1	1	0.999329	0.986404	0.649076	1
-0.01173	-1.48264	0.138181	0.255976	1	1	0.920187	0.875311	0.587268	1
-0.00624629	-0.79058	0.429195	0.429195	1	1	0.999928	0.997904	0.892837	1
-0.00263504	-0.346705	0.728815	0.788115	1	1	1	0.997827	0.825991	1
-0.00314086	-0.416681	0.676914	0.676914	1	1	1	0.999881	0.985376	1
-0.00328569	-0.410987	0.681085	0.681085	1	1	1	0.998554	0.89065	1
-0.00395885	-0.493345	0.621773	0.657219	1	1	1	0.997756	0.74256	1
-0.00882705	-1.14974	0.25026	0.30657	1	1	0.992527	0.957926	0.607774	1
-0.0153945	-1.947	0.0515442	0.225	0.876251	0.824707	0.593285	0.571181	0.325562	1
-0.00578264	-0.811832	0.416895	0.485605	1	1	0.999896	0.995456	0.796618	1
-0.011662	-1.52647	0.126903	0.223508	1	1	0.900444	0.850419	0.371978	1
0.00422837	0.604628	0.545431	0.545431	1	1	0.999998	0.999629	0.971385	1
0.00791397	1.11502	0.26485	0.26485	1	1	0.99465	0.986533	0.899734	1
0.00492625	0.686388	0.492474	0.601657	1	1	0.99999	0.995598	0.805904	1
0.000347978	0.0518032	0.958686	0.966585	1	1	1	0.999944	0.960764	1
-0.00164953	-0.209587	0.833992	0.856007	1	1	1	0.999533	0.945191	1
0.00413156	0.521137	0.602275	0.602275	1	1	1	0.999541	0.814183	1
-0.0109315	-1.44878	0.147408	0.22399	1	1	0.933534	0.908564	0.719347	1
-0.00153988	-0.204017	0.838342	0.866163	1	1	1	0.998435	0.838342	1
0.00647726	0.88376	0.376833	0.545462	1	1	0.999678	0.970361	0.530221	1
0.014484	1.9039	0.0569331	0.163988	0.967863	0.853997	0.630833	0.584915	0.322621	1
0.00937535	1.33795	0.180924	0.373441	1	1	0.966387	0.908822	0.512618	1
0.0113623	1.65009	0.0989349	0.140692	1	1	0.829841	0.741875	0.324042	1
0.0120256	1.66372	0.0961788	0.359485	1	1	0.820773	0.731421	0.327008	1
0.0289945	3.85047	0.000118131	0.0172077	0.00200822	0.00200822	0.00200632	0.00200632	0.00200822	0.00690738
0.00765666	1.12119	0.262216	0.499499	1	1	0.994314	0.958355	0.450527	1
-7.99706e-07	-0.000113485	0.999909	0.999914	1	1	1	0.999909	0.999909	1
0.000317228	0.0458715	0.963413	0.963413	1	1	1	0.99985	0.980108	1
-0.00462461	-0.648683	0.516548	0.586924	1	1	0.999996	0.995682	0.748472	1
0.00025665	0.0349281	0.972137	0.984574	1	1	1	0.994172	0.972137	1
0.00538774	0.715863	0.474081	0.499499	1	1	0.999982	0.996922	0.814666	1
0.0102147	1.47569	0.140036	0.140036	1	1	0.923058	0.859317	0.476124	1
0.00672525	0.970527	0.331792	0.331792	1	1	0.998944	0.994705	0.920471	1
0.00964197	1.45871	0.144657	0.172979	1	1	0.929792	0.859737	0.40986	1
0.0071214	1.05984	0.289228	0.48244	1	1	0.996984	0.97661	0.582234	1
0.0131054	1.8858	0.0593317	0.118189	1	0.889976	0.646475	0.600472	0.336213	1
0.0141696	1.99391	0.046171	0.144646	0.784906	0.692564	0.552288	0.507895	0.261635	0.899909
0.00331435	0.45879	0.646389	0.646389	1	1	1	0.999329	0.987262	1
0.00148986	0.208759	0.834638	0.844078	1	1	1	0.999899	0.870762	1
0.000859223	0.119873	0.904585	0.904585	1	1	1	0.999975	0.961121	1
0.000206977	0.0290397	0.976833	0.983446	1	1	1	1	0.991682	1
0.00754937	1.09041	0.275543	0.275543	1	1	0.995829	0.97115	0.669175	1
0.00451672	0.65259	0.514026	0.514026	1	1	0.999995	0.998682	0.908138	1
0.000301303	0.0429233	0.965763	0.975441	1	1	1	0.997878	0.965763	1
0.000767909	0.107283	0.914565	0.914565	1	1	1	0.999639	0.935004	1
0.0127434	1.73083	0.0834919	0.174371	1	1	0.772848	0.704942	0.354841	1
0.00623148	0.820815	0.411758	0.436518	1	1	0.999879	0.998283	0.787629	1
0.00754898	1.09827	0.272093	0.272093	1	1	0.995478	0.969603	0.660798	1
0.00729261	1.04101	0.29788	0.29788	1	1	0.997551	0.991769	0.814042	1
0.00326541	0.454357	0.649575	0.649575	1	1	1	0.999579	0.946767	1
0.00497013	0.673698	0.500509	0.500509	1	1	0.999993	0.998849	0.818073	1
-1.93129e-05	-0.00291383	0.997675	0.998266	1	1	1	0.998793	0.997675	1
0.0027369	0.400996	0.688426	0.688426	1	1	1	0.999085	0.847657	1
-0.00934983	-1.27887	0.200953	0.360844	1	1	0.977934	0.94587	0.600168	1
-0.00651414	-0.92524	0.354849	0.635831	1	1	0.999419	0.950077	0.502702	1
0.00363132	0.48801	0.625546	0.625546	1	1	1	0.999855	0.992071	1
0.000685776	0.0889107	0.929153	0.929153	1	1	1	0.999975	0.97264	1
-0.0106424	-1.33649	0.181399	0.492498	1	1	0.966716	0.874114	0.356127	1
0.013526	1.79337	0.0729244	0.227043	1	1	0.723969	0.653573	0.309929	1
-0.00489642	-0.628912	0.529412	0.655685	1	1	0.999997	0.992457	0.692307	1
-0.00989616	-1.3396	0.180386	0.180386	1	1	0.966009	0.938265	0.766639	1
-0.00303901	-0.403119	0.686864	0.686864	1	1	1	0.999971	0.963471	1
0.00123217	0.161688	0.871552	0.884617	1	1	1	0.995531	0.871552	1
-0.00846984	-1.06022	0.289055	0.342959	1	1	0.996972	0.988146	0.831936	1
-0.0139129	-1.74027	0.0818209	0.120832	1	1	0.765704	0.722086	0.307727	1
0.000317898	0.041183	0.96715	0.967265	1	1	1	0.998319	0.96715	1
0.000944282	0.122516	0.902491	0.917311	1	1	1	0.997946	0.958897	1
-0.00521046	-0.731097	0.464725	0.481471	1	1	0.999976	0.998069	0.762138	1
-0.00326044	-0.444201	0.6569	0.6569	1	1	1	0.999812	0.993432	1
0.00237763	0.300041	0.764148	0.775555	1	1	1	0.999828	0.863333	1
-0.0140805	-1.79529	0.072617	0.072617	1	1	0.722409	0.651961	0.308622	1
-0.00691538	-0.880956	0.378349	0.378349	1	1	0.999691	0.997929	0.975112	1
-0.00370887	-0.479814	0.631363	0.631363	1	1	1	0.9997	0.946285	1
-0.00228921	-0.315049	0.752726	0.849143	1	1	1	0.992318	0.825337	1
-0.00647345	-0.875709	0.381195	0.507577	1	1	0.999714	0.984842	0.648031	1
-0.00653781	-0.815574	0.41475	0.544603	1	1	0.999889	0.982817	0.609006	1
-0.00510412	-0.643594	0.519844	0.603326	1	1	0.999996	0.995597	0.745007	1
0.0041945	0.522455	0.601358	0.601358	1	1	1	0.999362	0.955518	1
-0.00445493	-0.560538	0.575116	0.575116	1	1	1	0.999918	0.930059	1
0.0135076	1.67124	0.0946842	0.126409	1	1	0.815667	0.796389	0.497253	1
0.00863021	1.07145	0.283975	0.469895	1	1	0.996582	0.974637	0.598272	1
0.0105363	1.35045	0.176882	0.250753	1	1	0.963452	0.920382	0.601398	1
0.00762867	0.986316	0.323986	0.502263	1	1	0.998714	0.973082	0.550776	1
0.00147252	0.193874	0.846276	0.846276	1	1	1	0.999982	0.925873	1
0.00241406	0.313225	0.754112	0.754112	1	1	1	0.999779	0.976094	1
0.00968394	1.22265	0.221472	0.414692	1	1	0.985821	0.936318	0.537861	1
-0.000693972	-0.0882412	0.929686	0.950037	1	1	1	0.999999	0.986981	1
-0.000347379	-0.0432182	0.965528	0.976488	1	1	1	0.998812	0.992649	1
-0.00950604	-1.1887	0.234567	0.234567	1	1	0.989373	0.952403	0.569663	1
0.000156056	0.0204383	0.983694	0.990209	1	1	1	0.999945	0.998696	1
0.00384968	0.494806	0.620741	0.665499	1	1	1	0.998871	0.886562	1
-0.00884049	-1.12039	0.262555	0.339889	1	1	0.994358	0.974133	0.644758	1
-0.0122154	-1.55558	0.119819	0.206435	1	1	0.885785	0.783796	0.339487	1
0.00296348	0.372635	0.709423	0.725328	1	1	1	0.998643	0.834212	1
0.00060395	0.0751871	0.940066	0.940289	1	1	1	0.999198	0.940066	1
0.0013922	0.183694	0.854255	0.893491	1	1	1	0.999377	0.957257	1
0.00435079	0.581354	0.561006	0.699789	1	1	0.999999	0.98265	0.635807	1
-0.00567549	-0.708009	0.478945	0.566967	1	1	0.999985	0.990851	0.740188	1
-0.00647706	-0.79788	0.424946	0.520684	1	1	0.999918	0.991468	0.722408	1
-0.00850216	-1.04156	0.297622	0.500355	1	1	0.997536	0.963555	0.505957	1
-0.0018404	-0.2273	0.820192	0.820192	1	1	1	0.99938	0.929551	1
0.00291365	0.360078	0.718791	0.718791	1	1	1	0.999577	0.896653	1
-0.00242706	-0.301987	0.762664	0.842453	1	1	1	0.996908	0.864353	1
-0.00754424	-0.950954	0.341635	0.562877	1	1	0.99918	0.955746	0.527982	1
-0.0167364	-2.16536	0.0303683	0.0943045	0.51626	0.485892	0.408008	0.389467	0.25813	0.887852
-0.0028408	-0.46112	0.644716	0.754604	1	1	1	0.973277	0.730678	1
-0.00814995	-1.10175	0.27058	0.362188	1	1	0.995316	0.986093	0.694118	1
0.00164489	0.234924	0.81427	0.81427	1	1	1	0.999833	0.972357	1
-0.00118122	-0.164955	0.868981	0.868981	1	1	1	0.999683	0.915564	1
0.000633128	0.0879465	0.92992	0.935782	1	1	1	0.998916	0.92992	1
0.00163181	0.243036	0.807979	0.838358	1	1	1	0.99864	0.916445	1
-0.00474692	-0.608192	0.543065	0.594397	1	1	0.999998	0.9981	0.910963	1
-0.000656084	-0.0836538	0.933332	0.951654	1	1	1	0.9999	0.964177	1
-0.00894897	-1.15957	0.246233	0.387018	1	1	0.991815	0.974644	0.649627	1
-0.000101471	-0.013124	0.989529	0.989925	1	1	1	0.999892	0.989529	1
0.00220792	0.333417	0.738822	0.738822	1	1	1	0.999963	0.932271	1
0.00979589	1.36139	0.173401	0.316772	1	1	0.960734	0.876904	0.371022	1
0.00475364	0.793604	0.427432	0.588411	1	1	0.999924	0.988449	0.668214	1
0.00733306	1.18153	0.237403	0.463104	1	1	0.990023	0.956178	0.522994	1
0.0012085	0.166496	0.867768	0.909782	1	1	1	0.998909	0.882536	1
0.0179062	2.36924	0.0178309	0.0528814	0.303125	0.285294	0.26351	0.25014	0.151563	0.521307
0.00266478	0.393414	0.694017	0.737237	1	1	1	0.999923	0.861824	1
-0.00485529	-0.691265	0.489405	0.574888	1	1	0.999989	0.995673	0.667048	1
-0.00583533	-0.784556	0.43272	0.583261	1	1	0.999935	0.981095	0.668749	1
-0.00614105	-0.812131	0.416723	0.416723	1	1	0.999895	0.997342	0.848334	1
-0.000968092	-0.135724	0.89204	0.918808	1	1	1	0.988121	0.89204	1
0.000329312	0.045585	0.963641	0.964722	1	1	1	0.999216	0.999678	1
0.0105174	1.44451	0.148606	0.148606	1	1	0.935104	0.894845	0.593046	1
0.00763386	1.03941	0.298621	0.333365	1	1	0.997595	0.985828	0.773297	1
0.00368906	0.536906	0.591337	0.591337	1	1	1	0.999222	0.940102	1
0.00526419	0.763873	0.444949	0.560337	1	1	0.999955	0.991838	0.630344	1
0.0116036	1.7595	0.0785031	0.0785031	1	1	0.750887	0.706635	0.444851	1
0.00948908	1.39334	0.163527	0.286847	1	1	0.951951	0.906143	0.555991	1
0.00201731	0.276253	0.782356	0.818621	1	1	1	0.997203	0.88667	1
-0.00311356	-0.428807	0.668066	0.668066	1	1	1	0.999601	0.825538	1
-0.00531412	-0.768417	0.442246	0.545972	1	1	0.999951	0.98833	0.626515	1
-0.0109275	-1.57848	0.114466	0.377139	1	1	0.873385	0.772754	0.324321	1
0.00422542	0.594161	0.552409	0.737063	1	1	0.999999	0.982036	0.686053	1
-0.00151525	-0.21266	0.831593	0.891707	1	1	1	0.999196	0.950648	1
-0.00580306	-0.766351	0.443474	0.499499	1	1	0.999953	0.996256	0.837672	1
-0.00938479	-1.23851	0.215536	0.39688	1	1	0.983866	0.94569	0.559032	1
0.016474	2.28951	0.0220566	0.149476	0.374962	0.352905	0.315563	0.300126	0.186724	0.642246
0.00945285	1.28609	0.198422	0.357015	1	1	0.976715	0.970951	0.607061	1
0.00333021	0.466521	0.640846	0.640846	1	1	1	0.999274	0.825711	1
0.00481719	0.670117	0.502788	0.502788	1	1	0.999993	0.998477	0.906904	1
-0.0036833	-0.516677	0.605385	0.627133	1	1	1	0.99883	0.726708	1
0.00112131	0.150457	0.880405	0.88179	1	1	1	0.999522	0.935431	1
-0.000177866	-0.0251935	0.979901	0.987807	1	1	1	0.999596	0.999845	1
0.0033611	0.472088	0.636868	0.636868	1	1	1	0.999741	0.902229	1
-0.0121432	-1.61268	0.106825	0.106825	1	1	0.853473	0.769765	0.363207	1
-0.01163	-1.58884	0.112106	0.182486	1	1	0.867524	0.759933	0.317634	1
-0.000103631	-0.0138729	0.988931	0.988931	1	1	1	0.999988	0.988931	1
-0.0102052	-1.3335	0.182378	0.182378	1	1	0.967387	0.940333	0.661359	1
-0.00249327	-0.326267	0.744225	0.744225	1	1	1	0.999928	0.911694	1
-0.015256	-1.9441	0.0518931	0.282862	0.882182	0.726503	0.59582	0.525755	0.220546	0.758578
0.00733748	0.996407	0.31906	0.31906	1	1	0.998545	0.993233	0.886629	1
0.0123632	1.65412	0.0981131	0.0981131	1	1	0.827183	0.764425	0.416981	1
0.00481512	0.611471	0.540892	0.540892	1	1	0.999998	0.998699	0.919517	1
-0.000176839	-0.0262028	0.979096	0.983011	1	1	1	0.999853	0.979096	1
0.00165794	0.209929	0.833724	0.833724	1	1	1	0.999151	0.845437	1
0.0092563	1.15945	0.246283	0.373272	1	1	0.991824	0.974666	0.625477	1
-0.0102266	-1.37446	0.169309	0.193075	1	1	0.957296	0.948592	0.81641	1
-0.000809582	-0.10846	0.913632	0.913632	1	1	1	0.999358	0.970734	1
0.0065959	0.869443	0.384612	0.460925	1	1	0.99974	0.995207	0.804434	1
0.0114585	1.53036	0.125939	0.186231	1	1	0.89856	0.883944	0.733749	1
0.00873449	1.13017	0.258413	0.377826	1	1	0.993795	0.949694	0.549128	1
0.0118084	1.55428	0.120128	0.189583	1	1	0.886464	0.833323	0.510543	1
0.0159222	2.1359	0.0326951	0.0326951	0.555817	0.523122	0.4317	0.412492	0.277909	0.955881
0.0255409	3.38712	0.000707209	0.0406183	0.0120226	0.0113154	0.0119548	0.0112555	0.00601128	0.0206761
0.00983309	1.284	0.199152	0.490305	1	1	0.977073	0.891483	0.394384	1
0.00128352	0.167025	0.867352	0.867352	1	1	1	0.99969	0.988701	1
0.00734157	0.94337	0.345499	0.345499	1	1	0.999258	0.990559	0.737011	1
5.69139e-07	7.32832e-05	0.999942	0.999952	1	1	1	0.999962	0.999942	1
-0.000714072	-0.0924492	0.926342	0.956636	1	1	1	0.999823	0.984238	1
0.00332144	0.422818	0.672431	0.672431	1	1	1	0.999924	0.937623	1
0.00564638	0.796056	0.426006	0.454532	1	1	0.99992	0.996118	0.74685	1
0.00298504	0.423791	0.671721	0.674456	1	1	1	0.999565	0.88309	1
0.00662586	0.894393	0.371119	0.499499	1	1	0.999624	0.984614	0.654711	1
0.00322764	0.426783	0.66954	0.757253	1	1	1	0.997812	0.875553	1
0.0106276	1.37098	0.170392	0.224562	1	1	0.958232	0.911824	0.579331	1
0.0133989	1.73916	0.0820167	0.171675	1	1	0.766551	0.745694	0.558543	1
0.000215144	0.029235	0.976677	0.976677	1	1	1	0.999989	0.990519	1
0.00197662	0.269817	0.787303	0.819859	1	1	1	0.999318	0.885891	1
0.00296029	0.391528	0.69541	0.706159	1	1	1	0.99842	0.788131	1
0.00612051	0.799762	0.423855	0.423855	1	1	0.999915	0.998662	0.936551	1
0.00577777	0.836995	0.402602	0.474229	1	1	0.999843	0.994211	0.707531	1
0.00289502	0.415731	0.67761	0.67761	1	1	1	0.999913	0.892357	1
0.00625759	0.839419	0.401241	0.499499	1	1	0.999837	0.990648	0.642143	1
0.00986669	1.31396	0.188871	0.2172	1	1	0.971521	0.934209	0.642162	1
0.00497479	0.648756	0.516501	0.519718	1	1	0.999996	0.998716	0.805626	1
0.00214323	0.276528	0.782144	0.797973	1	1	1	0.999848	0.994271	1
0.00376124	0.552262	0.580773	0.742693	1	1	1	0.996281	0.759472	1
0.00492016	0.718176	0.472654	0.499499	1	1	0.999981	0.996846	0.746126	1
0.00688527	0.904449	0.365765	0.485355	1	1	0.999565	0.992964	0.720392	1
0.00648828	0.837107	0.402539	0.416155	1	1	0.999843	0.996652	0.739396	1
-8.20965e-05	-0.0117268	0.990644	0.990644	1	1	1	0.999946	0.990644	1
0.0018884	0.265601	0.790548	0.790548	1	1	1	0.999687	0.935422	1
-0.00657468	-0.852929	0.393705	0.499499	1	1	0.999798	0.98893	0.697569	1
0.000190303	0.0252045	0.979892	0.982637	1	1	1	0.99998	0.988858	1
0.00957051	1.20462	0.228358	0.266508	1	1	0.987808	0.973465	0.792089	1
0.00729846	0.951155	0.341533	0.403247	1	1	0.999178	0.98991	0.749162	1
-0.0113003	-1.46329	0.143397	0.143397	1	1	0.928013	0.869549	0.408436	1
-0.0112946	-1.48846	0.136639	0.175521	1	1	0.917724	0.872152	0.580716	1
0.00574385	0.797798	0.424994	0.424994	1	1	0.999918	0.997728	0.952544	1
0.0107819	1.4396	0.149992	0.149992	1	1	0.936876	0.897216	0.592702	1
0.00742726	1.00276	0.315984	0.396593	1	1	0.998429	0.981898	0.671465	1
-0.000224307	-0.0332027	0.973513	0.977904	1	1	1	0.999936	0.973513	1
-0.00124597	-0.158297	0.874224	0.874224	1	1	1	0.999673	0.928863	1
0.00417057	0.526336	0.598659	0.598659	1	1	1	0.999284	0.79829	1
-0.00879196	-1.18624	0.235536	0.235536	1	1	0.989599	0.969546	0.800823	1
-0.00264366	-0.35721	0.720937	0.720937	1	1	1	0.999868	0.982073	1
0.000685647	0.0900026	0.928286	0.941559	1	1	1	0.998346	0.928286	1
0.00623343	0.817108	0.413873	0.450744	1	1	0.999886	0.995215	0.857843	1
0.00955782	1.22613	0.22016	0.481816	1	1	0.985409	0.916813	0.451732	1
0.00744053	0.979292	0.327444	0.401778	1	1	0.998821	0.991435	0.76713	1
0.0168642	2.27854	0.0227013	0.0589777	0.385922	0.323109	0.323194	0.278495	0.0945071	0.325062
0.0253113	3.41383	0.000641403	0.0245018	0.0109039	0.0102624	0.0108481	0.0102132	0.00545193	0.0187522
0.00833273	1.1921	0.233233	0.233233	1	1	0.989053	0.981381	0.771374	1
0.00331476	0.468237	0.639618	0.723688	1	1	1	0.997809	0.84539	1
0.00373765	0.518363	0.604208	0.752501	1	1	1	0.996156	0.850684	1
-0.000720639	-0.0972597	0.922521	0.939512	1	1	1	0.999993	0.965832	1
0.00165157	0.215365	0.829484	0.871844	1	1	1	0.999755	0.985908	1
0.00591951	0.764012	0.444866	0.480397	1	1	0.999955	0.998186	0.798733	1
0.0114678	1.62324	0.104549	0.104549	1	1	0.846993	0.786899	0.444333	1
0.00687029	0.983994	0.325127	0.325127	1	1	0.99875	0.993976	0.960596	1
0.0177352	2.57864	0.00992379	0.0303822	0.168704	0.148857	0.155953	0.138948	0.0562348	0.193423
0.0109417	1.5844	0.113112	0.130127	1	1	0.870053	0.834793	0.594496	1
0.0138333	1.92939	0.0536915	0.0536915	0.912755	0.805372	0.608658	0.56299	0.304252	1
0.0152668	2.10501	0.0352982	0.0352982	0.60007	0.529473	0.457147	0.416694	0.200023	0.68799
0.00472683	0.64523	0.518783	0.622253	1	1	0.999996	0.997124	0.817009	1
0.00292321	0.401913	0.687751	0.759173	1	1	1	0.992692	0.730735	1
0.00364776	0.480751	0.630697	0.630697	1	1	1	0.998937	0.879521	1
0.00536196	0.717878	0.472838	0.499499	1	1	0.999981	0.996856	0.790066	1
0.00857502	1.18727	0.23513	0.23513	1	1	0.989505	0.959908	0.6662	1
0.00772242	1.0733	0.283147	0.283147	1	1	0.996514	0.986799	0.841673	1
0.00386382	0.517829	0.604581	0.715405	1	1	1	0.996492	0.798279	1
0.00762875	1.01608	0.309598	0.424481	1	1	0.99816	0.983261	0.737221	1
0.00357171	0.461937	0.64413	0.659811	1	1	1	0.998894	0.858445	1
-0.000564919	-0.0719006	0.942682	0.961398	1	1	1	0.999871	0.942682	1
0.0106424	1.53013	0.125994	0.191972	1	1	0.898669	0.848225	0.533156	1
0.0110163	1.57958	0.114213	0.262045	1	1	0.872766	0.83784	0.523233	1
0.00731628	0.973179	0.330472	0.393825	1	1	0.998908	0.987881	0.681102	1
0.00418674	0.554397	0.579311	0.579311	1	1	1	0.999587	0.966046	1
-0.000866374	-0.12445	0.90096	0.90096	1	1	1	0.999962	0.973313	1
0.00374526	0.535188	0.592524	0.644765	1	1	1	0.99924	0.868141	1
0.00027221	0.034752	0.972278	0.977009	1	1	1	0.992863	0.972278	1
-0.00115806	-0.151499	0.879583	0.88607	1	1	1	0.997464	0.911789	1
0.00468291	0.632164	0.527284	0.527284	1	1	0.999997	0.998821	0.904211	1
0.00496856	0.648197	0.516863	0.62947	1	1	0.999996	0.993855	0.798788	1
0.019948	2.62749	0.00860608	0.00860608	0.146303	0.129091	0.136651	0.121597	0.0487678	0.167739
0.0116956	1.54306	0.122827	0.167249	1	1	0.892243	0.840342	0.522016	1
0.00477121	0.615371	0.538314	0.538314	1	1	0.999998	0.9985	0.742152	1
0.00171502	0.213914	0.830615	0.877034	1	1	1	0.997337	0.882529	1
-0.0060583	-0.79396	0.427225	0.501259	1	1	0.999923	0.994427	0.66156	1
0.0179475	2.27842	0.0227083	0.0547426	0.386041	0.386041	0.323276	0.323276	0.300606	1
0.0219251	2.87375	0.00405912	0.00733442	0.0690051	0.0690051	0.0668091	0.0668091	0.0336733	0.115821
0.0143608	1.86823	0.0617399	0.141818	1	0.926099	0.66155	0.615542	0.34986	1
0.00571413	0.847773	0.396571	0.462253	1	1	0.999814	0.995711	0.823822	1
0.00718369	1.09676	0.272754	0.440201	1	1	0.995548	0.978114	0.63712	1
0.00314409	0.42217	0.672904	0.672904	1	1	1	0.999695	0.90114	1
0.00723476	0.978935	0.32762	0.499499	1	1	0.998827	0.98711	0.584785	1
-0.00435549	-0.574261	0.565795	0.565795	1	1	0.999999	0.998959	0.949383	1
0.00210258	0.269798	0.787317	0.807254	1	1	1	0.99831	0.867534	1
-0.00244101	-0.313337	0.754027	0.754027	1	1	1	0.998568	0.82318	1
-0.00986099	-1.24728	0.212305	0.321535	1	1	0.982698	0.955058	0.651237	1
0.00175057	0.235225	0.814036	0.814036	1	1	1	0.999959	0.983558	1
0.00224704	0.299915	0.764244	0.764244	1	1	1	0.999954	0.98768	1
0.00796587	1.04108	0.297847	0.297847	1	1	0.997549	0.989917	0.982873	1
0.00832404	1.07274	0.283395	0.283395	1	1	0.996535	0.986859	0.932385	1
0.00398465	0.517776	0.604618	0.604618	1	1	1	0.999299	0.856543	1
0.00184397	0.235106	0.814128	0.837182	1	1	1	0.999778	0.938485	1
-0.00336355	-0.45779	0.647107	0.647107	1	1	1	0.998901	0.866622	1
-9.86152e-05	-0.0133633	0.989338	0.989338	1	1	1	0.999652	0.989338	1
-0.00455614	-0.611956	0.540572	0.541753	1	1	0.999998	0.99822	0.841442	1
-0.00140533	-0.190512	0.84891	0.84891	1	1	1	0.998778	0.962098	1
-0.013055	-1.73979	0.0819068	0.0819068	1	1	0.766076	0.722475	0.464138	1
-0.0132311	-1.75336	0.0795499	0.0795499	1	1	0.755655	0.711595	0.377495	1
0.00166273	0.219607	0.826179	0.826179	1	1	1	0.999802	0.933044	1
0.00106848	0.141951	0.887119	0.904881	1	1	1	0.996069	0.925984	1
0.00427878	0.556441	0.577913	0.577913	1	1	1	0.99839	0.818711	1
0.00654316	0.858422	0.390666	0.499499	1	1	0.99978	0.992514	0.737925	1
0.00223363	0.309384	0.757032	0.787021	1	1	1	0.998928	0.919253	1
0.00158742	0.220848	0.825212	0.825212	1	1	1	0.999933	0.984268	1
0.00988339	1.30458	0.192046	0.20179	1	1	0.973358	0.949486	0.805886	1
0.00456162	0.601208	0.547706	0.576765	1	1	0.999999	0.998249	0.9311	1
0.00761312	1.01116	0.311947	0.311947	1	1	0.998264	0.992254	0.913288	1
0.00113431	0.147619	0.882644	0.899637	1	1	1	0.999978	0.996402	1
0.00209397	0.268854	0.788044	0.788044	1	1	1	0.999755	0.991678	1
-0.00218695	-0.283934	0.776463	0.776463	1	1	1	0.999811	0.887112	1
0.000598467	0.0771722	0.938487	0.938487	1	1	1	0.999786	0.938487	1
-0.000130947	-0.0171356	0.986329	0.988944	1	1	1	0.999826	0.986329	1
0.000407368	0.0577312	0.953963	0.953963	1	1	1	0.999985	0.953963	1
0.00485089	0.69347	0.48802	0.499499	1	1	0.999989	0.999108	0.8748	1
0.00326013	0.433545	0.664622	0.664622	1	1	1	0.999569	0.903358	1
0.00399335	0.539205	0.589749	0.589749	1	1	1	0.998719	0.835478	1
0.00155574	0.210164	0.833541	0.83427	1	1	1	0.999055	0.868073	1
-0.00839297	-1.12553	0.260371	0.423161	1	1	0.994068	0.963763	0.593855	1
-0.00286168	-0.440775	0.659379	0.659379	1	1	1	0.999881	0.881051	1
-0.0131765	-1.865	0.0621916	0.118792	1	0.995065	0.664309	0.642047	0.490631	1
0.00577254	0.754609	0.45049	0.632531	1	1	0.999962	0.984846	0.638194	1
0.0086438	1.10913	0.267384	0.293097	1	1	0.994955	0.976094	0.685871	1
7.82334e-05	0.010532	0.991597	0.991597	1	1	1	0.99996	0.991597	1
0.00414388	0.562044	0.57409	0.633468	1	1	1	0.99518	0.750733	1
0.00291378	0.370341	0.711131	0.779003	1	1	1	0.999942	0.968795	1
0.0084579	1.0656	0.286614	0.478498	1	1	0.99679	0.967801	0.554856	1
-0.00445121	-0.581251	0.561075	0.721849	1	1	0.999999	0.996861	0.867117	1
-0.00358716	-0.463973	0.64267	0.717168	1	1	1	0.998876	0.818331	1
-0.0018714	-0.270687	0.786634	0.786634	1	1	1	0.99988	0.90653	1
-0.00715323	-1.00298	0.315879	0.45148	1	1	0.998425	0.987621	0.58006	1
-0.00157217	-0.218736	0.826857	0.826857	1	1	1	0.999235	0.903752	1
0.00419334	0.574644	0.565536	0.5926	1	1	0.999999	0.997779	0.828787	1
0.00723318	0.968137	0.332984	0.419011	1	1	0.998976	0.982567	0.70759	1
-0.00747566	-0.98748	0.323415	0.331729	1	1	0.998695	0.990798	0.766985	1
0.00491384	0.629292	0.529162	0.529162	1	1	0.999997	0.999679	0.83419	1
0.00737025	0.9382	0.348149	0.390087	1	1	0.999307	0.994115	0.746108	1
0.0080575	1.02125	0.307142	0.480473	1	1	0.998046	0.974506	0.592531	1
0.0105346	1.331	0.183198	0.227848	1	1	0.967938	0.892035	0.44491	1
7.62459e-05	0.0101217	0.991924	0.993233	1	1	1	0.999997	0.999919	1
0.00343875	0.458026	0.646937	0.654729	1	1	1	0.999734	0.921801	1
-0.00510203	-0.639213	0.522689	0.522689	1	1	0.999997	0.998714	0.72215	1
-0.000982381	-0.123835	0.901447	0.91052	1	1	1	0.997461	0.901447	1
0.00309221	0.396195	0.691964	0.691964	1	1	1	0.99986	0.942554	1
0.00107498	0.138373	0.889946	0.927136	1	1	1	0.999853	0.928805	1
-0.00400047	-0.549537	0.582641	0.582641	1	1	1	0.99984	0.941624	1
0.00113928	0.152616	0.878702	0.878702	1	1	1	0.999993	0.94556	1
0.000371589	0.0479733	0.961738	0.976239	1	1	1	0.999635	0.961738	1
0.00976617	1.2644	0.206097	0.385813	1	1	0.980228	0.900534	0.437955	1
0.00836158	1.10527	0.269052	0.372007	1	1	0.995146	0.956462	0.571735	1
0.0147259	1.94581	0.0516862	0.106543	0.878666	0.723607	0.594319	0.524305	0.187571	0.64516
0.00484026	0.631028	0.528027	0.611745	1	1	0.999997	0.994783	0.701761	1
0.00737303	0.95696	0.338595	0.415578	1	1	0.999113	0.992992	0.793931	1
0.013916	1.79554	0.0725775	0.120575	1	1	0.722208	0.700469	0.381305	1
0.0187145	2.43613	0.014851	0.0319755	0.252468	0.252468	0.224588	0.224588	0.252468	0.868375
-0.0079271	-1.0816	0.279439	0.372145	1	1	0.996195	0.972812	0.678637	1
-0.00757501	-1.04507	0.295997	0.313916	1	1	0.997437	0.989566	0.793379	1
0.00357512	0.493333	0.621781	0.695577	1	1	1	0.997073	0.727956	1
0.00144342	0.200492	0.841098	0.848518	1	1	1	0.999765	0.940081	1
0.0168827	2.13003	0.0331771	0.229252	0.564011	0.530834	0.436495	0.417158	0.195244	0.671552
0.0100874	1.26006	0.207659	0.20955	1	1	0.980879	0.961561	0.731476	1
0.00655843	0.820047	0.412196	0.661249	1	1	0.999881	0.929828	0.539026	1
0.0101557	1.26515	0.205829	0.391878	1	1	0.980114	0.937054	0.506535	1
0.0106867	1.35062	0.176829	0.176829	1	1	0.963412	0.904574	0.501014	1
0.00978094	1.24635	0.212646	0.44734	1	1	0.982825	0.943241	0.506292	1
0.0157177	1.97534	0.0482384	0.0482384	0.820053	0.675338	0.568502	0.499511	0.201909	0.694477
0.0217557	2.77047	0.00560087	0.00560087	0.0952148	0.0952148	0.0910656	0.0910656	0.0952148	0.327496
0.00460939	0.617571	0.536863	0.64178	1	1	0.999998	0.990131	0.760556	1
-0.00697681	-0.894755	0.370925	0.406127	1	1	0.999622	0.990294	0.788216	1
0.00996087	1.43937	0.150057	0.216893	1	1	0.936959	0.879201	0.510195	1
0.0118992	1.7792	0.0752176	0.164429	1	1	0.73535	0.713824	0.513037	1
0.00429749	0.594887	0.551923	0.574637	1	1	0.999999	0.997619	0.783457	1
0.00359038	0.538951	0.589924	0.703476	1	1	1	0.995299	0.794863	1
0.00747	0.935917	0.349323	0.490288	1	1	0.999328	0.986396	0.67924	1
0.0114453	1.42943	0.152891	0.152891	1	1	0.940439	0.884333	0.445677	1
-0.00967057	-1.29707	0.194617	0.393255	1	1	0.974763	0.940016	0.563261	1
0.000494947	0.0680291	0.945763	0.956859	1	1	1	0.99399	0.945763	1
0.00828334	1.06033	0.289005	0.491775	1	1	0.996968	0.966988	0.54238	1
0.0135933	1.80322	0.0713631	0.173284	1	1	0.715959	0.670626	0.309387	1
0.00756885	1.02058	0.307464	0.490957	1	1	0.998061	0.974624	0.598869	1
0.0124843	1.73073	0.0835105	0.145741	1	1	0.772926	0.705025	0.35492	1
0.0124681	1.7033	0.0885215	0.0885215	1	1	0.793134	0.773043	0.752432	1
0.0229691	3.03056	0.0024431	0.0141146	0.0415326	0.0415326	0.0407307	0.0407307	0.0415326	0.142854
0.00997632	1.39855	0.161958	0.235804	1	1	0.950395	0.91572	0.599602	1
0.00163311	0.220182	0.825731	0.825731	1	1	1	0.999995	0.988434	1
0.0100663	1.45927	0.144501	0.144501	1	1	0.929574	0.917679	0.913602	1
0.00163479	0.226553	0.820773	0.820773	1	1	1	0.999969	0.901456	1
0.00788528	1.06044	0.288952	0.440538	1	1	0.996964	0.972851	0.614022	1
0.0114184	1.47637	0.139856	0.253654	1	1	0.922784	0.858933	0.475511	1
0.015391	2.17895	0.0293427	0.044498	0.498826	0.393388	0.397273	0.329023	0.0997653	0.343148
0.0169047	2.4006	0.0163743	0.128972	0.278363	0.261989	0.244721	0.232148	0.139182	0.478723
0.0135744	2.15277	0.0313448	0.0983434	0.532861	0.532861	0.418062	0.418062	0.383498	1
0.0123407	1.83872	0.0659661	0.199594	1	0.989492	0.686553	0.640715	0.373808	1
0.00425293	0.615903	0.537963	0.621636	1	1	0.999998	0.993461	0.70349	1
0.0052022	0.721161	0.470816	0.470816	1	1	0.99998	0.998278	0.760047	1
0.0108249	1.50436	0.132499	0.457115	1	1	0.910754	0.781188	0.28156	0.968442
0.000607855	0.0824074	0.934323	0.950954	1	1	1	0.999762	0.934323	1
0.0114693	1.61175	0.107027	0.242545	1	1	0.854033	0.770438	0.363891	1
0.0131606	1.75066	0.0800152	0.27302	1	1	0.757746	0.736676	0.438696	1
0.00812144	1.08659	0.277227	0.413364	1	1	0.995991	0.979675	0.698355	1
0.00896319	1.1791	0.238369	0.238369	1	1	0.990235	0.970981	0.810453	1
0.0134723	1.85494	0.0636139	0.0636139	1	1	0.67286	0.650635	0.540718	1
0.00541908	0.738356	0.460304	0.653716	1	1	0.999972	0.983723	0.652097	1
0.0261793	3.35289	0.000800713	0.000826092	0.0136121	0.0136121	0.0135253	0.0135253	0.0136121	0.0468196
4.01692e-06	0.000526032	0.99958	0.99958	1	1	1	0.999998	0.99958	1
0.00503681	0.709736	0.477873	0.614606	1	1	0.999984	0.993566	0.738532	1
0.00437318	0.619913	0.535319	0.641811	1	1	0.999998	0.995322	0.801741	1
0.00877388	1.27824	0.201174	0.281511	1	1	0.978037	0.946064	0.683991	1
0.0103247	1.36692	0.171662	0.171662	1	1	0.959306	0.913563	0.583651	1
0.00339979	0.470204	0.638213	0.638213	1	1	1	0.999838	0.971268	1
0.0140946	1.91619	0.0553508	0.1551	0.940964	0.940964	0.620161	0.620161	0.410976	1
-0.0085237	-1.07921	0.280502	0.280502	1	1	0.996289	0.986152	0.953708	1
0.000453778	0.0573344	0.954279	0.960117	1	1	1	0.99938	0.954279	1
0.0054655	0.707226	0.479432	0.479432	1	1	0.999985	0.999506	0.990985	1
-0.00469574	-0.596811	0.550638	0.550638	1	1	0.999999	0.99997	0.991541	1
-0.00370985	-0.472567	0.636525	0.636525	1	1	1	0.999859	0.874159	1
-0.00442063	-0.562013	0.574111	0.574111	1	1	1	0.999539	0.936677	1
-0.00865486	-1.09246	0.27464	0.395491	1	1	0.99574	0.984611	0.668503	1
0.00400239	0.515989	0.605866	0.605866	1	1	1	0.99977	0.858206	1
0.00301587	0.381979	0.70248	0.747677	1	1	1	0.995871	0.70248	1
0.00549568	0.696556	0.486086	0.499499	1	1	0.999988	0.9975	0.804111	1
-0.0102369	-1.28892	0.197435	0.447814	1	1	0.976223	0.911022	0.470035	1
0.00803072	1.04672	0.295239	0.295239	1	1	0.99739	0.992543	0.857473	1
0.00105593	0.133663	0.89367	0.918642	1	1	1	0.997939	0.933968	1
0.00456911	0.580199	0.561785	0.561785	1	1	0.999999	0.998972	0.63575	1
0.00386042	0.489832	0.624257	0.624257	1	1	1	0.999906	0.879956	1
-0.00669621	-0.853313	0.393492	0.393492	1	1	0.999797	0.995915	0.955624	1
-0.00840838	-1.05827	0.289939	0.289939	1	1	0.997035	0.991718	0.889026	1
-0.00406392	-0.529224	0.596654	0.596654	1	1	1	0.999717	0.839812	1
0.00836453	1.08149	0.279488	0.279488	1	1	0.996199	0.994725	0.831054	1
-0.000764993	-0.10055	0.919908	0.939517	1	1	1	0.999634	0.925082	1
-0.00710702	-0.919389	0.357899	0.357899	1	1	0.999464	0.995088	0.89727	1
-0.000632091	-0.0834417	0.933501	0.949584	1	1	1	0.999514	0.954535	1
-0.00103637	-0.134789	0.89278	0.89278	1	1	1	0.999992	0.953065	1
-0.00790821	-1.01625	0.309518	0.373458	1	1	0.998157	0.982991	0.751686	1
0.0016545	0.210988	0.832898	0.895638	1	1	1	0.995334	0.896264	1
0.00018544	0.0241304	0.980749	0.980749	1	1	1	0.999976	0.986698	1
-0.010776	-1.45474	0.145753	0.145753	1	1	0.931305	0.905864	0.654243	1
-0.00443419	-0.589455	0.55556	0.55556	1	1	0.999999	0.998556	0.858593	1
-0.00681836	-0.897831	0.369283	0.369283	1	1	0.999604	0.997501	0.926716	1
-0.0121538	-1.65258	0.0984268	0.295373	1	1	0.828203	0.76557	0.392122	1
0.00198233	0.248852	0.803477	0.803477	1	1	1	0.999942	0.900925	1
-0.00707328	-0.951881	0.341165	0.499499	1	1	0.99917	0.976612	0.644422	1
0.00291994	0.385775	0.699666	0.704223	1	1	1	0.99992	0.96197	1
-0.0134129	-1.77517	0.07588	0.116874	1	1	0.738554	0.668719	0.32249	1
-0.00639809	-0.845713	0.39772	0.454098	1	1	0.999819	0.995614	0.771963	1
-0.0133706	-1.77088	0.0765902	0.133879	1	1	0.741949	0.697366	0.339308	1
-0.00552924	-0.720748	0.47107	0.615331	1	1	0.99998	0.981722	0.616014	1
-0.00920769	-1.24022	0.214903	0.31094	1	1	0.983643	0.956947	0.610491	1
-0.000976314	-0.130371	0.896274	0.896274	1	1	1	0.999946	0.980739	1
-0.00676939	-0.931029	0.351846	0.499499	1	1	0.999371	0.985025	0.609644	1
-0.00270727	-0.34925	0.726904	0.726904	1	1	1	0.999863	0.989962	1
0.00425867	0.575048	0.565263	0.685589	1	1	0.999999	0.989961	0.659129	1
-0.0169936	-2.24343	0.0248762	0.0962951	0.422896	0.398019	0.348348	0.331724	0.211448	0.727286
-0.0111571	-1.4906	0.136078	0.227225	1	1	0.91681	0.870983	0.57833	1
0.00626007	0.788059	0.430668	0.599409	1	1	0.999931	0.988961	0.732136	1
-0.0130508	-1.7768	0.0756104	0.218544	1	1	0.737254	0.715763	0.481664	1
-0.00758977	-1.00233	0.316193	0.316193	1	1	0.998437	0.989548	0.773868	1
0.00390468	0.545277	0.585567	0.653158	1	1	1	0.996324	0.829554	1
-0.00242596	-0.32217	0.747326	0.803034	1	1	1	0.998978	0.846969	1
-0.00471435	-0.612493	0.540216	0.540216	1	1	0.999998	0.998343	0.721238	1
-0.015673	-2.03962	0.0413971	0.210645	0.70375	0.662353	0.51263	0.491583	0.242811	0.835163
-0.0161439	-2.10447	0.035346	0.035346	0.600882	0.600882	0.457604	0.457604	0.422418	1
-0.00579604	-0.741688	0.458282	0.499499	1	1	0.99997	0.996702	0.747187	1
-0.0115016	-1.51984	0.128562	0.275713	1	1	0.903613	0.832863	0.370837	1
-0.0181965	-2.33805	0.0193912	0.025675	0.32965	0.310259	0.28315	0.268974	0.120855	0.415685
-0.00321398	-0.431829	0.665869	0.764953	1	1	1	0.987665	0.707486	1
-0.00507268	-0.647622	0.517234	0.531718	1	1	0.999996	0.998428	0.799926	1
-0.0215795	-2.82159	0.00478175	0.0594161	0.0812898	0.0812898	0.0782533	0.0782533	0.0812898	0.279601
-0.0193725	-2.53487	0.0112537	0.0759845	0.191312	0.180059	0.175021	0.165631	0.0915096	0.314752
-0.0117937	-1.55177	0.120728	0.120728	1	1	0.887775	0.854841	0.684128	1
-0.00616958	-0.813799	0.415767	0.572867	1	1	0.999892	0.984189	0.602541	1
-0.00485194	-0.638589	0.523095	0.729425	1	1	0.999997	0.941149	0.592841	1
-0.00445987	-0.662748	0.507497	0.512919	1	1	0.999994	0.998005	0.702521	1
-0.0143491	-1.89702	0.0578349	0.171746	0.983194	0.813723	0.636789	0.566831	0.245798	0.845437
-0.0175997	-2.3374	0.019425	0.0910223	0.330225	0.3108	0.283569	0.269377	0.165112	0.567912
-0.0127523	-1.68648	0.0917127	0.140515	1	1	0.805108	0.805108	0.745676	1
-0.0101157	-1.35818	0.174418	0.174418	1	1	0.961547	0.931665	0.741276	1
0.00578721	0.810088	0.417896	0.517053	1	1	0.999899	0.99537	0.710423	1
-0.00277526	-0.373885	0.708493	0.708493	1	1	1	0.998798	0.802958	1
-0.0139761	-1.88574	0.059339	0.0866978	1	0.830746	0.646521	0.575318	0.252191	0.867424
0.00236443	0.314426	0.7532	0.769298	1	1	1	0.999774	0.907143	1
-0.00282993	-0.390663	0.696049	0.814199	1	1	1	0.998502	0.761092	1
-0.00380806	-0.499479	0.617446	0.617446	1	1	1	0.99842	0.807429	1
-0.0075923	-1.01664	0.309334	0.528804	1	1	0.998148	0.948222	0.525868	1
-0.00576442	-0.795307	0.426441	0.507751	1	1	0.999921	0.993863	0.682803	1
0.00453065	0.66989	0.502933	0.502933	1	1	0.999993	0.998613	0.797232	1
0.00677509	1.00215	0.31628	0.31628	1	1	0.998441	0.995121	0.935529	1
0.00221359	0.288498	0.772967	0.772967	1	1	1	0.999726	0.931399	1
-0.00714534	-1.0235	0.306078	0.367253	1	1	0.997994	0.99135	0.697091	1
0.00125215	0.189418	0.849766	0.849766	1	1	1	0.999824	0.876905	1
-0.00921212	-0.986941	0.323682	0.452044	1	1	0.998704	0.990842	0.704942	1
0.00171751	0.183228	0.854621	0.854621	1	1	1	0.99971	0.957515	1
0.00996759	1.05373	0.292019	0.492531	1	1	0.997179	0.968362	0.536608	1
-0.0110122	-1.16386	0.244492	0.352996	1	1	0.991487	0.973872	0.641708	1
0.0103324	1.09779	0.27231	0.359209	1	1	0.995501	0.980164	0.771545	1
-0.00261298	-0.275501	0.782934	0.782934	1	1	1	0.999943	0.887325	1
0.00823341	0.879869	0.378939	0.378939	1	1	0.999696	0.996707	0.842568	1
-0.00671913	-0.712705	0.476036	0.499499	1	1	0.999983	0.997023	0.857461	1
-0.00620144	-0.658293	0.510356	0.635156	1	1	0.999995	0.991094	0.623074	1
-0.0103129	-1.09433	0.273823	0.339132	1	1	0.995658	0.990715	0.807846	1
0.0158303	1.68237	0.0925109	0.0925109	1	1	0.807999	0.788426	0.723196	1
-0.0124936	-1.32249	0.186019	0.238215	1	1	0.96977	0.9154	0.527054	1
-0.00709468	-0.751728	0.452222	0.452222	1	1	0.999964	0.997568	0.919154	1
-0.00411434	-0.438397	0.661103	0.661103	1	1	1	0.999634	0.885224	1
-0.00172601	-0.182247	0.85539	0.864419	1	1	1	0.999905	0.942033	1
0.0123274	1.3166	0.187986	0.187986	1	1	0.970988	0.956	0.851976	1
0.00411311	0.441234	0.659048	0.76848	1	1	1	0.999464	0.891392	1
-0.00944382	-1.00613	0.314365	0.314365	1	1	0.998365	0.994927	0.927416	1
-0.00354672	-0.376404	0.70662	0.70662	1	1	1	0.999944	0.988065	1
0.0115099	1.21748	0.223435	0.223435	1	1	0.986416	0.977475	0.871718	1
0.0148369	1.56409	0.117811	0.204871	1	1	0.881274	0.865419	0.656957	1
-0.0129648	-1.37193	0.1701	0.398525	1	1	0.957982	0.893265	0.481951	1
0.014295	1.51662	0.129376	0.129376	1	1	0.905131	0.856242	0.480577	1
0.00445256	0.470184	0.638228	0.638228	1	1	1	0.999894	0.943355	1
0.0231471	2.44506	0.0144905	0.0501429	0.246338	0.217357	0.219749	0.196636	0.0821127	0.282431
-0.0185926	-1.98588	0.0470588	0.219836	0.8	0.8	0.55932	0.55932	0.434694	1
-0.0124214	-1.31457	0.188667	0.296796	1	1	0.971398	0.933993	0.619782	1
-0.0145905	-1.57274	0.115794	0.115794	1	1	0.876573	0.860409	0.968056	1
0.003493	0.371886	0.709981	0.709981	1	1	1	0.99995	0.924416	1
-0.016998	-1.80894	0.0704742	0.169839	1	0.986639	0.711302	0.640532	0.248152	0.853533
0.00617416	0.654326	0.512909	0.663004	1	1	0.999995	0.991998	0.660906	1
-0.020225	-2.14375	0.0320633	0.223005	0.545076	0.545076	0.425357	0.425357	0.384664	1
0.0200115	2.12492	0.033604	0.0645851	0.571267	0.571267	0.440709	0.440709	0.571267	1
0.0133865	1.41382	0.157429	0.157429	1	1	0.945636	0.935478	0.854373	1
0.0150117	1.59799	0.11006	0.11006	1	1	0.862236	0.845199	0.922274	1
-0.0243931	-2.5814	0.00984614	0.0320152	0.167384	0.167384	0.154827	0.154827	0.167384	0.575728
-0.0249182	-2.64437	0.00818991	0.00818991	0.139228	0.139228	0.130469	0.130469	0.139228	0.478884
0.00713903	0.767831	0.442596	0.626437	1	1	0.999952	0.983282	0.60351	1
0.0135922	1.43798	0.150453	0.362175	1	1	0.937456	0.897994	0.520214	1
0.00608182	0.651976	0.514423	0.514423	1	1	0.999995	0.999272	0.974704	1
0.00225103	0.237411	0.81234	0.856286	1	1	1	0.999535	0.872641	1
0.00329472	0.347826	0.727974	0.727974	1	1	1	0.999945	0.982399	1
6.21199e-05	0.00654073	0.994781	0.994781	1	1	1	0.999955	0.994781	1
0.00688324	0.739263	0.459755	0.459755	1	1	0.999972	0.998856	0.953029	1
-0.0140984	-1.51223	0.130489	0.156535	1	1	0.907173	0.813233	0.369719	1
-0.000961967	-0.102087	0.918688	0.919107	1	1	1	0.999784	0.976106	1
1.847e-06	0.000195822	0.999844	0.999844	1	1	1	0.999968	0.999844	1
0.000130352	0.013775	0.98901	0.989214	1	1	1	0.999988	0.98901	1
0.00621782	0.66051	0.508933	0.508933	1	1	0.999994	0.999579	0.992242	1
0.013718	1.44393	0.148773	0.172621	1	1	0.93532	0.930112	0.639594	1
-0.00720584	-0.761425	0.446411	0.553961	1	1	0.999957	0.991851	0.758899	1
0.00142181	0.149402	0.881238	0.926977	1	1	1	0.997968	0.881238	1
0.0129058	1.3855	0.165912	0.245179	1	1	0.954228	0.921121	0.705128	1
-0.0054048	-0.57471	0.565493	0.565493	1	1	0.999999	0.999749	0.983694	1
-0.00293264	-0.311792	0.755201	0.823782	1	1	1	0.997409	0.85152	1
-0.00209564	-0.225177	0.821844	0.849374	1	1	1	0.999037	0.83368	1
0.00255451	0.272031	0.785601	0.823874	1	1	1	0.999903	0.92911	1
0.0027021	0.293008	0.769519	0.769519	1	1	1	0.999766	0.863108	1
0.0117898	1.2474	0.212262	0.371096	1	1	0.982682	0.964539	0.61058	1
0.005745	0.606826	0.543972	0.543972	1	1	0.999998	0.999147	0.869119	1
-0.00908946	-0.964134	0.334989	0.41043	1	1	0.999027	0.990298	0.739835	1
-0.00212355	-0.225756	0.821393	0.821393	1	1	1	0.999506	0.930912	1
0.0104885	1.12376	0.261126	0.326651	1	1	0.99417	0.985546	0.802915	1
-0.00996004	-1.05083	0.29335	0.29335	1	1	0.997268	0.994529	0.803829	1
0.0141698	1.50606	0.132065	0.234087	1	1	0.909992	0.909992	0.741826	1
-0.000387574	-0.0413122	0.967047	0.967047	1	1	1	0.999982	0.98964	1
-0.00275942	-0.292622	0.769813	0.860776	1	1	1	0.997192	0.886803	1
-0.00295659	-0.31523	0.75259	0.75259	1	1	1	0.999771	0.893454	1
0.0102074	1.08315	0.278754	0.491524	1	1	0.996133	0.961908	0.540164	1
-0.00379388	-0.403996	0.686219	0.686219	1	1	1	0.999528	0.821639	1
-0.00360262	-0.38699	0.698767	0.698767	1	1	1	0.99998	0.920764	1
0.0287786	3.04254	0.00234858	0.00234858	0.0399259	0.0399259	0.0391845	0.0391845	0.0399259	0.137327
0.0054801	0.580888	0.561322	0.561322	1	1	0.999999	0.99978	0.854268	1
-0.00182284	-0.194044	0.846143	0.848609	1	1	1	0.999321	0.912509	1
-0.0042929	-0.456285	0.648189	0.682822	1	1	1	0.997582	0.787087	1
-0.00716583	-0.760748	0.446816	0.557094	1	1	0.999957	0.991231	0.759587	1
-0.0152684	-1.60898	0.107634	0.172928	1	1	0.855712	0.818806	0.498831	1
-0.00430446	-0.460284	0.645316	0.645316	1	1	1	0.999849	0.914198	1
0.00255301	0.276268	0.782345	0.782345	1	1	1	0.999971	0.963588	1
-0.000119772	-0.0125725	0.989969	0.991384	1	1	1	0.999986	0.989969	1
0.00464557	0.495709	0.620105	0.620105	1	1	1	0.999835	0.923557	1
-0.00391329	-0.412466	0.680002	0.680002	1	1	1	0.999329	0.829338	1
-0.00441765	-0.469336	0.638834	0.7153	1	1	1	0.988453	0.724012	1
-0.00352999	-0.373798	0.708558	0.742973	1	1	1	0.99803	0.795661	1
0.0128121	1.36356	0.172719	0.172719	1	1	0.96018	0.930745	0.633547	1
-0.0052702	-0.553501	0.579926	0.659691	1	1	1	0.997692	0.892011	1
-0.00578024	-0.610548	0.541505	0.541505	1	1	0.999998	0.99996	0.933063	1
-0.0112379	-1.19299	0.232885	0.232885	1	1	0.988969	0.981254	0.89564	1
0.0141721	1.5147	0.129863	0.243641	1	1	0.906029	0.892004	0.653804	1
0.00622348	0.662793	0.50747	0.50747	1	1	0.999994	0.99916	0.931171	1
0.00738379	0.787194	0.431177	0.499499	1	1	0.999932	0.995351	0.698568	1
0.00135361	0.148263	0.882136	0.904628	1	1	1	0.99774	0.882136	1
-0.0108022	-1.16556	0.243806	0.243806	1	1	0.991355	0.973562	0.743986	1
0.00503421	0.547058	0.584344	0.632223	1	1	1	0.997856	0.810844	1
-0.0190189	-2.02265	0.0431214	0.137464	0.733064	0.733064	0.527321	0.527321	0.354278	1
-0.00175626	-0.187064	0.851612	0.851612	1	1	1	0.999757	0.904838	1
0.00425413	0.452355	0.651017	0.651017	1	1	1	0.999719	0.987954	1
-0.00605803	-0.644942	0.518971	0.565558	1	1	0.999996	0.99528	0.802047	1
-0.00466463	-0.492724	0.622212	0.768882	1	1	1	0.998902	0.841002	1
0.0104771	1.14078	0.253972	0.373622	1	1	0.993132	0.97217	0.719586	1
0.00245817	0.26328	0.792337	0.792337	1	1	1	0.999972	0.924126	1
-0.00333802	-0.355584	0.722155	0.722155	1	1	1	0.999918	0.887052	1
-0.00602589	-0.652147	0.514313	0.514313	1	1	0.999995	0.99927	0.95662	1
0.00584855	0.622362	0.53371	0.625396	1	1	0.999998	0.995207	0.824824	1
-0.00612514	-0.660798	0.508749	0.57973	1	1	0.999994	0.994546	0.786248	1
-0.0104044	-1.10425	0.269496	0.441553	1	1	0.995196	0.987677	0.572821	1
-0.00140516	-0.149619	0.881066	0.881066	1	1	1	0.999974	0.985336	1
0.00979691	1.03739	0.299567	0.443247	1	1	0.997649	0.971577	0.568348	1
-0.00568378	-0.602353	0.546945	0.546945	1	1	0.999999	0.999962	0.91621	1
0.000819193	0.086486	0.931081	0.931081	1	1	1	0.999982	0.986549	1
0.00436086	0.459752	0.645699	0.645699	1	1	1	0.999901	0.928807	1
-0.0155528	-1.63941	0.101142	0.101142	1	1	0.836791	0.836791	0.847063	1
-0.0160791	-1.6968	0.0897476	0.0897476	1	1	0.797814	0.777879	0.625099	1
-0.00241515	-0.257294	0.796954	0.796954	1	1	1	0.999992	0.926693	1
-0.00356265	-0.378994	0.704696	0.704696	1	1	1	0.999942	0.939255	1
-0.000832885	-0.0880683	0.929823	0.929823	1	1	1	0.999994	0.989097	1
-0.00446482	-0.476311	0.633858	0.649763	1	1	1	0.999118	0.812085	1
-0.000868662	-0.0921356	0.926591	0.926591	1	1	1	0.999969	0.938565	1
-0.0129482	-1.37631	0.168738	0.291134	1	1	0.956794	0.947869	0.715232	1
0.0140256	1.48754	0.136885	0.136885	1	1	0.918122	0.905137	0.805684	1
-0.00327459	-0.355395	0.722297	0.722297	1	1	1	0.999873	0.958399	1
-0.00377128	-0.411413	0.680774	0.680774	1	1	1	0.999892	0.988046	1
0.00481835	0.52078	0.602525	0.620594	1	1	1	0.998433	0.878445	1
-0.0106176	-1.12586	0.260235	0.260235	1	1	0.994049	0.980129	0.829493	1
0.0139514	1.48594	0.13731	0.13731	1	1	0.918805	0.873536	0.474534	1
-0.00404802	-0.428851	0.668036	0.668036	1	1	1	0.999969	0.928968	1
0.0019499	0.206624	0.836305	0.845687	1	1	1	0.999786	0.942191	1
-0.0032405	-0.348608	0.727387	0.727387	1	1	1	0.99959	0.904116	1
0.00311634	0.338412	0.735056	0.735056	1	1	1	0.999616	0.81779	1
-0.00256312	-0.272091	0.785554	0.845591	1	1	1	0.989103	0.834651	1
-0.00398557	-0.42111	0.673679	0.673679	1	1	1	0.999059	0.886001	1
-0.0054461	-0.574561	0.565594	0.565594	1	1	0.999999	0.998928	0.863588	1
-0.00605399	-0.645458	0.518637	0.553209	1	1	0.999996	0.997195	0.881683	1
0.00853306	0.921328	0.356889	0.499499	1	1	0.999449	0.99173	0.612018	1
0.00607599	0.651788	0.514545	0.588553	1	1	0.999995	0.994817	0.728939	1
0.0116525	1.23063	0.218472	0.499499	1	1	0.984862	0.919638	0.41267	1
0.0131585	1.44784	0.147676	0.196684	1	1	0.933887	0.933887	0.714896	1
-0.0186102	-1.98274	0.0474088	0.0474088	0.805949	0.75854	0.562063	0.540267	0.402975	1
-0.0161959	-1.77	0.0767411	0.0767411	1	1	0.742665	0.721275	0.641045	1
-0.00360199	-0.382232	0.702293	0.702293	1	1	1	0.999988	0.919611	1
-0.0118085	-1.25396	0.209869	0.396747	1	1	0.981766	0.940791	0.59463	1
-0.00523204	-0.556451	0.577908	0.577908	1	1	1	0.999575	0.870497	1
-0.00952498	-1.00865	0.313154	0.313154	1	1	0.998315	0.983951	0.760517	1
0.00211392	0.222753	0.82373	0.82373	1	1	1	0.999615	0.859998	1
0.0152799	1.6763	0.0936922	0.0936922	1	1	0.812204	0.771369	0.530923	1
0.00183648	0.196111	0.844525	0.844525	1	1	1	0.999948	0.905876	1
0.00577588	0.611483	0.540886	0.540886	1	1	0.999998	0.999809	0.932972	1
-0.00841975	-0.902925	0.366575	0.366575	1	1	0.999575	0.997357	0.98949	1
0.0149514	1.59814	0.110027	0.110027	1	1	0.862149	0.804441	0.467613	1
0.0101478	1.1078	0.267961	0.267961	1	1	0.995022	0.98731	0.935802	1
0.00465976	0.498937	0.617829	0.617829	1	1	1	0.999545	0.857387	1
0.0156038	1.64541	0.099899	0.281861	1	1	0.83291	0.814365	0.551697	1
0.014676	1.56264	0.118151	0.1319	1	1	0.882049	0.866246	0.678044	1
-0.0180907	-1.91647	0.0553175	0.0553175	0.940398	0.940398	0.619934	0.619934	0.847262	1
-0.0101593	-1.07616	0.281865	0.488789	1	1	0.996407	0.96352	0.532811	1
0.0111166	1.18477	0.236121	0.236121	1	1	0.989734	0.969848	0.7034	1
0.00898713	0.956236	0.338963	0.429246	1	1	0.999121	0.993038	0.782019	1
-0.00636139	-0.6726	0.501209	0.501209	1	1	0.999993	0.999525	0.918632	1
-0.00222589	-0.234899	0.814289	0.814289	1	1	1	0.999764	0.940688	1
-0.00252488	-0.268732	0.788138	0.788138	1	1	1	0.99965	0.957025	1
0.00690515	0.727345	0.467022	0.499499	1	1	0.999977	0.998573	0.882153	1
-0.0167785	-1.77179	0.0764426	0.247034	1	1	0.741247	0.69664	0.305621	1
0.00431605	0.462004	0.644083	0.644083	1	1	1	0.99982	0.849028	1
0.00711252	0.758922	0.447907	0.447907	1	1	0.999959	0.999392	0.976582	1
0.00722147	0.775525	0.438037	0.499499	1	1	0.999944	0.99806	0.719841	1
-0.00416335	-0.438562	0.660983	0.660983	1	1	1	0.999662	0.936393	1
-0.0103946	-1.09447	0.273759	0.273759	1	1	0.995651	0.984367	0.888929	1
0.00115444	0.121974	0.90292	0.923601	1	1	1	0.999083	0.959353	1
0.00491942	0.519729	0.603257	0.603257	1	1	1	0.999907	0.940652	1
-0.00560498	-0.596163	0.551072	0.551072	1	1	0.999999	0.999437	0.993964	1
-0.00520874	-0.549018	0.582998	0.582998	1	1	1	0.999787	0.782218	1
0.00556566	0.619587	0.535536	0.634893	1	1	0.999998	0.991263	0.628822	1
0.00578741	0.619383	0.53567	0.53567	1	1	0.999998	0.998453	0.842154	1
-0.0119902	-1.28784	0.197815	0.378863	1	1	0.976413	0.963346	0.595766	1
-0.00121385	-0.129722	0.896787	0.902091	1	1	1	0.999829	0.943505	1
0.015015	1.59106	0.11161	0.30344	1	1	0.866261	0.830546	0.503934	1
0.00422137	0.447862	0.654257	0.79626	1	1	1	0.996675	0.815423	1
0.00726159	0.777021	0.437154	0.499499	1	1	0.999943	0.997239	0.694698	1
-0.00999727	-1.06034	0.289002	0.289002	1	1	0.996968	0.983311	0.722378	1
-0.00188567	-0.20613	0.836691	0.908544	1	1	1	0.999589	0.871403	1
-0.00739194	-0.782042	0.434198	0.499499	1	1	0.999938	0.996136	0.769802	1
0.00488511	0.51483	0.606677	0.606677	1	1	1	0.999765	0.892726	1
0.000546557	0.0576968	0.953991	0.953991	1	1	1	0.999836	0.988184	1
-0.000368512	-0.0397179	0.968318	0.968318	1	1	1	0.999854	0.998099	1
-0.00593341	-0.629545	0.528998	0.528998	1	1	0.999997	0.999463	0.82375	1
-0.00426529	-0.461581	0.644386	0.760321	1	1	1	0.990276	0.782469	1
0.00397856	0.424329	0.67133	0.678935	1	1	1	0.999402	0.877893	1
-0.00257551	-0.271171	0.786262	0.786262	1	1	1	0.999632	0.96178	1
0.0122373	1.30798	0.190894	0.190894	1	1	0.972704	0.948468	0.809847	1
-0.00822498	-0.87819	0.37985	0.394248	1	1	0.999703	0.996764	0.81596	1
-0.00408793	-0.430404	0.666906	0.729084	1	1	1	0.996436	0.804524	1
-0.0104121	-1.10011	0.271297	0.34285	1	1	0.995394	0.988096	0.74739	1
0.0057481	0.607144	0.543761	0.543761	1	1	0.999998	0.999488	0.918439	1
-0.00896282	-0.948479	0.342896	0.342896	1	1	0.999206	0.993034	0.832747	1
0.00610191	0.646582	0.517909	0.517909	1	1	0.999996	0.998593	0.897365	1
0.00557206	0.593473	0.55287	0.606987	1	1	0.999999	0.99561	0.760318	1
-0.00297304	-0.315044	0.752731	0.752731	1	1	1	0.999904	0.988084	1
-0.00822167	-0.86456	0.387289	0.387289	1	1	0.999758	0.997201	0.982171	1
0.00799439	0.848535	0.396149	0.396149	1	1	0.999811	0.99765	0.808421	1
-0.0164074	-1.74299	0.0813497	0.128129	1	1	0.763651	0.742722	0.470106	1
0.00572501	0.607139	0.543765	0.594833	1	1	0.999998	0.998123	0.786714	1
-0.0072873	-0.778049	0.436548	0.436548	1	1	0.999942	0.999142	0.937033	1
-0.0168942	-1.79076	0.0733445	0.0733445	1	1	0.726088	0.681012	0.415619	1
0.0110348	1.17202	0.241201	0.241201	1	1	0.990835	0.984082	0.898143	1
0.0110537	1.17333	0.240675	0.240675	1	1	0.990726	0.990726	0.903189	1
0.0107802	1.14596	0.251823	0.401202	1	1	0.992788	0.969235	0.659769	1
0.000331727	0.0355296	0.971658	0.971716	1	1	1	0.999966	0.999092	1
0.00200004	0.212319	0.83186	0.845174	1	1	1	0.998576	0.883852	1
-0.00977865	-1.03023	0.302915	0.514179	1	1	0.997833	0.960407	0.514956	1
0.00478642	0.504706	0.61377	0.676764	1	1	1	0.99668	0.79165	1
0.000872035	0.107463	0.914422	0.914422	1	1	1	0.999974	0.971574	1
0.00782638	0.969244	0.332431	0.444953	1	1	0.998961	0.988266	0.739568	1
0.0106718	1.31476	0.1886	0.452714	1	1	0.971358	0.908414	0.417792	1
-0.00392657	-0.483521	0.628729	0.670356	1	1	1	0.996852	0.816192	1
0.00351775	0.432458	0.665411	0.715317	1	1	1	0.999531	0.939891	1
-0.000171696	-0.0209985	0.983247	0.983247	1	1	1	0.999951	0.983247	1
0.00179021	0.219143	0.82654	0.904134	1	1	1	0.999095	0.986248	1
0.00326308	0.399928	0.689212	0.700386	1	1	1	0.99864	0.863052	1
0.00202049	0.247614	0.804435	0.867686	1	1	1	0.996424	0.805825	1
0.0155641	1.92637	0.0540674	0.0540674	0.919146	0.865079	0.611292	0.589075	0.256866	0.883506
0.0129592	1.59525	0.110667	0.336885	1	1	0.863825	0.827826	0.458431	1
0.000320929	0.0395118	0.968483	0.975261	1	1	1	0.998388	0.968483	1
0.00057505	0.0704301	0.943852	0.957888	1	1	1	0.999949	0.985164	1
0.0122986	1.52937	0.126183	0.191347	1	1	0.899039	0.875468	0.643925	1
-0.0029944	-0.366949	0.713659	0.713659	1	1	1	0.998776	0.758263	1
-0.000735648	-0.0908234	0.927634	0.934074	1	1	1	0.999621	0.984671	1
0.00792805	0.977246	0.328455	0.499499	1	1	0.998851	0.972224	0.620415	1
-0.000873765	-0.106805	0.914944	0.916103	1	1	1	0.999122	0.914944	1
-0.00222351	-0.272995	0.784859	0.784859	1	1	1	0.999951	0.926627	1
0.000659864	0.0805472	0.935803	0.944072	1	1	1	0.99869	0.935803	1
0.012378	1.51462	0.129879	0.207847	1	1	0.906059	0.906059	0.759541	1
-0.000565715	-0.0691892	0.944839	0.957455	1	1	1	0.999664	0.98968	1
0.00840394	1.03624	0.300096	0.406256	1	1	0.997679	0.980257	0.681034	1
-0.00198664	-0.246572	0.805241	0.805241	1	1	1	0.999801	0.885972	1
0.00281747	0.34933	0.726844	0.802954	1	1	1	0.993703	0.756232	1
-0.00379989	-0.467463	0.640172	0.724187	1	1	1	0.999219	0.820973	1
-0.013208	-1.62483	0.104209	0.334336	1	1	0.846003	0.808089	0.452185	1
-0.00933596	-1.15965	0.246199	0.337465	1	1	0.991808	0.95535	0.597911	1
0.000668411	0.0825947	0.934174	0.934174	1	1	1	0.999995	0.986822	1
0.00434333	0.544823	0.585879	0.585879	1	1	1	0.999135	0.964892	1
0.0126886	1.55485	0.119992	0.119992	1	1	0.886165	0.870643	0.982828	1
0.000486973	0.0604166	0.951824	0.957133	1	1	1	0.999925	0.998446	1
0.0118606	1.48033	0.138797	0.283039	1	1	0.921151	0.893687	0.441438	1
0.00106046	0.131315	0.895527	0.912982	1	1	1	0.999772	0.995368	1
0.0153255	1.88541	0.0593845	0.0593845	1	1	0.646812	0.646812	0.978631	1
-0.0174428	-2.13933	0.032417	0.032417	0.551089	0.551089	0.428916	0.428916	0.551089	1
-0.019269	-2.37235	0.0176814	0.0176814	0.300584	0.300584	0.261603	0.261603	0.300584	1
0.00634944	0.786911	0.43134	0.434809	1	1	0.999932	0.996464	0.916598	1
0.00042814	0.0525342	0.958103	0.970324	1	1	1	0.989696	0.958103	1
0.00482176	0.595927	0.551228	0.716974	1	1	0.999999	0.998316	0.744874	1
-0.00323944	-0.395656	0.692362	0.715755	1	1	1	0.999379	0.829876	1
0.00440818	0.538921	0.589945	0.690186	1	1	1	0.988407	0.771467	1
0.00505683	0.620216	0.53512	0.559012	1	1	0.999998	0.998212	0.758087	1
0.00469824	0.580028	0.5619	0.5619	1	1	0.999999	0.999929	0.987034	1
-0.00597203	-0.735971	0.461754	0.499499	1	1	0.999973	0.996208	0.872202	1
-0.00175734	-0.215541	0.829347	0.829347	1	1	1	0.999994	0.935291	1
0.00426639	0.521962	0.601701	0.601701	1	1	1	0.999994	0.980506	1
0.00755053	0.921961	0.356556	0.499499	1	1	0.999445	0.983836	0.603245	1
0.00622256	0.76238	0.445839	0.448395	1	1	0.999956	0.999055	0.937638	1
0.00601885	0.736925	0.461174	0.461174	1	1	0.999973	0.998888	0.865644	1
-0.00420944	-0.514452	0.60694	0.706767	1	1	1	0.99943	0.933175	1
-0.00514468	-0.630258	0.52853	0.679432	1	1	0.999997	0.969135	0.641787	1
0.00201882	0.250037	0.80256	0.819369	1	1	1	0.99848	0.899035	1
-0.00536367	-0.658209	0.510409	0.622809	1	1	0.999995	0.98909	0.667458	1
-0.0116301	-1.43018	0.152674	0.331672	1	1	0.940179	0.901666	0.563869	1
0.00315231	0.388549	0.697612	0.697612	1	1	1	0.999955	0.876963	1
-0.000287211	-0.0354616	0.971712	0.971712	1	1	1	0.999988	0.998188	1
-0.00023056	-0.0294847	0.976478	0.976478	1	1	1	0.999997	0.998932	1
0.00872178	1.0795	0.280373	0.428096	1	1	0.996278	0.970576	0.595792	1
0.0149897	1.84245	0.0654187	0.187469	1	0.850444	0.683415	0.585025	0.222424	0.765038
0.00122743	0.151438	0.879631	0.927326	1	1	1	0.989965	0.879631	1
-0.00453854	-0.560373	0.575229	0.628564	1	1	1	0.996316	0.814908	1
-0.00151326	-0.187438	0.851319	0.851319	1	1	1	0.999989	0.998007	1
-0.00340062	-0.420341	0.67424	0.67424	1	1	1	0.999684	0.764138	1
0.00152562	0.188064	0.850828	0.881386	1	1	1	0.99506	0.850828	1
-0.00242822	-0.302109	0.762571	0.762571	1	1	1	0.999948	0.798907	1
-0.00674337	-0.831097	0.405925	0.547674	1	1	0.999857	0.98623	0.658828	1
0.000109128	0.0134335	0.989282	0.989282	1	1	1	0.999481	0.989282	1
0.014553	1.79167	0.0731965	0.166324	1	1	0.725343	0.725343	0.651911	1
0.0115367	1.41867	0.156006	0.156006	1	1	0.944053	0.933712	0.956156	1
0.000270703	0.0339638	0.972906	0.972906	1	1	1	0.99999	0.982694	1
0.0280344	3.42647	0.000612288	0.000612288	0.0104089	0.0104089	0.0103581	0.0103581	0.0104089	0.0358019
-0.000812668	-0.100355	0.920063	0.925002	1	1	1	0.998284	0.941006	1
0.00976479	1.20682	0.227513	0.227513	1	1	0.987579	0.954846	0.605468	1
0.00278582	0.345471	0.729743	0.729743	1	1	1	0.998794	0.827042	1
-0.00635419	-0.783482	0.43335	0.609858	1	1	0.999936	0.968238	0.613912	1
-0.00797212	-0.976694	0.328728	0.328728	1	1	0.998859	0.98753	0.798341	1
0.00788386	0.974033	0.330048	0.330048	1	1	0.998897	0.991824	0.889177	1
-0.00924134	-1.19084	0.233726	0.31049	1	1	0.989172	0.975935	0.760337	1
-0.0116801	-1.43144	0.152315	0.160916	1	1	0.939746	0.939746	0.717546	1
0.0145826	1.79226	0.0731012	0.0731012	1	1	0.724863	0.679753	0.41424	1
-0.00302788	-0.370276	0.711179	0.722449	1	1	1	0.999832	0.990807	1
-0.00502824	-0.616195	0.53777	0.53777	1	1	0.999998	0.999555	0.989338	1
-0.00666296	-0.819135	0.412716	0.481321	1	1	0.999882	0.997134	0.816297	1
0.0217291	2.65939	0.00783231	0.0860525	0.133149	0.133149	0.125124	0.125124	0.133149	0.457974
0.0031723	0.388488	0.697658	0.697658	1	1	1	0.999949	0.960117	1
-0.00480446	-0.59019	0.555068	0.555068	1	1	0.999999	0.999303	0.900789	1
-0.000104333	-0.0129129	0.989697	0.991268	1	1	1	0.99923	0.989697	1
0.00738592	0.914489	0.360467	0.567821	1	1	0.999499	0.96555	0.557086	1
0.00182223	0.225105	0.821899	0.849828	1	1	1	0.998994	0.91334	1
0.0208726	2.56484	0.0103272	0.0103272	0.175562	0.175562	0.16178	0.16178	0.175562	0.603854
-0.00084017	-0.106239	0.915393	0.915393	1	1	1	0.999628	0.915393	1
0.00374456	0.465545	0.641544	0.650227	1	1	1	0.999552	0.885362	1
0.0132281	1.63014	0.103082	0.103082	1	1	0.842676	0.804436	0.584133	1
-0.0221925	-2.741	0.00612886	0.0297749	0.104191	0.104191	0.0992353	0.0992353	0.0814214	0.280053
0.00422111	0.521282	0.602174	0.715513	1	1	1	0.985614	0.682464	1
0.0071741	0.891315	0.372767	0.44032	1	1	0.99964	0.993378	0.79213	1
0.00717225	0.878485	0.379687	0.492935	1	1	0.999702	0.991565	0.73088	1
-0.00855942	-1.04572	0.295701	0.295701	1	1	0.997418	0.995844	0.912842	1
0.0132474	1.66796	0.0953338	0.343363	1	1	0.817903	0.798714	0.436691	1
0.00122702	0.152486	0.878805	0.878805	1	1	1	0.999988	0.93373	1
-0.00589331	-0.729628	0.465623	0.465623	1	1	0.999976	0.998938	0.833329	1
-0.004439	-0.557012	0.577523	0.645771	1	1	1	0.998985	0.903384	1
0.0148883	1.8306	0.06717	0.06717	1	1	0.69335	0.647598	0.38063	1
0.00229018	0.284903	0.77572	0.77572	1	1	1	0.999986	0.890325	1
-0.00316383	-0.392315	0.694828	0.694828	1	1	1	0.999462	0.821563	1
0.0113259	1.39502	0.163021	0.174048	1	1	0.951455	0.941999	0.922364	1
0.00800296	0.987707	0.323304	0.323304	1	1	0.998692	0.995778	0.956759	1
0.00144551	0.179429	0.857602	0.857602	1	1	1	1	0.987148	1
-0.00851385	-1.04886	0.29425	0.498143	1	1	0.997327	0.969344	0.510599	1
0.00824437	1.01229	0.311409	0.311409	1	1	0.998241	0.99629	0.935796	1
-0.00950579	-1.17289	0.240847	0.273665	1	1	0.990762	0.98397	0.861481	1
-0.0112623	-1.38328	0.16659	0.269157	1	1	0.954856	0.935005	0.596819	1
-0.0160667	-1.97414	0.0483749	0.0483749	0.822374	0.822374	0.569553	0.569553	0.491772	1
0.000960105	0.118366	0.905779	0.914576	1	1	1	0.997383	0.96239	1
-0.00576747	-0.706216	0.480059	0.480059	1	1	0.999985	0.999249	0.99542	1
0.00429462	0.532903	0.594105	0.594105	1	1	1	0.99998	0.91722	1
0.0174992	2.14818	0.0317072	0.0741906	0.539023	0.507315	0.421752	0.402817	0.269511	0.926998
-0.0127622	-1.60289	0.10897	0.117545	1	1	0.85934	0.842138	0.817405	1
0.00623987	0.773566	0.439193	0.460755	1	1	0.999946	0.998274	0.904449	1
-0.00502096	-0.620788	0.534744	0.58638	1	1	0.999998	0.997829	0.757553	1
0.0147485	1.8465	0.0648294	0.0648294	1	1	0.680004	0.657821	0.55105	1
-0.000829822	-0.101853	0.918874	0.918874	1	1	1	0.999775	0.976303	1
-0.0120817	-1.47806	0.139403	0.139403	1	1	0.922089	0.877764	0.592463	1
0.00682555	0.837143	0.402519	0.467416	1	1	0.999842	0.99602	0.824735	1
-0.0151231	-1.85243	0.0639735	0.0827344	1	1	0.674989	0.652775	0.460072	1
0.00969887	1.19014	0.233999	0.278786	1	1	0.989238	0.977449	0.62557	1
-0.0108021	-1.33555	0.181706	0.181706	1	1	0.966928	0.95061	0.894246	1
-0.00555841	-0.692208	0.488812	0.52664	1	1	0.999989	0.997071	0.755437	1
0.00435613	0.536976	0.591288	0.591288	1	1	1	0.999187	0.816168	1
-0.00280549	-0.345292	0.729877	0.729877	1	1	1	0.999707	0.979163	1
-0.00637047	-0.783832	0.433145	0.438595	1	1	0.999936	0.998818	0.876432	1
0.0134963	1.67728	0.0934982	0.23065	1	1	0.811519	0.792079	0.398656	1
0.00249086	0.308719	0.757537	0.818122	1	1	1	0.989038	0.804883	1
0.0014765	0.182938	0.854848	0.854848	1	1	1	0.999503	0.883984	1
0.0166873	2.04651	0.040715	0.174218	0.692155	0.692155	0.506701	0.506701	0.564643	1
0.00550897	0.690734	0.489738	0.570976	1	1	0.999989	0.99139	0.756868	1
-0.0115503	-1.40787	0.15918	0.218404	1	1	0.947525	0.925775	0.815159	1
-0.00298251	-0.370217	0.711224	0.711224	1	1	1	0.999996	0.962115	1
0.0096944	1.19874	0.23064	0.23064	1	1	0.988407	0.984931	0.920673	1
-0.0172429	-2.12726	0.0334067	0.174519	0.567914	0.534507	0.438766	0.419369	0.283957	0.976685
0.00221926	0.272546	0.785204	0.785204	1	1	1	0.999851	0.889898	1
0.00272443	0.332482	0.739528	0.739528	1	1	1	0.999913	0.93067	1
-0.00446638	-0.546548	0.584693	0.584693	1	1	1	0.999847	0.993954	1
0.0127491	1.63144	0.102808	0.102808	1	1	0.841856	0.841856	0.780512	1
0.00152857	0.189935	0.849361	0.849361	1	1	1	0.999994	0.9825	1
0.00713119	0.875505	0.381306	0.381306	1	1	0.999715	0.995915	0.901177	1
-0.011556	-1.4372	0.150673	0.157621	1	1	0.93773	0.913677	0.853811	1
0.0194132	2.3982	0.0164819	0.0640076	0.280193	0.280193	0.246124	0.246124	0.280193	0.963737
-0.000352623	-0.0446793	0.964363	0.964363	1	1	1	0.999895	0.964363	1
0.00350432	0.437659	0.661636	0.661636	1	1	1	0.999942	0.941257	1
0.014818	1.81032	0.0702553	0.0702553	1	1	0.710144	0.688241	0.542106	1
0.00664823	0.821226	0.411524	0.411524	1	1	0.999878	0.998275	0.942637	1
-0.00981103	-1.20198	0.229382	0.229382	1	1	0.98808	0.973954	0.75292	1
-0.0187148	-2.30647	0.0210909	0.0210909	0.358545	0.337455	0.303983	0.288987	0.179273	0.616618
0.00941908	1.16789	0.242861	0.286405	1	1	0.99117	0.979655	0.72471	1
0.00864074	1.08004	0.280134	0.280134	1	1	0.996257	0.989965	0.851103	1
0.00635303	0.777413	0.436921	0.436921	1	1	0.999942	0.999373	0.832146	1
0.00540333	0.662953	0.507366	0.542025	1	1	0.999994	0.997283	0.843465	1
0.00496416	0.610175	0.54175	0.54175	1	1	0.999998	0.999537	0.981687	1
0.00737586	0.918681	0.358269	0.358269	1	1	0.999469	0.997991	0.912017	1
-0.00177374	-0.219956	0.825907	0.825907	1	1	1	0.999972	0.9456	1
0.00297988	0.367276	0.713415	0.798144	1	1	1	0.982228	0.713415	1
-0.00115294	-0.141252	0.887672	0.887672	1	1	1	0.999999	0.954595	1
0.0063391	0.786106	0.431811	0.431811	1	1	0.999933	0.998938	0.973462	1
-0.00188712	-0.230566	0.817654	0.817654	1	1	1	0.999988	0.944878	1
-0.0129509	-1.58528	0.112914	0.112914	1	1	0.869558	0.813138	0.479884	1
0.00178712	0.219683	0.826119	0.826119	1	1	1	0.99998	0.953744	1
0.0151727	1.88133	0.0599361	0.0599361	1	0.899041	0.650316	0.604305	0.339638	1
0.0044413	0.544499	0.586102	0.645747	1	1	1	0.999139	0.968515	1
-0.00525313	-0.643763	0.519734	0.519734	1	1	0.999996	0.998641	0.807447	1
0.00370783	0.468301	0.639573	0.775919	1	1	1	0.979737	0.679546	1
0.00996972	1.22679	0.21991	0.410254	1	1	0.985329	0.960383	0.573651	1
-0.0163728	-2.00069	0.0454344	0.0454344	0.772385	0.772385	0.546374	0.546374	0.719962	1
0.00478888	0.593081	0.553131	0.553131	1	1	0.999999	0.99841	0.836563	1
0.000885235	0.108859	0.913315	0.913315	1	1	1	0.999997	0.976442	1
0.00336791	0.412699	0.67983	0.685181	1	1	1	0.999289	0.932232	1
-0.00980939	-1.21241	0.225366	0.225366	1	1	0.986979	0.971988	0.897977	1
-0.00972814	-1.18832	0.234718	0.275448	1	1	0.989408	0.976368	0.81235	1
-0.00169591	-0.212185	0.831964	0.855001	1	1	1	0.998624	0.942893	1
-0.00285174	-0.349162	0.72697	0.772332	1	1	1	0.999586	0.877126	1
0.00600573	0.736667	0.46133	0.46133	1	1	0.999973	0.997943	0.932347	1
0.0135448	1.66551	0.0958216	0.10537	1	1	0.819565	0.779295	0.542989	1
0.00200603	0.246912	0.804978	0.804978	1	1	1	0.999982	0.870636	1
-0.00156834	-0.193298	0.846727	0.855217	1	1	1	0.997142	0.899647	1
0.00855356	1.06615	0.286364	0.286364	1	1	0.996771	0.987549	0.973377	1
0.00114745	0.142172	0.886945	0.908569	1	1	1	0.999982	0.937497	1
-0.0161969	-1.98261	0.0474198	0.0474198	0.806137	0.758717	0.562149	0.540353	0.403069	1
0.0155043	1.90238	0.0571303	0.0998961	0.971216	0.971216	0.632144	0.632144	0.805417	1
-0.00158486	-0.196434	0.844272	0.870521	1	1	1	0.998729	0.937426	1
-0.00312148	-0.382334	0.702216	0.738867	1	1	1	0.995741	0.778186	1
-0.00514271	-0.628585	0.529625	0.636466	1	1	0.999997	0.995474	0.750302	1
-0.00299743	-0.366638	0.713891	0.713891	1	1	1	0.999966	0.953279	1
0.000394307	0.048198	0.961559	0.961559	1	1	1	0.999413	0.995372	1
0.00847948	1.04924	0.294078	0.294078	1	1	0.997315	0.993451	0.862635	1
0.0108911	1.34685	0.178039	0.178039	1	1	0.964316	0.947184	0.776072	1
-0.00152019	-0.186783	0.851832	0.8676	1	1	1	0.9993	0.905071	1
-0.00151344	-0.184554	0.85358	0.877751	1	1	1	0.99957	0.930824	1
-0.000244836	-0.0302044	0.975904	0.976644	1	1	1	0.998464	0.975904	1
-0.0124284	-1.52763	0.126616	0.183322	1	1	0.899887	0.849729	0.446042	1
0.0112447	1.3796	0.167721	0.203248	1	1	0.955886	0.946996	0.796429	1
-0.00258872	-0.321426	0.74789	0.78715	1	1	1	0.997759	0.891433	1
-0.0138243	-1.7023	0.0887087	0.179693	1	1	0.793855	0.773788	0.648324	1
0.013898	1.72225	0.085034	0.085034	1	1	0.779258	0.779258	0.896015	1
0.0035698	0.44205	0.658456	0.658456	1	1	1	0.999937	0.932586	1
-0.00186521	-0.232017	0.816527	0.874054	1	1	1	0.993824	0.900836	1
-0.013962	-1.71485	0.0863829	0.0863829	1	1	0.784726	0.764372	0.734255	1
-0.00361156	-0.445563	0.655916	0.655916	1	1	1	0.999308	0.929215	1
0.00136508	0.167216	0.867201	0.867201	1	1	1	0.999959	0.986533	1
-0.00239111	-0.29212	0.770197	0.770197	1	1	1	0.999359	0.843397	1
0.00861478	1.00309	0.315827	0.499499	1	1	0.998423	0.975642	0.596562	1
0.0144519	1.7266	0.0842503	0.23243	1	1	0.776022	0.755416	0.576955	1
0.00683903	0.805557	0.420505	0.634957	1	1	0.999906	0.978055	0.649872	1
0.00752342	0.889941	0.373505	0.544124	1	1	0.999647	0.976525	0.550498	1
0.0137566	1.60193	0.109182	0.27341	1	1	0.859908	0.823463	0.610726	1
0.0168998	2.03666	0.0416935	0.0416935	0.70879	0.690829	0.515186	0.506019	0.354395	1
0.0113316	1.34485	0.178685	0.355362	1	1	0.96479	0.936447	0.569216	1
0.00909897	1.09139	0.275113	0.459187	1	1	0.995787	0.970961	0.562174	1
0.00262984	0.30834	0.757826	0.844908	1	1	1	0.999951	0.98877	1
0.00294931	0.348905	0.727163	0.789567	1	1	1	0.999563	0.924865	1
0.00278709	0.342207	0.732197	0.766493	1	1	1	0.999128	0.896323	1
0.000814113	0.101267	0.919339	0.919339	1	1	1	0.999996	0.977308	1
0.00782333	0.908135	0.363815	0.521276	1	1	0.999542	0.975916	0.618486	1
0.00703065	0.823403	0.410286	0.473185	1	1	0.999874	0.994914	0.773986	1
0.0071663	0.855227	0.392433	0.499499	1	1	0.999791	0.988719	0.714104	1
0.00687686	0.803555	0.421661	0.58921	1	1	0.999909	0.987484	0.716824	1
