0	0	0	0	0	0	0	0	0	0
0.00189039	0.207488	0.83563	0.83563	1	1	1	0.99988	0.955276	1
-6.51669e-05	-0.0103449	0.991746	0.991746	1	1	1	0.999847	0.991746	1
-0.00254902	-0.249184	0.80322	0.834738	1	1	1	0.99903	0.896677	1
-0.00245649	-0.260874	0.794191	0.823334	1	1	1	0.999171	0.891623	1
0.00292343	0.338883	0.7347	0.764721	1	1	1	0.999651	0.927823	1
0.000462367	0.0796274	0.936534	0.936534	1	1	1	0.999744	0.999973	1
-0.00105087	-0.091853	0.926815	0.951255	1	1	1	0.996525	0.968651	1
-0.000666098	-0.112185	0.910677	0.937475	1	1	1	0.996616	0.967594	1
0.00108716	0.110398	0.912094	0.919369	1	1	1	0.999435	0.912094	1
1.62139e-06	0.000320763	0.999744	0.999782	1	1	1	0.999808	0.999744	1
0.00149108	0.174944	0.861125	0.919151	1	1	1	0.997322	0.923934	1
-0.000594046	-0.0710302	0.943374	0.965892	1	1	1	0.99925	0.943374	1
-0.00320603	-0.315635	0.752282	0.830882	1	1	1	0.994074	0.852586	1
-0.0148759	-1.45153	0.146643	0.176916	1	1	0.932512	0.872737	0.432571	1
0.00852246	0.882963	0.377263	0.377263	1	1	0.999681	0.996599	0.938277	1
0.00389713	0.409037	0.682515	0.747526	1	1	1	0.999861	0.946763	1
-0.00613219	-0.575626	0.564872	0.564872	1	1	0.999999	0.99844	0.727666	1
-0.0136798	-1.29293	0.196043	0.376845	1	1	0.975512	0.955056	0.588955	1
-0.0229565	-2.08064	0.0374748	0.0374748	0.637072	0.562123	0.477597	0.436127	0.212357	0.730414
-0.0166866	-1.5384	0.123959	0.362782	1	1	0.894583	0.821016	0.421462	1
-0.00485078	-0.419793	0.674639	0.674639	1	1	1	0.999044	0.819205	1
0.000905185	0.0770453	0.938588	0.938805	1	1	1	0.999894	0.952232	1
0.00148592	0.135787	0.89199	0.900647	1	1	1	0.998689	0.929454	1
0.00557405	0.510188	0.609924	0.609924	1	1	1	0.999675	0.784807	1
-0.00614534	-0.658019	0.51053	0.616348	1	1	0.999995	0.993269	0.773373	1
0.00748435	0.877899	0.380005	0.444062	1	1	0.999704	0.993498	0.803135	1
-0.00221895	-0.26192	0.793385	0.793385	1	1	1	0.999891	0.914329	1
-0.0158474	-1.80596	0.0709332	0.233642	1	0.993065	0.713716	0.643009	0.301466	1
-0.0133048	-1.50333	0.132763	0.230565	1	1	0.911214	0.881949	0.69463	1
0.00222458	0.212262	0.831904	0.831904	1	1	1	0.999968	0.887629	1
0.00114706	0.108254	0.913795	0.913795	1	1	1	0.999952	0.942702	1
0.00772746	0.740271	0.459141	0.496503	1	1	0.999971	0.998821	0.826454	1
-0.0014319	-0.138001	0.890241	0.890241	1	1	1	0.999424	0.983192	1
-0.0111955	-0.959155	0.337488	0.499499	1	1	0.999087	0.975411	0.621188	1
-0.000413449	-0.0354298	0.971737	0.971737	1	1	1	1	0.975012	1
-0.0132846	-1.15779	0.246958	0.375405	1	1	0.991948	0.966747	0.637024	1
-0.0143201	-1.23375	0.217303	0.217303	1	1	0.984473	0.974654	0.931599	1
-0.00782916	-0.801174	0.423037	0.448568	1	1	0.999913	0.997642	0.89775	1
-0.00523864	-0.52721	0.598052	0.683987	1	1	1	0.995783	0.791232	1
-0.00367931	-0.368448	0.712542	0.712542	1	1	1	0.999953	0.980525	1
0.00231916	0.230794	0.817476	0.817476	1	1	1	0.998658	0.868568	1
0.00637355	0.577599	0.563539	0.595801	1	1	0.999999	0.997493	0.870924	1
0.00654964	0.590697	0.554727	0.573089	1	1	0.999999	0.998034	0.799385	1
-0.00497684	-0.45541	0.648818	0.689152	1	1	1	0.999341	0.971021	1
-0.00947402	-0.890732	0.373079	0.373079	1	1	0.999643	0.998551	0.912808	1
0.00263016	0.244482	0.806859	0.806859	1	1	1	0.999991	0.988689	1
-0.00150657	-0.136437	0.891477	0.892859	1	1	1	0.998829	0.892294	1
-0.00541365	-0.528124	0.597417	0.597417	1	1	1	0.999888	0.924912	1
0.00206718	0.198768	0.842445	0.842445	1	1	1	0.999886	0.941947	1
-0.00487254	-0.421121	0.673669	0.772268	1	1	1	0.99344	0.818027	1
0.0143581	1.31755	0.187664	0.187664	1	1	0.970791	0.964044	0.986543	1
0.0182342	1.61449	0.106432	0.301039	1	1	0.852371	0.793087	0.393935	1
-0.00477657	-0.422275	0.672827	0.684199	1	1	1	0.998452	0.762538	1
0.00379379	0.354807	0.722737	0.758447	1	1	1	0.997429	0.870086	1
-0.0168949	-1.57263	0.115814	0.115814	1	1	0.87662	0.842182	0.656278	1
-0.00763922	-0.683332	0.494402	0.511989	1	1	0.999991	0.997298	0.840484	1
-0.00608393	-0.563564	0.573055	0.640138	1	1	0.999999	0.995324	0.726313	1
-0.000600974	-0.0577131	0.953978	0.9585	1	1	1	0.999776	0.98207	1
0.00514322	0.485901	0.627041	0.674727	1	1	1	0.998054	0.819976	1
0.0144741	1.26274	0.20669	0.274542	1	1	0.980478	0.95071	0.662212	1
-0.0100624	-0.873093	0.382619	0.464339	1	1	0.999725	0.992393	0.790506	1
-0.00491629	-0.431461	0.666136	0.666136	1	1	1	0.999806	0.871101	1
-0.00791865	-0.685788	0.492852	0.611344	1	1	0.99999	0.984563	0.698207	1
0.00737981	0.656778	0.511329	0.511329	1	1	0.999995	0.998305	0.869259	1
-0.00252425	-0.222051	0.824275	0.887484	1	1	1	0.988333	0.872079	1
0.00721881	0.626367	0.531079	0.531079	1	1	0.999997	0.998355	0.72194	1
-0.0137522	-1.21629	0.223882	0.223882	1	1	0.986548	0.952232	0.615415	1
0.000172613	0.016813	0.986586	0.991816	1	1	1	0.999604	0.986586	1
0.00308218	0.302075	0.762597	0.801479	1	1	1	0.999561	0.961089	1
-0.0197063	-1.79771	0.0722324	0.147853	1	1	0.720445	0.69868	0.530288	1
0.0183967	1.77549	0.075827	0.075827	1	1	0.738299	0.716827	0.639033	1
0.00335766	0.3004	0.763874	0.763874	1	1	1	0.998482	0.865724	1
0.0175771	1.59485	0.110756	0.110756	1	1	0.864058	0.806674	0.470714	1
-0.00390173	-0.349849	0.726454	0.726454	1	1	1	0.999858	0.912212	1
0.003264	0.290205	0.771661	0.771661	1	1	1	0.999996	0.870011	1
0.0101949	0.90242	0.36684	0.473758	1	1	0.999578	0.989645	0.746058	1
0.0167415	1.47556	0.140072	0.140072	1	1	0.923113	0.879089	0.490948	1
-0.00331241	-0.374562	0.707988	0.707988	1	1	1	0.999963	0.979519	1
-0.00527704	-0.590437	0.554902	0.554902	1	1	0.999999	0.999695	0.938432	1
0.0081847	0.824482	0.409672	0.409672	1	1	0.999872	0.99486	0.870552	1
0.00512397	0.50318	0.614841	0.614841	1	1	1	0.99894	0.827431	1
-0.00260344	-0.239105	0.811025	0.811025	1	1	1	0.999903	0.867174	1
-0.00334079	-0.305747	0.759799	0.759799	1	1	1	0.999954	0.999248	1
-0.0168361	-1.91252	0.0558184	0.0558184	0.948912	0.837275	0.623344	0.577494	0.316304	1
-0.00440964	-0.497908	0.618552	0.618552	1	1	1	0.999552	0.85919	1
-0.0173685	-1.86344	0.0624089	0.0624089	1	0.936134	0.665629	0.619634	0.35365	1
-0.00801097	-0.862149	0.388612	0.499499	1	1	0.999767	0.988064	0.693305	1
-0.00467227	-0.422142	0.672924	0.721533	1	1	1	0.999755	0.835451	1
0.00648621	0.60693	0.543901	0.561432	1	1	0.999998	0.998236	0.840575	1
0.0143573	1.54098	0.123332	0.210822	1	1	0.893291	0.861155	0.615985	1
-0.00317715	-0.330281	0.74119	0.764468	1	1	1	0.999699	0.959542	1
-0.00638482	-0.631118	0.527968	0.527968	1	1	0.999997	0.999863	0.936229	1
-0.0091579	-0.911868	0.361845	0.399687	1	1	0.999517	0.991833	0.752768	1
-0.00408192	-0.368865	0.712231	0.712231	1	1	1	0.999953	0.993478	1
-0.0044654	-0.400772	0.688591	0.710104	1	1	1	0.997483	0.780403	1
-0.00835503	-0.904768	0.365595	0.365595	1	1	0.999563	0.993301	0.840384	1
-0.00155718	-0.170766	0.864409	0.864409	1	1	1	0.999913	0.924952	1
-0.0106646	-1.01396	0.310611	0.310611	1	1	0.998206	0.992056	0.978073	1
-0.0254249	-2.42926	0.0151351	0.0314709	0.257296	0.257296	0.22838	0.22838	0.248481	0.854662
-0.00786509	-0.790959	0.428974	0.48392	1	1	0.999927	0.996314	0.782934	1
-0.00732712	-0.728414	0.466365	0.582569	1	1	0.999977	0.98737	0.607434	1
0.00645245	0.600672	0.548063	0.577458	1	1	0.999999	0.998679	0.803438	1
-0.0127969	-1.221	0.222095	0.222095	1	1	0.986012	0.970285	0.941631	1
0.00383362	0.357488	0.720729	0.720729	1	1	1	0.999464	0.799943	1
-0.00761895	-0.704422	0.481175	0.589611	1	1	0.999986	0.99475	0.778941	1
-0.017796	-1.62768	0.103603	0.253002	1	1	0.844223	0.758731	0.352252	1
-0.00415702	-0.37197	0.709918	0.746668	1	1	1	0.998005	0.822912	1
-0.00955754	-0.975411	0.329364	0.329364	1	1	0.998877	0.997504	0.976991	1
-0.00636497	-0.647801	0.517118	0.517118	1	1	0.999996	0.999283	0.862497	1
-0.00859364	-0.806343	0.420051	0.456107	1	1	0.999905	0.996573	0.878374	1
-0.00927383	-0.88607	0.375586	0.518345	1	1	0.999667	0.985457	0.638497	1
-0.00251031	-0.245123	0.806363	0.806363	1	1	1	0.999977	0.975769	1
-0.00804656	-0.808678	0.418706	0.421617	1	1	0.999901	0.997439	0.938416	1
-0.00993053	-0.945056	0.344637	0.344637	1	1	0.999241	0.995886	0.935128	1
-0.0154632	-1.52794	0.126537	0.202317	1	1	0.899733	0.849538	0.537781	1
-0.0164555	-1.57111	0.116166	0.287278	1	1	0.877453	0.843122	0.481989	1
-0.0141768	-1.38461	0.166182	0.333267	1	1	0.954479	0.915711	0.565019	1
-0.00286816	-0.260652	0.794362	0.794362	1	1	1	0.999984	0.960185	1
0.00648689	0.594257	0.552344	0.552344	1	1	0.999999	0.99908	0.889486	1
0.01284	1.21825	0.223138	0.479922	1	1	0.986328	0.919936	0.455848	1
0.00308351	0.29782	0.765842	0.775461	1	1	1	0.999711	0.918529	1
-0.0118849	-1.09266	0.274553	0.482457	1	1	0.995731	0.970102	0.554355	1
-0.00662875	-0.633362	0.526501	0.698017	1	1	0.999997	0.954157	0.559408	1
0.00289281	0.259586	0.795185	0.846574	1	1	1	0.994061	0.884413	1
-0.00101112	-0.093117	0.925811	0.947525	1	1	1	0.999775	0.983674	1
0.00274168	0.234258	0.814786	0.898548	1	1	1	0.998823	0.899276	1
0.00209316	0.181986	0.855595	0.901933	1	1	1	0.996462	0.881504	1
-0.0291283	-2.46298	0.0137838	0.0325247	0.234325	0.220541	0.210184	0.199145	0.117163	0.402987
-0.00549206	-0.470587	0.637939	0.660656	1	1	1	0.997754	0.834228	1
-0.0118072	-1.22695	0.21985	0.39323	1	1	0.98531	0.934843	0.533922	1
-0.00662015	-0.680376	0.496272	0.496272	1	1	0.999991	0.99947	0.980378	1
-0.00706275	-0.726834	0.467333	0.599479	1	1	0.999978	0.987833	0.720886	1
-0.00498786	-0.523001	0.600977	0.652324	1	1	1	0.999357	0.93155	1
-0.0037671	-0.364535	0.715461	0.715461	1	1	1	0.999458	0.86533	1
-0.00361672	-0.351853	0.724951	0.776273	1	1	1	0.997908	0.880297	1
-0.00487687	-0.469201	0.638929	0.705856	1	1	1	0.993863	0.772175	1
-0.0157822	-1.42513	0.15413	0.15413	1	1	0.941902	0.904005	0.655054	1
-0.00657985	-0.598823	0.549295	0.549295	1	1	0.999999	0.999233	0.945148	1
-0.0171193	-1.60734	0.107988	0.107988	1	1	0.856683	0.839333	0.741579	1
-0.00400101	-0.380149	0.703837	0.703837	1	1	1	0.999713	0.762116	1
-0.0046664	-0.465925	0.641272	0.641272	1	1	1	0.999867	0.973302	1
-0.00994645	-0.869945	0.384337	0.499499	1	1	0.999738	0.988369	0.680466	1
-0.0100628	-0.999721	0.317453	0.317453	1	1	0.998486	0.992226	0.774489	1
0.00696084	0.63564	0.525016	0.525016	1	1	0.999997	0.99922	0.80396	1
-0.00129935	-0.106543	0.915152	0.915152	1	1	1	0.999885	0.915152	1
0.00204432	0.192209	0.84758	0.847859	1	1	1	0.999918	0.929928	1
0.00461198	0.419286	0.67501	0.785133	1	1	1	0.998822	0.956264	1
-0.00838854	-0.702466	0.482394	0.482394	1	1	0.999986	0.999286	0.795932	1
0.00652286	0.590063	0.555152	0.555152	1	1	0.999999	0.998537	0.72642	1
0.000554105	0.051438	0.958977	0.969945	1	1	1	0.999614	0.958977	1
-0.00230152	-0.200264	0.841276	0.841276	1	1	1	0.999896	0.893855	1
0.00460071	0.426997	0.669384	0.725818	1	1	1	0.991464	0.74286	1
0.00926626	0.902521	0.366787	0.661189	1	1	0.999577	0.951338	0.519615	1
0.00812848	0.755251	0.450104	0.616497	1	1	0.999962	0.984796	0.695615	1
0.00156715	0.153312	0.878153	0.929396	1	1	1	0.992359	0.878153	1
0.0060832	0.585557	0.558177	0.789423	1	1	0.999999	0.94904	0.632601	1
0.00455675	0.413749	0.67906	0.771144	1	1	1	0.996595	0.815286	1
-0.000710694	-0.0680455	0.94575	0.956556	1	1	1	0.997398	0.94575	1
0.000629207	0.0579877	0.953759	0.966478	1	1	1	0.999392	0.963295	1
0.0108798	0.996459	0.319034	0.499499	1	1	0.998544	0.976195	0.529448	1
-0.000851149	-0.0782015	0.937668	0.942871	1	1	1	0.999933	0.937668	1
-0.00751953	-0.689852	0.490292	0.619393	1	1	0.999989	0.991062	0.725701	1
-0.0141394	-1.23019	0.218636	0.499499	1	1	0.984916	0.891438	0.41298	1
0.00181435	0.165874	0.868257	0.900037	1	1	1	0.999699	0.983229	1
0.0051204	0.529517	0.596451	0.674768	1	1	1	0.99652	0.844972	1
0.00275678	0.267072	0.789416	0.789416	1	1	1	0.999979	0.95697	1
-0.00186253	-0.170237	0.864825	0.886146	1	1	1	0.999026	0.877337	1
-0.00707265	-0.611119	0.541125	0.635224	1	1	0.999998	0.991503	0.707625	1
-0.00949378	-1.01811	0.308633	0.570821	1	1	0.998116	0.9478	0.524677	1
-0.00141873	-0.142186	0.886934	0.886934	1	1	1	0.999944	0.886934	1
0.000417084	0.0449519	0.964146	0.967771	1	1	1	0.999922	0.993954	1
-0.0273114	-2.85568	0.00429721	0.050679	0.0730526	0.0730526	0.0705944	0.0705944	0.0730526	0.251268
-0.0147875	-1.49126	0.135904	0.336294	1	1	0.916525	0.767929	0.288796	0.993328
0.00183014	0.213423	0.830998	0.830998	1	1	1	0.999826	0.981219	1
0.00705806	0.642818	0.520347	0.520347	1	1	0.999996	0.999355	0.985345	1
-0.00714153	-0.80414	0.421322	0.421322	1	1	0.999908	0.999108	0.847752	1
6.57286e-05	0.00729467	0.99418	0.99418	1	1	1	0.999971	0.99418	1
-0.00346834	-0.328648	0.742424	0.742424	1	1	1	0.999708	0.974442	1
0.0161707	1.61873	0.105515	0.192111	1	1	0.849776	0.812244	0.59792	1
-0.0112306	-1.02417	0.305763	0.466065	1	1	0.997979	0.973994	0.647349	1
-0.00558469	-0.543814	0.586573	0.641935	1	1	1	0.999147	0.910064	1
-0.00995158	-0.916387	0.359471	0.436914	1	1	0.999486	0.992554	0.804748	1
0.013719	1.16416	0.244369	0.366934	1	1	0.991464	0.954143	0.565514	1
-0.00474283	-0.535433	0.592354	0.592354	1	1	1	0.999689	0.971022	1
0.0015303	0.154151	0.877491	0.877491	1	1	1	0.999854	0.971538	1
-0.0110739	-1.21235	0.225386	0.408546	1	1	0.986985	0.939753	0.547366	1
-0.00754333	-0.805847	0.420337	0.577679	1	1	0.999906	0.97801	0.649612	1
0.0139264	1.54312	0.122812	0.217915	1	1	0.892211	0.817944	0.417561	1
-0.00699447	-0.770967	0.440732	0.542345	1	1	0.999949	0.990429	0.682426	1
-0.000162661	-0.0198989	0.984124	0.984807	1	1	1	0.999748	0.990968	1
0.00230763	0.222058	0.82427	0.82427	1	1	1	0.999149	0.937722	1
-0.0117297	-1.39415	0.163282	0.163282	1	1	0.951711	0.917566	0.521984	1
-0.0119071	-1.23177	0.218045	0.300165	1	1	0.984721	0.933166	0.529539	1
0.00536021	0.485998	0.626972	0.713673	1	1	1	0.99438	0.767908	1
-0.0176635	-2.04278	0.0410827	0.0830631	0.698406	0.575158	0.509906	0.444178	0.174602	0.600551
-0.00804203	-0.707809	0.479069	0.499499	1	1	0.999985	0.998484	0.776816	1
-0.00252253	-0.243039	0.807977	0.822453	1	1	1	0.999845	0.926575	1
-0.000165035	-0.0157525	0.987432	0.98833	1	1	1	0.999987	0.996643	1
-0.00528719	-0.457775	0.647117	0.647117	1	1	1	0.999319	0.882085	1
-0.0159236	-1.73921	0.0820068	0.211218	1	1	0.766509	0.698177	0.348529	1
-0.00522681	-0.54036	0.588953	0.666797	1	1	1	0.996219	0.666844	1
-0.00251556	-0.279683	0.779722	0.779722	1	1	1	0.999912	0.883685	1
-0.0127142	-1.29124	0.19663	0.256243	1	1	0.975814	0.945879	0.668541	1
-0.01673	-1.68804	0.0914124	0.253373	1	1	0.804009	0.738702	0.388503	1
0.00357896	0.421855	0.673133	0.717516	1	1	1	0.99638	0.762885	1
0.00430708	0.393623	0.693862	0.781261	1	1	1	0.998892	0.80508	1
-0.00627955	-0.709624	0.477943	0.477943	1	1	0.999984	0.99951	0.986308	1
0.00611046	0.708717	0.478505	0.499499	1	1	0.999984	0.997488	0.872542	1
-0.0138375	-1.31896	0.187192	0.215877	1	1	0.970502	0.963708	0.735024	1
0.0035412	0.350628	0.72587	0.821145	1	1	1	0.999141	0.856222	1
-0.00332459	-0.309563	0.756896	0.805142	1	1	1	0.998702	0.832675	1
-0.0179161	-1.6968	0.089745	0.20969	1	1	0.797804	0.731908	0.359173	1
0.00244857	0.223661	0.823022	0.855755	1	1	1	0.994457	0.932759	1
0.0124283	1.0704	0.284445	0.427627	1	1	0.99662	0.964809	0.604446	1
-0.0142758	-1.55325	0.120374	0.305282	1	1	0.887003	0.833975	0.503908	1
-0.0029654	-0.297386	0.766174	0.852944	1	1	1	0.990195	0.86833	1
-0.00207622	-0.226747	0.820622	0.820622	1	1	1	0.999854	0.958904	1
-0.0110644	-1.22863	0.219221	0.301664	1	1	0.985107	0.934263	0.532395	1
-0.00939176	-0.922314	0.356372	0.499499	1	1	0.999442	0.981045	0.662021	1
-0.00590054	-0.637811	0.523601	0.589223	1	1	0.999997	0.993138	0.741768	1
0.00158561	0.198837	0.842391	0.842391	1	1	1	0.999978	0.916263	1
-0.0108789	-1.06496	0.286902	0.286902	1	1	0.996812	0.984226	0.81289	1
-0.00306779	-0.369628	0.711662	0.767518	1	1	1	0.999425	0.938989	1
-0.00428347	-0.442949	0.657806	0.780208	1	1	1	0.99556	0.798764	1
-0.00559043	-0.527084	0.598139	0.598139	1	1	1	0.999185	0.847364	1
-0.0151048	-1.73093	0.0834738	0.107483	1	1	0.772771	0.752076	0.44372	1
0.00325309	0.266467	0.789881	0.808262	1	1	1	0.997558	0.87209	1
0.0138352	1.18475	0.236124	0.236124	1	1	0.989734	0.982407	0.865421	1
-0.00124399	-0.101735	0.918968	0.923004	1	1	1	0.999793	0.977169	1
-0.0217029	-1.77911	0.0752311	0.119011	1	1	0.735415	0.665447	0.319732	1
-0.00122196	-0.101862	0.918867	0.918867	1	1	1	0.999872	0.918867	1
0.000994769	0.085767	0.931652	0.946936	1	1	1	0.994877	0.931652	1
0.00237224	0.195736	0.844818	0.895336	1	1	1	0.999832	0.984229	1
-0.00459344	-0.378063	0.705386	0.816105	1	1	1	0.996173	0.744312	1
0.00343294	0.283322	0.776932	0.790474	1	1	1	0.999051	0.880523	1
-0.000527503	-0.0431693	0.965567	0.965567	1	1	1	0.99999	0.965567	1
0.0110217	0.909441	0.363124	0.373196	1	1	0.999533	0.99697	0.859056	1
-0.0121392	-0.992581	0.320922	0.42626	1	1	0.998611	0.993439	0.754682	1
0.0117887	0.979798	0.327193	0.415762	1	1	0.998814	0.980993	0.695286	1
-0.0025426	-0.207112	0.835923	0.859991	1	1	1	0.999181	0.835923	1
0.00283846	0.238748	0.811302	0.829213	1	1	1	0.997077	0.901378	1
0.000156025	0.0132471	0.989431	0.989431	1	1	1	0.999936	0.989431	1
0.00413656	0.344124	0.730756	0.730756	1	1	1	0.999619	0.984985	1
0.0062201	0.531427	0.595126	0.595126	1	1	1	0.999098	0.880056	1
0.000960412	0.0789676	0.937059	0.945398	1	1	1	0.999775	0.974655	1
-0.00342612	-0.289506	0.772196	0.815764	1	1	1	0.999753	0.903427	1
0.021426	1.76489	0.0775916	0.0992752	1	1	0.746665	0.725355	0.322835	1
0.00629897	0.536916	0.591329	0.652663	1	1	1	0.998096	0.871527	1
0.0086928	0.740136	0.459223	0.459223	1	1	0.999971	0.999662	0.818962	1
-0.00482725	-0.400198	0.689013	0.689013	1	1	1	0.999931	0.956423	1
0.011002	0.953329	0.340431	0.463381	1	1	0.999154	0.989723	0.717779	1
0.00999048	0.890326	0.373298	0.373298	1	1	0.999645	0.994143	0.863965	1
0.00272077	0.231787	0.816705	0.835108	1	1	1	0.999769	0.961804	1
0.00770893	0.655711	0.512015	0.648364	1	1	0.999995	0.986497	0.697146	1
0.00372219	0.32126	0.748015	0.774804	1	1	1	0.997967	0.847751	1
-0.0158533	-1.27878	0.200985	0.218848	1	1	0.977949	0.96546	0.849673	1
0.00138928	0.115057	0.908401	0.944273	1	1	1	0.998022	0.963759	1
0.0102009	0.83354	0.404546	0.499499	1	1	0.999851	0.990589	0.7054	1
0.0156051	1.33932	0.180475	0.32797	1	1	0.966072	0.944949	0.670944	1
0.0170549	1.38202	0.166974	0.192089	1	1	0.955208	0.935452	0.626061	1
0.00621231	0.507908	0.611521	0.646281	1	1	1	0.997276	0.699092	1
0.00835135	0.694614	0.487302	0.501113	1	1	0.999988	0.998896	0.828414	1
0.0162788	1.40066	0.161324	0.161324	1	1	0.949754	0.914824	0.544723	1
0.0030194	0.248783	0.80353	0.80353	1	1	1	0.998915	0.910667	1
-0.0018617	-0.153821	0.877752	0.907583	1	1	1	0.999682	0.932611	1
0.0132618	1.09749	0.272436	0.316165	1	1	0.995514	0.980033	0.771901	1
0.00248635	0.203903	0.83843	0.83843	1	1	1	0.999946	0.890832	1
0.0258111	2.11383	0.0345375	0.0345375	0.587137	0.587137	0.449823	0.449823	0.587137	1
0.00555667	0.452575	0.650858	0.650858	1	1	1	0.999141	0.922048	1
0.0134354	1.11696	0.26402	0.274265	1	1	0.994546	0.986319	0.839468	1
0.0124777	1.01936	0.308042	0.499499	1	1	0.998089	0.978149	0.581856	1
-0.00559108	-0.468637	0.639332	0.639332	1	1	1	0.999979	0.925984	1
0.0106978	0.906631	0.364609	0.500746	1	1	0.999552	0.989618	0.619835	1
0.0339173	2.83151	0.00463577	0.00463577	0.0788081	0.0788081	0.0759521	0.0759521	0.0680212	0.233962
0.0167362	1.42946	0.152883	0.152883	1	1	0.940428	0.929677	0.999562	1
0.0179606	1.46994	0.141587	0.141587	1	1	0.925383	0.898739	0.688497	1
0.00586281	0.492516	0.622358	0.655352	1	1	1	0.996092	0.755721	1
0.00858883	0.711644	0.47669	0.568681	1	1	0.999983	0.990054	0.736703	1
0.00363424	0.310117	0.756474	0.757688	1	1	1	0.999767	0.918575	1
0.0143207	1.21765	0.223366	0.224299	1	1	0.986396	0.982483	0.941866	1
0.0147315	1.20458	0.228375	0.228375	1	1	0.987813	0.942261	0.554624	1
0.0138585	1.19939	0.230387	0.367652	1	1	0.988342	0.958726	0.596802	1
0.0164965	1.46484	0.142975	0.266664	1	1	0.927408	0.901167	0.704929	1
0.0160439	1.3702	0.170634	0.170634	1	1	0.958439	0.914611	0.580156	1
0.00351989	0.303085	0.761827	0.761827	1	1	1	0.999398	0.912877	1
0.0139126	1.19161	0.233422	0.377388	1	1	0.989099	0.961029	0.661362	1
-0.00359807	-0.29006	0.771772	0.771772	1	1	1	0.999977	0.997391	1
0.000934158	0.0770777	0.938562	0.944618	1	1	1	0.999582	0.938562	1
-0.00222162	-0.174027	0.861845	0.861845	1	1	1	0.999739	0.978956	1
-0.0243117	-1.89567	0.0580135	0.0897354	0.98623	0.98623	0.637958	0.637958	0.71006	1
-0.00854903	-0.674853	0.499774	0.69973	1	1	0.999992	0.990271	0.653551	1
-0.0107795	-0.849914	0.39538	0.587178	1	1	0.999807	0.963312	0.560122	1
0.00377029	0.300555	0.763756	0.873345	1	1	1	0.965511	0.81149	1
-0.0103254	-0.816811	0.414043	0.718969	1	1	0.999887	0.929297	0.502767	1
0.019077	1.46816	0.142071	0.284855	1	1	0.926095	0.81879	0.345029	1
0.0151415	1.16518	0.243957	0.540859	1	1	0.991384	0.880658	0.377025	1
0.0125632	1.05771	0.290198	0.290198	1	1	0.997053	0.99176	0.985518	1
-0.00329733	-0.281925	0.778003	0.778003	1	1	1	0.999861	0.905752	1
-0.00796294	-0.64349	0.519911	0.697844	1	1	0.999996	0.994122	0.794805	1
-0.0012092	-0.0985171	0.921522	0.921522	1	1	1	1	0.982441	1
-0.0187917	-1.47865	0.139244	0.139244	1	1	0.921844	0.909201	0.904526	1
0.000709689	0.0552518	0.955938	0.955938	1	1	1	0.999123	0.955938	1
0.00338865	0.33476	0.737809	0.811816	1	1	1	0.991419	0.836183	1
0.000278036	0.0244612	0.980485	0.9851	1	1	1	0.999619	0.996086	1
0.00122259	0.102741	0.918169	0.92334	1	1	1	0.99973	0.975555	1
0.0161892	1.39899	0.161828	0.161828	1	1	0.950264	0.929205	0.70384	1
0.00812736	0.681069	0.495833	0.525045	1	1	0.999991	0.998044	0.842916	1
0.00405658	0.330757	0.74083	0.74083	1	1	1	0.999655	0.900618	1
0.00917796	0.864799	0.387156	0.499499	1	1	0.999757	0.992636	0.705513	1
-0.00016101	-0.0135544	0.989186	0.992389	1	1	1	0.998254	0.989186	1
0.000235646	0.0195895	0.984371	0.984371	1	1	1	0.999963	0.984371	1
0.0153629	1.3343	0.182116	0.182116	1	1	0.967209	0.940065	0.773994	1
0.0228251	1.97847	0.0478844	0.0478844	0.814035	0.76615	0.565765	0.543926	0.407017	1
0.0144103	1.25689	0.208805	0.267922	1	1	0.981344	0.939827	0.591614	1
0.0182924	1.61298	0.106759	0.216188	1	1	0.853289	0.816123	0.515159	1
0.00694841	0.596658	0.55074	0.679271	1	1	0.999999	0.996306	0.851144	1
-0.000508277	-0.0436277	0.965201	0.969267	1	1	1	0.99953	0.965201	1
0.00101036	0.0876277	0.930173	0.930173	1	1	1	0.998554	0.930173	1
-0.0126784	-1.10861	0.267606	0.528382	1	1	0.994981	0.925973	0.454931	1
0.00416539	0.346124	0.729252	0.771416	1	1	1	0.997746	0.863902	1
-0.00093076	-0.0777591	0.93802	0.93802	1	1	1	0.999833	0.93802	1
0.00567555	0.467558	0.640104	0.669931	1	1	1	0.999538	0.88045	1
0.00126721	0.104094	0.917095	0.92015	1	1	1	0.999991	0.990189	1
-0.00877824	-0.722887	0.469755	0.57869	1	1	0.999979	0.993751	0.798583	1
-0.0186621	-1.53655	0.124414	0.124414	1	1	0.895509	0.880661	0.735067	1
0.0142219	1.23252	0.217763	0.217763	1	1	0.984627	0.967883	0.888736	1
0.0132961	1.18226	0.237112	0.237112	1	1	0.989958	0.977382	0.74731	1
-0.00685826	-0.563774	0.572912	0.681839	1	1	0.999999	0.993931	0.811625	1
-0.00434628	-0.358575	0.719916	0.803305	1	1	1	0.979807	0.815904	1
0.00472324	0.379692	0.704177	0.704177	1	1	1	0.999968	0.982887	1
-0.00278869	-0.227088	0.820357	0.820357	1	1	1	0.999789	0.873641	1
-0.00957429	-0.824563	0.409626	0.409626	1	1	0.999871	0.996963	0.896669	1
-0.00689317	-0.591395	0.55426	0.55426	1	1	0.999999	0.999305	0.888289	1
-0.0130208	-1.0684	0.285349	0.303951	1	1	0.996692	0.982253	0.808272	1
-0.00497642	-0.410049	0.681773	0.681773	1	1	1	0.999847	0.982067	1
-0.00864324	-0.749232	0.453723	0.657455	1	1	0.999966	0.985483	0.67831	1
0.000780909	0.0676649	0.946053	0.949897	1	1	1	0.998768	0.946053	1
0.0058803	0.487024	0.626245	0.663776	1	1	1	0.997935	0.76044	1
0.00532611	0.445805	0.655741	0.755468	1	1	1	0.997766	0.857508	1
-0.00499378	-0.414353	0.678618	0.73785	1	1	1	0.9928	0.824037	1
-0.00239882	-0.199236	0.84208	0.890157	1	1	1	0.996062	0.922036	1
-0.00261858	-0.241568	0.809117	0.872056	1	1	1	0.982048	0.809117	1
0.0115189	1.06985	0.284695	0.418336	1	1	0.99664	0.982057	0.649076	1
-0.00285856	-0.232867	0.815867	0.858394	1	1	1	0.999259	0.866858	1
-0.00669325	-0.545945	0.585108	0.585108	1	1	1	0.999636	0.892837	1
-0.00197273	-0.167191	0.867221	0.89688	1	1	1	0.997827	0.921422	1
0.00659696	0.563908	0.572821	0.572821	1	1	0.999999	0.999526	0.985376	1
0.0120342	0.97008	0.332014	0.332014	1	1	0.99895	0.992337	0.869821	1
0.00783595	0.629349	0.529125	0.571333	1	1	0.999997	0.997756	0.74256	1
0.0036259	0.304326	0.760882	0.786672	1	1	1	0.997703	0.845594	1
0.00576878	0.469871	0.638451	0.769656	1	1	1	0.999192	0.840338	1
-0.00297016	-0.268719	0.788148	0.817458	1	1	1	0.996914	0.842637	1
0.00582499	0.491347	0.623185	0.695191	1	1	1	0.992403	0.809886	1
-0.0119469	-1.10095	0.270927	0.270927	1	1	0.995354	0.983555	0.797563	1
-0.00225063	-0.204357	0.838076	0.838076	1	1	1	0.99988	0.899734	1
0.00456365	0.409802	0.681954	0.755293	1	1	1	0.998749	0.833184	1
-0.00870591	-0.835056	0.403693	0.499499	1	1	0.999848	0.991067	0.719966	1
0.00416537	0.341101	0.73303	0.767746	1	1	1	0.999533	0.890108	1
-0.00375047	-0.304974	0.760388	0.760388	1	1	1	0.999541	0.814183	1
-0.00942428	-0.804549	0.421086	0.499499	1	1	0.999908	0.992697	0.739815	1
-0.013862	-1.18331	0.236696	0.328321	1	1	0.989864	0.977209	0.781392	1
-0.0145383	-1.27849	0.201088	0.381793	1	1	0.977997	0.915377	0.458968	1
-0.012886	-1.09158	0.275027	0.424883	1	1	0.995778	0.959893	0.548725	1
-0.00388288	-0.356959	0.721125	0.812297	1	1	1	0.993061	0.817275	1
-0.00526906	-0.49309	0.621953	0.659759	1	1	1	0.998896	0.874971	1
0.0115832	1.03201	0.302076	0.56975	1	1	0.997788	0.91934	0.466845	1
0.0150991	1.29185	0.19642	0.424096	1	1	0.975706	0.887724	0.417393	1
-0.00536919	-0.506437	0.612554	0.760349	1	1	1	0.979528	0.694227	1
0.00232704	0.212748	0.831525	0.838998	1	1	1	0.997196	0.883495	1
0.0110259	1.02781	0.304047	0.304047	1	1	0.997892	0.987089	0.861465	1
0.0066372	0.599994	0.548514	0.615301	1	1	0.999999	0.995682	0.748472	1
0.00573045	0.502675	0.615196	0.780816	1	1	1	0.994172	0.747024	1
0.00657138	0.562905	0.573503	0.595424	1	1	0.999999	0.998786	0.814666	1
-0.00710367	-0.661383	0.508372	0.508372	1	1	0.999994	0.999472	0.882165	1
-0.00329593	-0.306538	0.759197	0.759197	1	1	1	0.999972	0.920471	1
-8.523e-05	-0.00831183	0.993368	0.993805	1	1	1	0.999923	0.993368	1
-0.00522952	-0.501812	0.615803	0.739461	1	1	1	0.998563	0.796071	1
-0.00282205	-0.261702	0.793553	0.82834	1	1	1	0.99957	0.9636	1
-0.00447837	-0.406089	0.68468	0.766393	1	1	1	0.998312	0.873212	1
-0.0021137	-0.188572	0.850429	0.850429	1	1	1	0.999925	0.987262	1
0.00470848	0.425168	0.670717	0.688738	1	1	1	0.99958	0.870762	1
-0.00166046	-0.149303	0.881315	0.881315	1	1	1	0.999975	0.961121	1
-0.0110401	-0.99829	0.318147	0.475669	1	1	0.998512	0.978278	0.650945	1
-0.00255208	-0.237603	0.812191	0.812191	1	1	1	0.999862	0.892117	1
-0.00333408	-0.310485	0.756195	0.756195	1	1	1	0.99979	0.908138	1
-0.0125037	-1.14796	0.250995	0.41033	1	1	0.992651	0.949555	0.533365	1
-0.00733663	-0.660324	0.509051	0.509051	1	1	0.999994	0.998343	0.935004	1
-0.0129086	-1.12974	0.258595	0.3753	1	1	0.993821	0.968239	0.607668	1
-0.015196	-1.29014	0.197013	0.221341	1	1	0.976009	0.942295	0.669844	1
-0.0233124	-2.18487	0.0289061	0.0289061	0.491404	0.433592	0.392648	0.355952	0.163801	0.563404
-0.0326708	-3.00504	0.00265757	0.00265757	0.0451787	0.0425211	0.0442308	0.041684	0.0225893	0.0776972
-0.00477697	-0.428478	0.668306	0.668306	1	1	1	0.999579	0.946767	1
-0.00623035	-0.544517	0.58609	0.58609	1	1	1	0.998849	0.818073	1
-0.00281196	-0.27338	0.784563	0.838399	1	1	1	0.998793	0.908858	1
-0.00787503	-0.743472	0.457201	0.457201	1	1	0.999969	0.99778	0.847657	1
0.00223693	0.197167	0.843698	0.887965	1	1	1	0.997961	0.843698	1
0.0217484	1.99002	0.0465978	0.308458	0.792163	0.698967	0.555682	0.511188	0.264054	0.908229
-0.00334017	-0.289326	0.772334	0.772334	1	1	1	0.999897	0.992071	1
0.000410497	0.0342976	0.97264	0.97264	1	1	1	0.999975	0.97264	1
-0.00750459	-0.606905	0.543918	0.755289	1	1	0.999998	0.961481	0.639892	1
0.00291525	0.249062	0.803314	0.866762	1	1	1	0.999942	0.98538	1
0.0120387	0.996238	0.319143	0.480002	1	1	0.998548	0.985425	0.643847	1
0.00365762	0.318908	0.749799	0.749799	1	1	1	0.999389	0.849772	1
0.000535601	0.0457992	0.963471	0.963471	1	1	1	0.999971	0.963471	1
-0.00844347	-0.714056	0.475198	0.521601	1	1	0.999983	0.995531	0.798106	1
-0.00368611	-0.297242	0.766284	0.790334	1	1	1	0.999682	0.941427	1
-0.0129928	-1.04697	0.295122	0.35067	1	1	0.997382	0.969721	0.627133	1
0.00981389	0.818993	0.412797	0.414425	1	1	0.999883	0.998319	0.772613	1
0.0135132	1.12906	0.258879	0.338684	1	1	0.993861	0.984918	0.803775	1
0.00770418	0.696384	0.486194	0.502529	1	1	0.999988	0.998069	0.762138	1
0.00146285	0.128408	0.897827	0.897827	1	1	1	0.999996	0.993432	1
0.00278628	0.226623	0.820719	0.829494	1	1	1	0.999828	0.863333	1
0.000447683	0.0367932	0.97065	0.97065	1	1	1	0.999993	0.998903	1
0.00797965	0.654752	0.512632	0.512632	1	1	0.999995	0.999632	0.975112	1
-0.0107614	-0.896605	0.369937	0.369937	1	1	0.999611	0.997534	0.946285	1
-0.00799555	-0.708614	0.478569	0.668778	1	1	0.999984	0.98952	0.739607	1
-0.00830394	-0.723193	0.469567	0.584233	1	1	0.999979	0.984842	0.66522	1
0.0108972	0.875547	0.381283	0.515422	1	1	0.999715	0.982817	0.609006	1
-0.00416856	-0.338656	0.734871	0.784527	1	1	1	0.995597	0.832854	1
0.00850842	0.682876	0.49469	0.49469	1	1	0.999991	0.998915	0.955518	1
-0.00802304	-0.650632	0.515289	0.515289	1	1	0.999996	0.999918	0.930059	1
-0.00491846	-0.39202	0.695046	0.71995	1	1	1	0.996115	0.738486	1
0.00216187	0.173017	0.862639	0.907103	1	1	1	0.998301	0.916554	1
-0.00638372	-0.52711	0.598121	0.653937	1	1	1	0.993363	0.72629	1
-0.0031475	-0.262206	0.793165	0.858437	1	1	1	0.991151	0.89892	1
0.00591477	0.501509	0.616017	0.616017	1	1	1	0.99993	0.925873	1
-0.00527698	-0.441063	0.659171	0.659171	1	1	1	0.999466	0.976094	1
-0.0124525	-1.01221	0.311446	0.499499	1	1	0.998242	0.970376	0.542294	1
-0.000199268	-0.0163176	0.986981	0.990755	1	1	1	0.999999	0.986981	1
-0.0143192	-1.14836	0.250831	0.433568	1	1	0.992623	0.976583	0.608346	1
-0.000946989	-0.0762638	0.93921	0.93921	1	1	1	0.999984	0.955616	1
-0.000563136	-0.0475378	0.962085	0.97723	1	1	1	0.999945	0.998696	1
0.00720342	0.596524	0.55083	0.602221	1	1	0.999999	0.998343	0.886562	1
0.00151967	0.124129	0.901214	0.91579	1	1	1	0.999036	0.943135	1
-0.00118873	-0.0975481	0.922292	0.93685	1	1	1	0.997548	0.922292	1
-0.00579927	-0.469765	0.638526	0.657817	1	1	1	0.998643	0.834212	1
-0.00265001	-0.212483	0.831731	0.832347	1	1	1	0.999198	0.940066	1
-0.0101099	-0.859461	0.390093	0.531034	1	1	0.999776	0.981515	0.663158	1
0.0122172	1.05203	0.292795	0.485307	1	1	0.997231	0.98265	0.575021	1
-0.0202214	-1.62568	0.104028	0.188655	1	1	0.845472	0.807505	0.58949	1
-0.0124045	-0.984378	0.324938	0.428116	1	1	0.998744	0.990505	0.722408	1
-0.0011533	-0.0909732	0.927515	0.953061	1	1	1	0.994694	0.927515	1
0.00362458	0.288299	0.77312	0.77312	1	1	1	0.99938	0.929551	1
0.00475234	0.378695	0.704917	0.704917	1	1	1	0.999577	0.896653	1
0.00586185	0.47001	0.638351	0.75706	1	1	1	0.996908	0.781322	1
0.0232602	1.88987	0.0587844	0.250227	0.999336	0.999336	0.642962	0.642962	0.451187	1
0.0106274	0.886027	0.37561	0.493576	1	1	0.999667	0.99255	0.62867	1
-0.0064639	-0.675956	0.499073	0.646808	1	1	0.999992	0.973277	0.606018	1
0.00670393	0.583866	0.559315	0.629173	1	1	0.999999	0.998578	0.814949	1
-0.00176343	-0.162237	0.87112	0.87112	1	1	1	0.999833	0.972357	1
0.00117855	0.106024	0.915564	0.915564	1	1	1	0.999683	0.915564	1
0.00874955	0.783231	0.433497	0.473033	1	1	0.999936	0.998071	0.8135	1
-0.00950747	-0.912592	0.361464	0.443684	1	1	0.999512	0.988732	0.756893	1
0.000805156	0.0664734	0.947001	0.953591	1	1	1	0.998696	0.947001	1
-0.00881294	-0.723941	0.469107	0.599798	1	1	0.999979	0.988114	0.724984	1
-0.0017638	-0.147225	0.882956	0.912544	1	1	1	0.997545	0.882956	1
-0.00290603	-0.242158	0.80866	0.815769	1	1	1	0.999892	0.989529	1
0.00215081	0.209298	0.834217	0.834217	1	1	1	0.999963	0.932271	1
0.00352929	0.31604	0.751974	0.816222	1	1	1	0.994442	0.852237	1
0.0016539	0.177859	0.858835	0.903471	1	1	1	0.994292	0.912512	1
-0.00317341	-0.329465	0.741806	0.837881	1	1	1	0.998853	0.902367	1
0.0119331	1.05901	0.289602	0.471074	1	1	0.997011	0.980021	0.606516	1
0.00574852	0.489833	0.624256	0.688968	1	1	1	0.995988	0.799512	1
-0.00191865	-0.182408	0.855264	0.876378	1	1	1	0.999923	0.861824	1
0.00429838	0.394018	0.69357	0.749201	1	1	1	0.995673	0.786046	1
0.0151927	1.31609	0.188152	0.357408	1	1	0.971089	0.933447	0.545996	1
0.00628261	0.53534	0.592419	0.592419	1	1	1	0.998892	0.848334	1
0.00385985	0.348774	0.727262	0.793365	1	1	1	0.988121	0.82423	1
-0.00550037	-0.490702	0.623641	0.634003	1	1	1	0.997515	0.815531	1
0.00481017	0.425674	0.670349	0.670349	1	1	1	0.999482	0.949661	1
0.00826949	0.725573	0.468106	0.499499	1	1	0.999978	0.996593	0.773297	1
-0.000237856	-0.0223126	0.982199	0.982199	1	1	1	0.999432	0.982199	1
-0.00433912	-0.405944	0.684787	0.756962	1	1	1	0.994845	0.776092	1
0.00465261	0.454661	0.649356	0.649356	1	1	1	0.999684	0.904444	1
-0.00215312	-0.203727	0.838568	0.876245	1	1	1	0.998702	0.892504	1
-0.00891967	-0.787261	0.431135	0.513429	1	1	0.999932	0.992092	0.691204	1
0.00662634	0.58807	0.55649	0.55649	1	1	0.999999	0.999601	0.825538	1
-0.0111524	-1.03944	0.298608	0.41406	1	1	0.997594	0.97979	0.626515	1
-0.0136135	-1.2668	0.205235	0.478448	1	1	0.97986	0.915778	0.429692	1
-0.00402219	-0.364551	0.715449	0.836792	1	1	1	0.982036	0.810842	1
-0.000684355	-0.0618939	0.950648	0.968392	1	1	1	0.999196	0.950648	1
-0.005696	-0.484732	0.62787	0.669287	1	1	1	0.998423	0.860306	1
-0.000666562	-0.0566849	0.954797	0.969069	1	1	1	0.984921	0.954797	1
-0.015426	-1.38118	0.167235	0.384542	1	1	0.955446	0.870944	0.405281	1
-0.0124341	-1.09007	0.27569	0.434986	1	1	0.995844	0.987124	0.607061	1
-0.0314249	-2.83593	0.00457228	0.00457228	0.0777287	0.0777287	0.0749495	0.0749495	0.0777287	0.267352
-0.0284944	-2.5539	0.0106573	0.0106573	0.181174	0.181174	0.166521	0.166521	0.181174	0.623158
-0.00569903	-0.51533	0.606326	0.628031	1	1	1	0.99883	0.726708	1
-0.0111395	-0.963661	0.335224	0.34089	1	1	0.999033	0.996708	0.853957	1
0.00173784	0.158639	0.873955	0.923336	1	1	1	0.999085	0.990482	1
-0.00117097	-0.105989	0.915592	0.915592	1	1	1	0.999741	0.923786	1
0.0120137	1.02824	0.303845	0.303845	1	1	0.997882	0.987044	0.860894	1
0.0296666	2.61078	0.00903808	0.028486	0.153647	0.144609	0.143024	0.135208	0.0768236	0.264239
0.00149912	0.12933	0.897098	0.897098	1	1	1	0.999988	0.988931	1
0.00398818	0.335805	0.73702	0.73702	1	1	1	0.999985	0.970896	1
0.00309344	0.26083	0.794226	0.794226	1	1	1	0.999928	0.911694	1
0.00259772	0.213371	0.831039	0.906171	1	1	1	0.992717	0.882979	1
-0.0126685	-1.10875	0.267547	0.267547	1	1	0.994974	0.987209	0.886629	1
-0.0063993	-0.551706	0.581154	0.581154	1	1	1	0.999716	0.80052	1
0.000923486	0.075548	0.939779	0.939779	1	1	1	0.999797	0.999006	1
-0.00810167	-0.773359	0.439316	0.529688	1	1	0.999947	0.993856	0.73189	1
0.00369296	0.301387	0.763121	0.763121	1	1	1	0.999151	0.845437	1
0.00121431	0.098085	0.921865	0.939958	1	1	1	0.998595	0.979482	1
-0.0106811	-0.924878	0.355037	0.38113	1	1	0.999422	0.991967	0.81641	1
-0.0204422	-1.76476	0.0776146	0.0776146	1	1	0.746772	0.702363	0.439816	1
-0.017783	-1.51091	0.130822	0.200089	1	1	0.907775	0.83841	0.420962	1
-0.0147525	-1.27015	0.204042	0.272612	1	1	0.97934	0.95903	0.805899	1
-0.00441616	-0.368193	0.712732	0.773871	1	1	1	0.993944	0.807763	1
-0.00435095	-0.369034	0.712105	0.755443	1	1	1	0.998022	0.901012	1
0.00540821	0.467252	0.640323	0.640323	1	1	1	0.99916	0.907124	1
0.0167723	1.43331	0.15178	0.38624	1	1	0.939097	0.882346	0.46217	1
-0.0029894	-0.251433	0.801481	0.892546	1	1	1	0.99404	0.851574	1
0.00529134	0.443678	0.657279	0.657279	1	1	1	0.999468	0.917206	1
-0.00259986	-0.215245	0.829578	0.829578	1	1	1	0.99988	0.940188	1
0.00512322	0.425094	0.670771	0.724568	1	1	1	0.998727	0.95026	1
0.00436711	0.364284	0.715648	0.830345	1	1	1	0.999823	0.968979	1
0.0149473	1.22676	0.219923	0.219923	1	1	0.985333	0.960391	0.747737	1
-0.00995025	-0.903962	0.366023	0.395739	1	1	0.999568	0.993774	0.74685	1
-0.00819093	-0.74954	0.453538	0.45754	1	1	0.999965	0.999246	0.88309	1
0.00232789	0.202515	0.839516	0.878475	1	1	1	0.996533	0.891985	1
0.000349675	0.0297992	0.976227	0.982782	1	1	1	0.997812	0.976227	1
-0.00446042	-0.370667	0.710888	0.742639	1	1	1	0.999171	0.805673	1
-0.00212349	-0.177551	0.859077	0.88902	1	1	1	0.996289	0.859077	1
0.00525295	0.459852	0.645626	0.645626	1	1	1	0.999751	0.990519	1
0.00369939	0.32538	0.744896	0.783607	1	1	1	0.999318	0.885891	1
0.0093261	0.794884	0.426687	0.444018	1	1	0.999922	0.99842	0.788131	1
-0.00558518	-0.470313	0.638135	0.638135	1	1	1	0.999366	0.936551	1
-0.000412932	-0.0385489	0.96925	0.973707	1	1	1	0.994632	0.96925	1
-0.00291512	-0.269725	0.787374	0.787374	1	1	1	0.999913	0.892357	1
-0.00941788	-0.814257	0.415504	0.512444	1	1	0.999892	0.990648	0.642143	1
-0.00212226	-0.182103	0.855503	0.864204	1	1	1	0.999809	0.924241	1
-0.00664695	-0.558466	0.57653	0.579453	1	1	1	0.998716	0.805626	1
-0.0107331	-0.892452	0.372158	0.408745	1	1	0.999634	0.991503	0.790836	1
-0.0145427	-1.37562	0.168949	0.413517	1	1	0.95698	0.905122	0.432887	1
-0.0315457	-2.96693	0.00301026	0.00527867	0.0511745	0.0481642	0.0499605	0.047092	0.0255872	0.0880087
0.00706751	0.598371	0.549597	0.644367	1	1	0.999999	0.99624	0.786188	1
0.00674161	0.560587	0.575083	0.586085	1	1	1	0.997536	0.739396	1
-0.00471058	-0.43345	0.664691	0.664691	1	1	1	0.999946	0.869754	1
-0.00746506	-0.676622	0.498651	0.498651	1	1	0.999992	0.999497	0.935422	1
-0.00314509	-0.263021	0.792536	0.835042	1	1	1	0.999449	0.962365	1
0.00968763	0.826885	0.408308	0.475235	1	1	0.999866	0.99659	0.820135	1
-0.000582057	-0.04719	0.962362	0.96528	1	1	1	0.999471	0.98879	1
-0.00359346	-0.301836	0.762779	0.790823	1	1	1	0.99844	0.849297	1
-0.00120247	-0.100343	0.920073	0.920073	1	1	1	0.999926	0.920073	1
0.00552511	0.469227	0.638911	0.669337	1	1	1	0.995972	0.678843	1
-0.0166757	-1.49248	0.135583	0.135583	1	1	0.915996	0.869944	0.572625	1
-0.00591684	-0.509009	0.61075	0.61075	1	1	1	0.999914	0.924828	1
-0.00410148	-0.356762	0.721272	0.762954	1	1	1	0.997412	0.817442	1
-0.00835486	-0.796749	0.425603	0.506286	1	1	0.999919	0.994694	0.723525	1
0.00453171	0.371104	0.710563	0.710563	1	1	1	0.999673	0.862826	1
-0.00530571	-0.4318	0.66589	0.66589	1	1	1	0.999284	0.79829	1
-0.0162219	-1.40987	0.158589	0.158589	1	1	0.946894	0.910851	0.674001	1
-0.0183879	-1.60066	0.109462	0.109462	1	1	0.860654	0.824293	0.620284	1
-0.0177204	-1.49873	0.133954	0.222181	1	1	0.913265	0.84582	0.364191	1
-0.0184247	-1.55686	0.119515	0.150739	1	1	0.885112	0.851806	0.469748	1
-0.00993013	-0.820598	0.411882	0.637819	1	1	0.99988	0.985687	0.669989	1
-0.00365446	-0.309954	0.756598	0.790718	1	1	1	0.997027	0.823688	1
0.00461711	0.401703	0.687905	0.739188	1	1	1	0.9986	0.815078	1
0.0117915	1.02486	0.305438	0.499499	1	1	0.997963	0.962382	0.576938	1
-0.00731166	-0.673762	0.500468	0.500468	1	1	0.999992	0.999033	0.771374	1
-0.00375831	-0.342105	0.732275	0.796175	1	1	1	0.997809	0.84539	1
0.00430263	0.384563	0.700564	0.815026	1	1	1	0.997362	0.850684	1
-0.00201685	-0.175395	0.86077	0.891153	1	1	1	0.999993	0.965832	1
0.00916901	0.770441	0.441044	0.56388	1	1	0.999949	0.990472	0.749775	1
0.00935092	0.77788	0.436646	0.472466	1	1	0.999942	0.998186	0.798733	1
-0.0116506	-1.06256	0.287988	0.287988	1	1	0.996893	0.983023	0.815965	1
-0.00784747	-0.724292	0.468892	0.468892	1	1	0.999979	0.999496	0.960596	1
0.00200476	0.18779	0.851042	0.874708	1	1	1	0.999927	0.918719	1
-0.00267829	-0.249896	0.802669	0.811312	1	1	1	0.998484	0.926989	1
-0.00310639	-0.27912	0.780154	0.780154	1	1	1	0.999936	0.970739	1
-0.00301471	-0.267774	0.788875	0.788875	1	1	1	0.99867	0.88458	1
0.000957352	0.0841985	0.932899	0.94874	1	1	1	0.99998	0.98249	1
0.0071444	0.632937	0.526779	0.62925	1	1	0.999997	0.992692	0.688865	1
0.00112834	0.0958285	0.923657	0.923657	1	1	1	0.998937	0.923657	1
-0.003622	-0.312483	0.754676	0.768804	1	1	1	0.998835	0.830968	1
0.00307363	0.274278	0.783873	0.783873	1	1	1	0.999518	0.878237	1
-0.00247059	-0.221283	0.824874	0.824874	1	1	1	0.999989	0.988779	1
-0.0111062	-0.95906	0.337536	0.499499	1	1	0.999088	0.975427	0.637568	1
-0.010012	-0.859098	0.390293	0.499499	1	1	0.999778	0.989624	0.737221	1
-0.00641685	-0.534767	0.592815	0.610351	1	1	1	0.998894	0.858445	1
-0.00996244	-0.817156	0.413846	0.58228	1	1	0.999886	0.986065	0.703537	1
-0.0132586	-1.22779	0.219535	0.295116	1	1	0.985209	0.948423	0.533156	1
-0.0205857	-1.90121	0.0572834	0.177039	0.973817	0.916534	0.633157	0.610866	0.486909	1
-0.0089885	-0.770686	0.440899	0.499499	1	1	0.999949	0.994751	0.681102	1
-0.00478587	-0.408534	0.682884	0.682884	1	1	1	0.999678	0.966046	1
-0.00106782	-0.0988076	0.921292	0.921292	1	1	1	0.999962	0.973313	1
-0.0108423	-0.998067	0.318255	0.389901	1	1	0.998516	0.989948	0.772905	1
-0.00670386	-0.55146	0.581323	0.647454	1	1	1	0.992863	0.760191	1
0.00813824	0.68602	0.492706	0.516469	1	1	0.99999	0.997464	0.729197	1
-0.00187286	-0.162944	0.870563	0.870563	1	1	1	0.999233	0.924974	1
0.000334412	0.0281127	0.977572	0.983305	1	1	1	0.99986	0.978758	1
0.000329871	0.027982	0.977677	0.977677	1	1	1	0.999998	0.977677	1
-0.00384025	-0.326558	0.744004	0.770066	1	1	1	0.999719	0.842516	1
0.00094566	0.0786048	0.937348	0.937348	1	1	1	0.9985	0.974826	1
-0.0116132	-0.933573	0.350532	0.499499	1	1	0.999349	0.981233	0.631128	1
-0.00228703	-0.193081	0.846897	0.870088	1	1	1	0.997036	0.954644	1
-0.00978929	-0.800926	0.423181	0.499499	1	1	0.999913	0.992931	0.732284	1
-0.00909339	-0.767721	0.442659	0.473779	1	1	0.999952	0.998312	0.886361	1
-0.00663102	-0.556012	0.578207	0.661949	1	1	1	0.994369	0.762337	1
-0.00559099	-0.534587	0.592939	0.642959	1	1	1	0.99858	0.880896	1
0.00364587	0.358903	0.71967	0.800591	1	1	1	0.99736	0.80441	1
0.00689933	0.59654	0.550819	0.550819	1	1	0.999999	0.999666	0.90114	1
0.0113236	0.986765	0.323766	0.496075	1	1	0.998707	0.98711	0.584785	1
0.000703324	0.0597468	0.952358	0.952358	1	1	1	0.999668	0.952358	1
-0.00723633	-0.598211	0.549703	0.588548	1	1	0.999999	0.99831	0.800234	1
-0.0167686	-1.38727	0.165368	0.165368	1	1	0.953718	0.920397	0.702816	1
-0.00736179	-0.600176	0.548393	0.633354	1	1	0.999999	0.992946	0.651237	1
-0.00520224	-0.450454	0.652386	0.652386	1	1	1	0.999787	0.983558	1
-0.00355096	-0.305475	0.760007	0.760007	1	1	1	0.999954	0.98768	1
-0.0108698	-0.915385	0.359997	0.359997	1	1	0.999493	0.995277	0.982873	1
0.00171704	0.142609	0.8866	0.8866	1	1	1	0.999999	0.932385	1
-0.00712687	-0.596685	0.550722	0.550722	1	1	0.999999	0.999299	0.851116	1
-0.00837066	-0.687503	0.491771	0.547891	1	1	0.99999	0.995462	0.76001	1
0.00653044	0.572743	0.566823	0.566823	1	1	0.999999	0.998901	0.866622	1
0.000653514	0.0570706	0.954489	0.954489	1	1	1	0.999652	0.989338	1
-0.0049029	-0.424451	0.67124	0.672143	1	1	1	0.998343	0.841442	1
-0.000371203	-0.0324357	0.974125	0.974125	1	1	1	0.998778	0.974125	1
0.00100863	0.0865915	0.930997	0.930997	1	1	1	0.999998	0.996354	1
0.00193755	0.165423	0.868612	0.868612	1	1	1	0.999857	0.932709	1
-0.00193266	-0.164438	0.869388	0.869388	1	1	1	0.999802	0.933044	1
-0.0120696	-1.03293	0.301644	0.384553	1	1	0.997765	0.980732	0.732564	1
0.00128225	0.107449	0.914433	0.914433	1	1	1	0.998862	0.914433	1
0.000258796	0.0218765	0.982547	0.98627	1	1	1	0.997276	0.982547	1
0.000679492	0.0606602	0.95163	0.957753	1	1	1	0.999887	0.969665	1
0.00279317	0.250462	0.802232	0.802232	1	1	1	0.999933	0.984268	1
0.00304592	0.259006	0.795633	0.799937	1	1	1	0.999073	0.805886	1
0.00485985	0.412697	0.679831	0.701632	1	1	1	0.999655	0.973952	1
0.000247366	0.0211759	0.983106	0.983106	1	1	1	0.999499	0.983106	1
-0.000817758	-0.068583	0.945322	0.953275	1	1	1	0.999978	0.996402	1
-0.0104208	-0.862	0.388694	0.388694	1	1	0.999768	0.995545	0.911302	1
-0.00119815	-0.100189	0.920195	0.920195	1	1	1	0.999811	0.977707	1
-0.00141479	-0.117576	0.906404	0.906404	1	1	1	0.999786	0.938487	1
0.00310616	0.261957	0.793356	0.83224	1	1	1	0.999623	0.986329	1
-0.00115457	-0.105411	0.91605	0.91605	1	1	1	0.999985	0.953963	1
0.0116631	1.07432	0.282689	0.295502	1	1	0.996476	0.986689	0.8748	1
0.00122014	0.104548	0.916735	0.916735	1	1	1	0.999569	0.916735	1
-0.00502559	-0.437371	0.661846	0.661846	1	1	1	0.998719	0.86549	1
-0.00463273	-0.403268	0.686754	0.688073	1	1	1	0.999055	0.868073	1
-0.00868804	-0.750805	0.452776	0.593142	1	1	0.999965	0.977086	0.641433	1
0.00191356	0.189853	0.849426	0.849426	1	1	1	0.999881	0.906001	1
-0.0154606	-1.41018	0.158495	0.238207	1	1	0.946794	0.910713	0.490631	1
-0.0176928	-1.49001	0.136231	0.345092	1	1	0.917061	0.827508	0.385989	1
-0.0130071	-1.07492	0.282417	0.308236	1	1	0.996453	0.976094	0.685871	1
-0.0047714	-0.41399	0.678884	0.678884	1	1	1	0.999959	0.991597	1
-0.00339813	-0.296962	0.766497	0.801079	1	1	1	0.99518	0.854026	1
-0.00158445	-0.129735	0.896777	0.92169	1	1	1	0.999957	0.968795	1
0.00174391	0.141484	0.887489	0.925029	1	1	1	0.999705	0.991006	1
-0.0135757	-1.14211	0.253417	0.484251	1	1	0.993045	0.954593	0.510406	1
-0.0143045	-1.19224	0.233175	0.351939	1	1	0.989039	0.958662	0.558806	1
-0.00576888	-0.53753	0.590905	0.590905	1	1	1	0.999679	0.90653	1
-0.00966958	-0.873635	0.382324	0.51192	1	1	0.999723	0.987621	0.58006	1
-0.00564724	-0.506026	0.612842	0.612842	1	1	1	0.999235	0.903752	1
-0.00176665	-0.15597	0.876057	0.884529	1	1	1	0.99803	0.91905	1
-0.0120728	-1.04075	0.298001	0.384986	1	1	0.997558	0.979597	0.70759	1
-0.00332617	-0.282922	0.777239	0.780937	1	1	1	0.999714	0.889404	1
-0.00779196	-0.64259	0.520495	0.520495	1	1	0.999996	0.999679	0.83419	1
-0.0112771	-0.924482	0.355243	0.397055	1	1	0.999425	0.994115	0.746108	1
-0.00949088	-0.775039	0.438323	0.592343	1	1	0.999945	0.982364	0.622461	1
-0.00165724	-0.134903	0.892689	0.902719	1	1	1	0.99995	0.996299	1
0.00138456	0.118404	0.905749	0.92097	1	1	1	0.999921	0.999919	1
0.0196824	1.68951	0.0911313	0.0990341	1	1	0.802976	0.761484	0.516411	1
-0.0108402	-0.874896	0.381637	0.381637	1	1	0.999717	0.991826	0.72215	1
-0.0179506	-1.45857	0.144694	0.185615	1	1	0.929844	0.868908	0.491961	1
0.0032587	0.26901	0.787924	0.787924	1	1	1	0.999909	0.942554	1
-0.00139781	-0.11595	0.907693	0.938919	1	1	1	0.999853	0.928805	1
-0.0050657	-0.448294	0.653944	0.653944	1	1	1	0.999902	0.941624	1
-0.00097355	-0.0840353	0.933029	0.933029	1	1	1	0.999993	0.94556	1
0.012497	1.0391	0.298765	0.518849	1	1	0.997603	0.945847	0.507901	1
-0.00158375	-0.132083	0.894919	0.927814	1	1	1	0.99884	0.931203	1
0.0169047	1.43994	0.149893	0.244818	1	1	0.936752	0.857544	0.416366	1
0.00956219	0.81412	0.415583	0.499499	1	1	0.999892	0.992627	0.769481	1
0.00731307	0.614389	0.538963	0.621164	1	1	0.999998	0.994783	0.701761	1
-0.00443332	-0.370595	0.710942	0.75255	1	1	1	0.997982	0.877095	1
0.00371115	0.308541	0.757673	0.789653	1	1	1	0.994837	0.805027	1
0.00099928	0.0837998	0.933216	0.941186	1	1	1	0.999994	0.991542	1
0.00215785	0.189597	0.849626	0.875683	1	1	1	0.999489	0.908594	1
-0.00232725	-0.206826	0.836147	0.842027	1	1	1	0.998278	0.888406	1
0.0120822	1.07382	0.282913	0.394373	1	1	0.996495	0.97422	0.609383	1
0.0043517	0.389455	0.696942	0.71061	1	1	1	0.999765	0.940081	1
0.00183737	0.149365	0.881267	0.932809	1	1	1	0.997679	0.936346	1
0.00842463	0.678098	0.497715	0.499499	1	1	0.999992	0.997965	0.784216	1
-0.00245134	-0.197466	0.843465	0.915967	1	1	1	0.985977	0.843465	1
0.00125138	0.100466	0.919975	0.945791	1	1	1	0.999663	0.919975	1
-0.0233647	-1.9033	0.0570103	0.0570103	0.969176	0.912165	0.631347	0.609059	0.484588	1
-0.0250473	-2.05667	0.0397263	0.209894	0.675346	0.63562	0.497986	0.477218	0.337673	1
-0.0177764	-1.44023	0.149813	0.149813	1	1	0.93665	0.832251	0.363831	1
-0.021218	-1.7407	0.0817462	0.0817462	1	1	0.765379	0.723967	0.463229	1
-0.00378449	-0.32672	0.743882	0.805593	1	1	1	0.990131	0.8209	1
0.00332725	0.27507	0.783265	0.798423	1	1	1	0.9978	0.847574	1
-0.0205359	-1.91216	0.0558653	0.100918	0.94971	0.893844	0.623662	0.601394	0.474855	1
-0.015173	-1.46207	0.143732	0.253235	1	1	0.92849	0.889147	0.513037	1
0.000641402	0.0572161	0.954373	0.956951	1	1	1	0.997619	0.954373	1
-0.0108735	-1.05175	0.292923	0.45761	1	1	0.99724	0.977913	0.640336	1
-0.000962239	-0.077712	0.938058	0.954322	1	1	1	0.993153	0.938058	1
-0.003733	-0.300573	0.763742	0.763742	1	1	1	0.999826	0.959422	1
-0.0162592	-1.40511	0.159997	0.355049	1	1	0.948386	0.912918	0.563261	1
-0.0137068	-1.21388	0.224805	0.334429	1	1	0.986818	0.978064	0.741859	1
-0.0108073	-0.891714	0.372553	0.563152	1	1	0.999638	0.966988	0.575764	1
-0.0065013	-0.555906	0.578279	0.674625	1	1	1	0.993154	0.711487	1
-0.00534247	-0.464152	0.642542	0.754084	1	1	1	0.997914	0.886062	1
-0.0115877	-1.03546	0.300462	0.384105	1	1	0.9977	0.98037	0.729694	1
0.000462636	0.04072	0.967519	0.967519	1	1	1	0.99999	0.967519	1
0.0084725	0.720397	0.471286	0.559581	1	1	0.99998	0.991583	0.66407	1
-0.0127269	-1.14856	0.250748	0.330243	1	1	0.99261	0.966167	0.60896	1
-0.000166987	-0.0144961	0.988434	0.988434	1	1	1	0.999995	0.988434	1
0.00590936	0.551904	0.581018	0.581018	1	1	1	0.999833	0.985333	1
0.00665484	0.594066	0.552472	0.552472	1	1	0.999999	0.999969	0.901456	1
0.00399234	0.345954	0.729379	0.801333	1	1	1	0.999159	0.953804	1
-0.00162159	-0.135132	0.892508	0.916784	1	1	1	0.999652	0.892508	1
-0.00802584	-0.732244	0.464025	0.499499	1	1	0.999975	0.99635	0.876492	1
-0.0116718	-1.06774	0.285646	0.499499	1	1	0.996715	0.951558	0.478883	1
-0.00612041	-0.625329	0.53176	0.631116	1	1	0.999997	0.99055	0.697378	1
-0.0108248	-1.03886	0.29888	0.468618	1	1	0.99761	0.979876	0.629127	1
-0.000434682	-0.0405438	0.96766	0.974082	1	1	1	0.993858	0.96766	1
-0.00156622	-0.139857	0.888774	0.888774	1	1	1	0.99891	0.888774	1
-0.0129584	-1.15997	0.24607	0.566389	1	1	0.991785	0.861542	0.38029	1
-0.012951	-1.13139	0.2579	0.398416	1	1	0.993721	0.962409	0.626328	1
0.00521074	0.471791	0.637079	0.732281	1	1	1	0.982652	0.773596	1
-0.0175547	-1.50475	0.132397	0.346103	1	1	0.910576	0.842177	0.438696	1
-0.000797316	-0.0687331	0.945203	0.958734	1	1	1	0.999883	0.945203	1
-0.00436293	-0.369805	0.711531	0.711531	1	1	1	0.999906	0.930463	1
-0.0106519	-0.944513	0.344915	0.344915	1	1	0.999247	0.990466	0.74874	1
-0.00140906	-0.123689	0.901562	0.940095	1	1	1	0.985623	0.901562	1
-0.00299427	-0.246883	0.805001	0.805493	1	1	1	0.999573	0.946756	1
-0.014581	-1.22962	0.218851	0.218851	1	1	0.984987	0.984987	0.99958	1
-0.026168	-2.37483	0.017563	0.0920439	0.298572	0.281009	0.260088	0.246861	0.149286	0.513476
-0.0315007	-2.8764	0.00402515	0.0309087	0.0684276	0.0684276	0.0662679	0.0662679	0.0684276	0.23536
-0.0118597	-1.11318	0.265638	0.34831	1	1	0.994746	0.975401	0.752641	1
-0.00206135	-0.175842	0.860419	0.860419	1	1	1	0.999862	0.999605	1
-0.000686652	-0.0611929	0.951206	0.951206	1	1	1	0.999838	0.971268	1
0.00406278	0.355734	0.722042	0.791818	1	1	1	0.999071	0.91413	1
-0.00225569	-0.184016	0.854002	0.854002	1	1	1	0.999979	0.968273	1
0.00951276	0.774225	0.438804	0.499499	1	1	0.999946	0.994479	0.828852	1
-0.00866768	-0.722833	0.469788	0.469788	1	1	0.999979	0.999506	0.990985	1
-0.0046024	-0.376868	0.706274	0.706274	1	1	1	0.99997	0.991541	1
-0.0094521	-0.775163	0.438249	0.438249	1	1	0.999945	0.999445	0.874159	1
-0.00125067	-0.102325	0.918499	0.918499	1	1	1	0.999956	0.958503	1
0.0026689	0.216957	0.828243	0.865995	1	1	1	0.994572	0.847238	1
-0.00583372	-0.484079	0.628334	0.628334	1	1	1	0.99977	0.858206	1
0.0053724	0.438211	0.661236	0.712081	1	1	1	0.995871	0.70248	1
0.0012394	0.101173	0.919414	0.921866	1	1	1	0.998943	0.919414	1
0.0250879	2.03395	0.0419653	0.230996	0.71341	0.62948	0.517518	0.474324	0.237803	0.817937
0.000309469	0.0259587	0.97929	0.97929	1	1	1	0.999835	0.97929	1
-0.00520182	-0.424061	0.671524	0.74589	1	1	1	0.997939	0.834474	1
0.00709143	0.579878	0.562001	0.562001	1	1	0.999999	0.998972	0.63575	1
0.0173886	1.42022	0.155553	0.155553	1	1	0.943541	0.920825	0.879956	1
0.00239231	0.196289	0.844385	0.844385	1	1	1	0.999772	0.95992	1
0.00838432	0.679526	0.49681	0.49681	1	1	0.999991	0.999272	0.889026	1
0.00530621	0.44486	0.656424	0.656424	1	1	1	0.999785	0.839812	1
-0.0088183	-0.733539	0.463235	0.463235	1	1	0.999975	0.998816	0.831054	1
0.016403	1.38784	0.165196	0.294978	1	1	0.953556	0.885445	0.464677	1
0.0144606	1.20435	0.228462	0.228462	1	1	0.987836	0.973515	0.836916	1
0.00560824	0.476643	0.63362	0.717965	1	1	1	0.999108	0.894598	1
-0.00175359	-0.146814	0.883279	0.883279	1	1	1	0.999992	0.953065	1
0.00574361	0.475339	0.634549	0.677194	1	1	1	0.999682	0.90132	1
-0.00240352	-0.197366	0.843543	0.902341	1	1	1	0.995334	0.896264	1
-0.00407549	-0.34142	0.73279	0.73279	1	1	1	0.999903	0.986698	1
-0.00585579	-0.508759	0.610925	0.610925	1	1	1	0.999108	0.903828	1
0.0018994	0.162564	0.870863	0.870863	1	1	1	0.999069	0.870863	1
-0.000409712	-0.0347117	0.97231	0.97231	1	1	1	0.999895	0.972598	1
0.00179804	0.157375	0.87495	0.920621	1	1	1	0.998355	0.877631	1
0.0116345	0.939947	0.347252	0.347252	1	1	0.999291	0.996604	0.900925	1
-0.00456486	-0.395427	0.69253	0.779076	1	1	1	0.995392	0.84093	1
0.00303248	0.25793	0.796463	0.799635	1	1	1	0.999929	0.96197	1
0.00897445	0.764467	0.444595	0.499499	1	1	0.999954	0.994971	0.799185	1
0.016011	1.36254	0.173036	0.227789	1	1	0.960439	0.897709	0.490269	1
0.0087378	0.744684	0.456468	0.528461	1	1	0.999968	0.993131	0.672198	1
0.0104429	0.876462	0.380786	0.541177	1	1	0.999711	0.978386	0.616014	1
0.000421208	0.0365257	0.970863	0.976193	1	1	1	0.998599	0.970863	1
0.00386883	0.332555	0.739473	0.739473	1	1	1	0.999946	0.980739	1
0.0166724	1.476	0.139955	0.28438	1	1	0.922935	0.878858	0.512256	1
-0.000247159	-0.0205194	0.983629	0.983629	1	1	1	0.999927	0.989962	1
-0.00927603	-0.806228	0.420118	0.570304	1	1	0.999905	0.987214	0.659129	1
-0.00457538	-0.388844	0.697394	0.773143	1	1	1	0.999232	0.921216	1
0.0108662	0.934542	0.350031	0.448999	1	1	0.999341	0.990106	0.743817	1
-0.000329357	-0.026695	0.978703	0.985804	1	1	1	0.999546	0.982356	1
-0.00484229	-0.424509	0.671197	0.768778	1	1	1	0.984113	0.76069	1
-0.00161149	-0.137033	0.891006	0.891006	1	1	1	0.999922	0.993221	1
-0.00677391	-0.608583	0.542805	0.615983	1	1	0.999998	0.996324	0.829554	1
-0.010197	-0.872238	0.383085	0.499499	1	1	0.999728	0.989069	0.658419	1
0.000778703	0.0651281	0.948072	0.948072	1	1	1	0.998343	0.966781	1
-0.00210511	-0.176436	0.859952	0.913766	1	1	1	0.998748	0.906343	1
0.00544019	0.456398	0.648107	0.648107	1	1	1	0.999386	0.935909	1
0.00182182	0.15011	0.880679	0.891292	1	1	1	0.999421	0.935721	1
-0.00674273	-0.573563	0.566268	0.680811	1	1	0.999999	0.996824	0.802212	1
-0.00251416	-0.207855	0.835343	0.842767	1	1	1	0.999372	0.946722	1
0.0116623	1.00879	0.313083	0.484898	1	1	0.998312	0.981503	0.622211	1
0.00101007	0.0830426	0.933818	0.936085	1	1	1	0.998778	0.981509	1
0.00731125	0.615335	0.538338	0.680977	1	1	0.999998	0.979029	0.703981	1
0.000663684	0.0559192	0.955407	0.968773	1	1	1	0.999433	0.979993	1
0.0146957	1.24499	0.213144	0.213144	1	1	0.983009	0.965123	0.793457	1
0.0124078	1.05333	0.292197	0.465518	1	1	0.997191	0.984189	0.602541	1
0.0179415	1.52075	0.128332	0.410111	1	1	0.90318	0.853812	0.315559	1
-8.96862e-05	-0.00858021	0.993154	0.993241	1	1	1	0.998005	0.993154	1
0.0141852	1.20788	0.227104	0.384207	1	1	0.987467	0.950101	0.551538	1
0.00882804	0.754762	0.450398	0.585242	1	1	0.999962	0.979391	0.510451	1
-0.00578687	-0.492366	0.622464	0.666974	1	1	1	0.99456	0.75585	1
-0.00214053	-0.185047	0.853194	0.853194	1	1	1	1	0.965553	1
0.0110368	0.994777	0.319852	0.426262	1	1	0.998574	0.99537	0.710423	1
0.00477389	0.414087	0.678813	0.678813	1	1	1	0.998798	0.802958	1
-0.00227039	-0.197211	0.843664	0.857813	1	1	1	0.999907	0.973757	1
0.0129571	1.10958	0.267187	0.300669	1	1	0.994931	0.967272	0.648883	1
0.0169056	1.50272	0.132922	0.366005	1	1	0.911491	0.819408	0.376613	1
0.00389878	0.329147	0.742047	0.742047	1	1	1	0.99842	0.840987	1
-0.00706044	-0.608519	0.542848	0.706177	1	1	0.999998	0.977768	0.659173	1
0.010812	0.960679	0.336721	0.423672	1	1	0.999069	0.993863	0.682803	1
0.0172116	1.63832	0.101365	0.101365	1	1	0.837476	0.798743	0.5744	1
0.000849889	0.0808906	0.935529	0.935529	1	1	1	0.999941	0.935529	1
0.0081351	0.682148	0.49515	0.49515	1	1	0.999991	0.999726	0.897008	1
0.0210458	1.94082	0.0522888	0.0873239	0.88891	0.88891	0.598679	0.598679	0.55354	1
0.00678288	0.66079	0.508752	0.508752	1	1	0.999994	0.998334	0.876905	1
0.0261305	1.80437	0.0711865	0.169185	1	1	0.71504	0.693199	0.562797	1
-0.00593508	-0.408316	0.683046	0.683046	1	1	1	0.999143	0.957515	1
-0.0152186	-1.03682	0.299831	0.499499	1	1	0.997664	0.968362	0.536608	1
0.0192374	1.31098	0.189877	0.29547	1	1	0.972115	0.965579	0.641708	1
-0.0141099	-0.967022	0.333543	0.419285	1	1	0.99899	0.988479	0.791072	1
0.00420624	0.285736	0.775083	0.775083	1	1	1	0.999943	0.887325	1
-0.00636425	-0.43858	0.66097	0.66097	1	1	1	0.999651	0.842568	1
0.00555336	0.379958	0.70398	0.718842	1	1	1	0.999145	0.857461	1
-0.010072	-0.689444	0.490551	0.619235	1	1	0.99999	0.991094	0.623074	1
0.0235846	1.61394	0.106554	0.158618	1	1	0.852715	0.852715	0.807846	1
-0.0166077	-1.13773	0.255246	0.255246	1	1	0.993329	0.973123	0.723196	1
0.020288	1.38552	0.165907	0.21658	1	1	0.954223	0.905422	0.527054	1
0.00520887	0.355669	0.722092	0.722092	1	1	1	0.999829	0.919154	1
0.0278818	1.91556	0.0554337	0.0554337	0.942373	0.886939	0.620727	0.598469	0.471187	1
-0.0320139	-2.17978	0.029284	0.0411336	0.497827	0.497827	0.396652	0.396652	0.497827	1
-0.000942178	-0.0649022	0.948252	0.948252	1	1	1	0.999967	0.995338	1
0.000955368	0.0661112	0.94729	0.96482	1	1	1	0.999464	0.94729	1
-0.00699159	-0.48032	0.631005	0.631005	1	1	1	0.999382	0.927416	1
0.0171149	1.17065	0.241752	0.241752	1	1	0.990947	0.979234	0.988065	1
0.0166392	1.135	0.256388	0.256388	1	1	0.9935	0.978743	0.871718	1
-0.0223646	-1.52057	0.12838	0.217752	1	1	0.903271	0.872678	0.656957	1
0.0207105	1.41357	0.157502	0.384364	1	1	0.945716	0.892256	0.481951	1
-0.0276217	-1.88965	0.0588171	0.0588171	0.999891	0.882257	0.643173	0.597181	0.333297	1
-0.00385087	-0.262227	0.793149	0.793149	1	1	1	0.999936	0.943355	1
-0.0385997	-2.62801	0.00859427	0.0352661	0.146103	0.137508	0.136476	0.128991	0.0730513	0.251264
0.0235526	1.62177	0.104866	0.316335	1	1	0.847911	0.810189	0.434694	1
0.036326	2.47781	0.0132264	0.0492466	0.224848	0.224848	0.20256	0.20256	0.125665	0.432231
0.00351695	0.244405	0.806919	0.806919	1	1	1	0.999951	0.968056	1
-0.00138164	-0.0948742	0.924416	0.924416	1	1	1	0.99995	0.924416	1
0.0187054	1.28296	0.199517	0.330254	1	1	0.97725	0.913529	0.484542	1
-0.00510041	-0.348555	0.727427	0.816435	1	1	1	0.991998	0.772891	1
0.00570219	0.389524	0.696892	0.824759	1	1	1	0.997441	0.84963	1
-0.0204351	-1.39862	0.16194	0.223807	1	1	0.950377	0.935134	0.826446	1
-0.00460493	-0.313559	0.753859	0.753859	1	1	1	0.999523	0.854373	1
-0.00933678	-0.640741	0.521697	0.521697	1	1	0.999996	0.999857	0.922274	1
0.0290306	1.98046	0.0476641	0.0999492	0.81029	0.762626	0.564054	0.542235	0.301643	1
-0.0138839	-0.950134	0.342054	0.342054	1	1	0.999189	0.98672	0.726866	1
-0.0153626	-1.06524	0.28678	0.499499	1	1	0.996803	0.952246	0.541695	1
0.00685318	0.467266	0.640314	0.767149	1	1	1	0.989715	0.777524	1
-0.0108433	-0.748744	0.45402	0.45402	1	1	0.999966	0.999272	0.974704	1
0.0184761	1.25652	0.208941	0.337814	1	1	0.981399	0.939951	0.592001	1
0.0139707	0.951507	0.341357	0.341357	1	1	0.999174	0.997109	0.982399	1
-0.0196547	-1.33308	0.182519	0.182519	1	1	0.967482	0.941294	0.775704	1
-0.0167265	-1.1576	0.247038	0.247038	1	1	0.991962	0.977412	0.839929	1
0.0104257	0.720737	0.471078	0.499499	1	1	0.99998	0.99676	0.847403	1
-0.00353968	-0.242119	0.80869	0.80966	1	1	1	0.999784	0.972017	1
-0.010524	-0.71926	0.471988	0.471988	1	1	0.999981	0.998316	0.986481	1
0.00281419	0.191677	0.847997	0.850784	1	1	1	0.999919	0.98901	1
-0.00390538	-0.267307	0.789235	0.789235	1	1	1	0.999998	0.992242	1
0.00621087	0.421608	0.673315	0.690461	1	1	1	0.999577	0.870591	1
0.00348365	0.237435	0.812321	0.85358	1	1	1	0.99612	0.812321	1
-0.0290093	-1.96499	0.0494276	0.228068	0.840268	0.790841	0.577576	0.555611	0.420134	1
-0.0134025	-0.927416	0.353721	0.436621	1	1	0.999401	0.991785	0.734822	1
-0.000934393	-0.0640458	0.948934	0.948934	1	1	1	0.999967	0.983694	1
0.0238178	1.6332	0.102441	0.243453	1	1	0.840754	0.822579	0.592825	1
-0.0167709	-1.1614	0.245491	0.32732	1	1	0.991677	0.962557	0.596192	1
-0.0023017	-0.158002	0.874457	0.897143	1	1	1	0.999903	0.92911	1
0.0133742	0.934068	0.350279	0.350279	1	1	0.999345	0.997611	0.839256	1
-0.0138123	-0.941767	0.346322	0.499499	1	1	0.999274	0.982713	0.654163	1
0.0185255	1.26216	0.206904	0.206904	1	1	0.980567	0.938069	0.586229	1
0.0115624	0.790944	0.428985	0.499499	1	1	0.999927	0.993546	0.739835	1
-0.017517	-1.20057	0.22993	0.22993	1	1	0.988223	0.980141	0.898504	1
-0.0232939	-1.60903	0.107623	0.160189	1	1	0.85568	0.838275	0.802915	1
-0.00894443	-0.608301	0.542994	0.542994	1	1	0.999998	0.999139	0.803829	1
-0.00195268	-0.133795	0.893566	0.915812	1	1	1	0.999872	0.976017	1
0.0161252	1.10828	0.267752	0.267752	1	1	0.994997	0.99067	0.912174	1
-0.0136092	-0.93005	0.352355	0.577233	1	1	0.99938	0.953887	0.544549	1
0.0161418	1.10939	0.267272	0.267272	1	1	0.994941	0.982451	0.858611	1
0.0146099	0.999128	0.317743	0.525736	1	1	0.998496	0.961908	0.540164	1
0.00419759	0.288054	0.773308	0.773308	1	1	1	0.999528	0.821639	1
-0.0234787	-1.62662	0.103831	0.103831	1	1	0.844895	0.806872	0.444295	1
-0.000259134	-0.0176535	0.985915	0.985915	1	1	1	0.999962	0.994284	1
-0.0245298	-1.67545	0.0938593	0.0938593	1	1	0.812791	0.772	0.513516	1
0.00697873	0.478739	0.632129	0.637667	1	1	1	0.999088	0.912509	1
0.0082863	0.567767	0.570199	0.611138	1	1	0.999999	0.997582	0.787087	1
-0.00229899	-0.157502	0.874851	0.903244	1	1	1	0.99995	0.976803	1
0.00501881	0.341165	0.732982	0.772593	1	1	1	0.995766	0.819104	1
0.00129647	0.0894158	0.928752	0.928752	1	1	1	0.999976	0.960996	1
0.001149	0.0801904	0.936087	0.936087	1	1	1	0.999971	0.963588	1
0.0223057	1.50973	0.131127	0.194743	1	1	0.908324	0.866617	0.55527	1
-0.00567837	-0.390835	0.695923	0.695923	1	1	1	0.999927	0.923557	1
-0.00442274	-0.300565	0.763749	0.763749	1	1	1	0.999329	0.829338	1
-0.0126834	-0.868912	0.384905	0.499499	1	1	0.999742	0.987397	0.687848	1
0.0138879	0.947745	0.343269	0.40574	1	1	0.999214	0.993564	0.794678	1
0.000848618	0.0582337	0.953563	0.953563	1	1	1	0.999977	0.953563	1
0.0176599	1.1961	0.231671	0.341327	1	1	0.988668	0.975016	0.716984	1
0.00123384	0.0839923	0.933063	0.933063	1	1	1	0.999985	0.933063	1
0.00743285	0.508916	0.610816	0.610816	1	1	1	0.999795	0.914692	1
0.0126148	0.869486	0.384591	0.503307	1	1	0.99974	0.989015	0.653804	1
0.00533452	0.366098	0.714296	0.714296	1	1	1	0.999987	0.931171	1
0.0174076	1.19684	0.231382	0.304574	1	1	0.988595	0.977604	0.698568	1
-0.0168854	-1.19303	0.232868	0.334986	1	1	0.988965	0.966071	0.659793	1
0.00689265	0.479153	0.631834	0.631834	1	1	1	0.999938	0.936671	1
0.0110166	0.771871	0.440199	0.499499	1	1	0.999948	0.994601	0.761108	1
0.0134173	0.919543	0.357822	0.499499	1	1	0.999463	0.981426	0.587982	1
-0.00665785	-0.457203	0.647529	0.647529	1	1	1	0.999757	0.871072	1
0.00235593	0.161471	0.871724	0.871724	1	1	1	0.999978	0.987954	1
0.00131811	0.0904791	0.927907	0.935751	1	1	1	0.999662	0.940153	1
0.0194696	1.32547	0.18503	0.429276	1	1	0.969139	0.930042	0.486379	1
-0.00778887	-0.546954	0.584416	0.669685	1	1	1	0.994064	0.739003	1
-0.00422076	-0.291415	0.770737	0.770737	1	1	1	0.999972	0.924126	1
0.00728918	0.500759	0.616546	0.616546	1	1	1	0.999918	0.887052	1
0.0019166	0.133744	0.893606	0.893606	1	1	1	0.999935	0.95662	1
0.00457046	0.313667	0.753777	0.805636	1	1	1	0.998743	0.854281	1
-0.0203399	-1.41492	0.157106	0.235722	1	1	0.945281	0.935082	0.716189	1
0.000648784	0.0443983	0.964587	0.975315	1	1	1	0.999848	0.965925	1
-0.0301525	-2.07008	0.0384558	0.0384558	0.653748	0.653748	0.486574	0.486574	0.598007	1
0.000852466	0.0581999	0.95359	0.965689	1	1	1	0.997606	0.95359	1
-0.00928153	-0.634265	0.525914	0.525914	1	1	0.999997	0.999962	0.91621	1
-0.00709204	-0.48278	0.629257	0.629257	1	1	1	0.999857	0.974399	1
-0.00388472	-0.263998	0.791784	0.791784	1	1	1	0.999901	0.928807	1
-0.00122176	-0.0830332	0.933826	0.933826	1	1	1	0.998958	0.990224	1
-0.00152656	-0.103827	0.917308	0.917308	1	1	1	0.999918	0.92939	1
0.00453377	0.311434	0.755473	0.755473	1	1	1	0.999992	0.926693	1
0.0212083	1.45457	0.145803	0.145803	1	1	0.931375	0.8711	0.495731	1
-0.00448724	-0.305999	0.759609	0.759609	1	1	1	0.999982	0.989097	1
0.0047739	0.328483	0.74255	0.754159	1	1	1	0.999137	0.812085	1
-0.00395128	-0.270237	0.78698	0.78698	1	1	1	0.999969	0.938565	1
0.0179234	1.22843	0.219297	0.346082	1	1	0.985132	0.959976	0.715232	1
0.00890626	0.60893	0.542577	0.542577	1	1	0.999998	0.999817	0.979276	1
-0.00779479	-0.544891	0.585834	0.585834	1	1	1	0.999843	0.958399	1
0.0287001	2.01793	0.0436098	0.0436098	0.741367	0.697757	0.531406	0.510039	0.370683	1
0.0113346	0.789024	0.430106	0.45327	1	1	0.999929	0.996386	0.855524	1
-0.00463486	-0.316683	0.751487	0.751487	1	1	1	0.999656	0.91252	1
-0.0224076	-1.539	0.123818	0.123818	1	1	0.894292	0.862305	0.474534	1
-0.0170953	-1.16723	0.24313	0.24313	1	1	0.991223	0.964661	0.680026	1
-0.0115078	-0.785743	0.432026	0.459236	1	1	0.999933	0.996506	0.878276	1
0.00783811	0.543471	0.586811	0.586811	1	1	1	0.999235	0.904116	1
-0.0279412	-1.95589	0.0504899	0.0504899	0.858328	0.807838	0.58553	0.563491	0.429164	1
0.0324139	2.21855	0.0265271	0.112327	0.450961	0.450961	0.366852	0.366852	0.450961	1
0.0154066	1.04939	0.294011	0.294011	1	1	0.997311	0.989176	0.831289	1
0.0179883	1.22363	0.221105	0.221105	1	1	0.985706	0.981337	0.754014	1
0.0111271	0.764851	0.444368	0.48228	1	1	0.999954	0.997195	0.873246	1
-0.0189311	-1.3174	0.187718	0.334262	1	1	0.970824	0.945563	0.612018	1
-0.0140791	-0.973427	0.330352	0.419167	1	1	0.998905	0.989918	0.728939	1
-0.00240781	-0.163987	0.869743	0.928299	1	1	1	0.999492	0.924101	1
-0.00353786	-0.251003	0.801814	0.822891	1	1	1	0.995311	0.851927	1
-0.00315168	-0.216437	0.828649	0.828649	1	1	1	0.999814	0.88044	1
0.00618093	0.435292	0.663355	0.663355	1	1	1	0.99951	0.928815	1
-0.00045735	-0.031279	0.975047	0.975047	1	1	1	0.999988	0.975047	1
-0.0199041	-1.36274	0.172978	0.357072	1	1	0.960391	0.915331	0.588124	1
-0.00204334	-0.140097	0.888585	0.888585	1	1	1	0.999652	0.888585	1
0.0162786	1.11057	0.266765	0.266765	1	1	0.994882	0.97585	0.755833	1
-0.00259648	-0.176379	0.859998	0.859998	1	1	1	0.999615	0.859998	1
-0.0085311	-0.603331	0.546295	0.546295	1	1	0.999999	0.999899	0.913258	1
0.0250654	1.72496	0.0845487	0.0845487	1	1	0.77726	0.757946	0.718664	1
0.0277188	1.89083	0.0586596	0.0586596	0.997214	0.938554	0.642156	0.619857	0.438083	1
0.0240161	1.66016	0.0968953	0.0968953	1	1	0.823173	0.804201	0.655477	1
-0.00763864	-0.526641	0.598448	0.598448	1	1	1	0.999956	0.996794	1
0.00315206	0.221797	0.824474	0.824474	1	1	1	0.999692	0.935802	1
-0.00313272	-0.216223	0.828816	0.828816	1	1	1	0.999652	0.857387	1
0.0156308	1.06275	0.287905	0.487002	1	1	0.996887	0.966474	0.570187	1
0.0124426	0.853825	0.393211	0.410367	1	1	0.999795	0.99686	0.793169	1
0.0172437	1.1782	0.23873	0.23873	1	1	0.990314	0.978045	0.847262	1
-0.014757	-1.0081	0.313418	0.516691	1	1	0.998326	0.96352	0.532811	1
0.00195764	0.134525	0.892988	0.892988	1	1	1	0.999551	0.929387	1
-0.0169622	-1.16368	0.244564	0.336066	1	1	0.991501	0.980286	0.782019	1
0.00647789	0.441752	0.658673	0.658673	1	1	1	0.999816	0.918632	1
0.0206407	1.40443	0.160203	0.160203	1	1	0.9486	0.927119	0.732628	1
0.00735597	0.504521	0.6139	0.6139	1	1	1	0.99965	0.87837	1
0.0068148	0.463016	0.643357	0.667289	1	1	1	0.999266	0.918484	1
0.0348409	2.37199	0.0177009	0.12122	0.300915	0.300915	0.261852	0.261852	0.202087	0.695088
-0.00397922	-0.274343	0.783823	0.783823	1	1	1	0.99982	0.873522	1
0.0033429	0.229855	0.818207	0.818207	1	1	1	0.999935	0.976778	1
0.00288974	0.199905	0.841556	0.861814	1	1	1	0.9999	0.995732	1
-0.0014736	-0.100115	0.920254	0.920254	1	1	1	0.99996	0.987163	1
0.0227296	1.54241	0.122987	0.122987	1	1	0.892576	0.877511	0.775657	1
0.0185581	1.26395	0.206261	0.320353	1	1	0.980298	0.950363	0.635173	1
0.00834074	0.567942	0.57008	0.57008	1	1	0.999999	0.999907	0.940652	1
0.0115091	0.788871	0.430196	0.430196	1	1	0.99993	0.998997	0.993964	1
0.0150679	1.02389	0.3059	0.3059	1	1	0.997985	0.991321	0.782218	1
0.0105928	0.760323	0.447069	0.560089	1	1	0.999958	0.991263	0.628822	1
0.00575148	0.397025	0.691353	0.691353	1	1	1	0.999628	0.842154	1
-0.0172905	-1.19644	0.231538	0.413619	1	1	0.988635	0.971918	0.595766	1
0.0206081	1.4201	0.155593	0.178075	1	1	0.943587	0.906303	0.611142	1
-0.0151539	-1.03539	0.300496	0.503052	1	1	0.997702	0.979958	0.503934	1
-0.0519393	-3.55635	0.000376805	0.0403702	0.00640568	0.00640568	0.00638641	0.00638641	0.00640568	0.0220327
0.0153929	1.0621	0.288202	0.355995	1	1	0.996909	0.99143	0.694698	1
0.0316391	2.16436	0.0304469	0.0304469	0.517598	0.517598	0.408824	0.408824	0.296001	1
-0.0171903	-1.21172	0.225631	0.499499	1	1	0.987055	0.899877	0.401398	1
0.0234889	1.60256	0.109046	0.166436	1	1	0.859544	0.823639	0.494057	1
-0.0115649	-0.785832	0.431974	0.431974	1	1	0.999933	0.999563	0.892726	1
0.00960667	0.654035	0.513096	0.513096	1	1	0.999995	0.999635	0.9711	1
-0.00557022	-0.386928	0.698813	0.698813	1	1	1	0.999854	0.998099	1
0.0133789	0.915272	0.360059	0.360059	1	1	0.999494	0.997709	0.82375	1
-0.0189626	-1.32295	0.185864	0.38194	1	1	0.969672	0.930966	0.48367	1
-0.000924138	-0.0635701	0.949313	0.950555	1	1	1	0.999634	0.949313	1
-0.0182444	-1.23821	0.215651	0.215651	1	1	0.983906	0.945786	0.611011	1
-0.00780466	-0.537944	0.590621	0.590621	1	1	1	0.998901	0.809847	1
0.0302369	2.08083	0.037461	0.0435344	0.636837	0.636837	0.477469	0.477469	0.354561	1
0.0245655	1.66742	0.0954445	0.179683	1	1	0.818282	0.799108	0.758162	1
0.00205616	0.140057	0.888616	0.903878	1	1	1	0.997161	0.888616	1
-0.0158056	-1.07614	0.281874	0.281874	1	1	0.996407	0.990299	0.918439	1
-0.00250076	-0.170584	0.864552	0.864552	1	1	1	0.999999	0.99072	1
-0.0120804	-0.825456	0.409121	0.409121	1	1	0.99987	0.997269	0.897365	1
-0.0104718	-0.719271	0.471981	0.533015	1	1	0.999981	0.994218	0.760318	1
0.0133951	0.915244	0.360073	0.360073	1	1	0.999494	0.995284	0.813612	1
0.0104073	0.70548	0.480519	0.480519	1	1	0.999985	0.999257	0.982171	1
-0.000388115	-0.0265548	0.978815	0.978815	1	1	1	0.999901	0.991335	1
0.0125114	0.856933	0.391491	0.454418	1	1	0.999785	0.995742	0.770948	1
-0.00575409	-0.393222	0.694159	0.730501	1	1	1	0.998572	0.786714	1
0.00207533	0.142825	0.88643	0.88643	1	1	1	0.999964	0.937033	1
0.0136222	0.930555	0.352094	0.352094	1	1	0.999375	0.991554	0.855085	1
-0.0191224	-1.30917	0.190489	0.190489	1	1	0.972471	0.972471	0.898143	1
-0.00537613	-0.367787	0.713035	0.713035	1	1	1	0.99984	0.938403	1
-0.00273153	-0.187231	0.851481	0.890905	1	1	1	0.999513	0.977937	1
-0.01619	-1.11782	0.263655	0.264639	1	1	0.9945	0.986223	0.928837	1
-0.0116593	-0.797816	0.424986	0.463079	1	1	0.999918	0.998576	0.795365	1
0.00866847	0.588546	0.556171	0.709391	1	1	0.999999	0.996254	0.785212	1
-0.00259847	-0.176651	0.859784	0.88399	1	1	1	0.99668	0.913521	1
0.0188631	1.49639	0.134563	0.134563	1	1	0.914296	0.914296	0.971574	1
0.0107495	0.856847	0.391536	0.499499	1	1	0.999785	0.989028	0.739568	1
-0.0216101	-1.71426	0.0864915	0.327555	1	1	0.785161	0.718177	0.364459	1
0.0175196	1.38878	0.164911	0.221494	1	1	0.953285	0.903943	0.560696	1
0.00106384	0.0842049	0.932894	0.943385	1	1	1	0.999958	0.939891	1
-0.000644033	-0.0507016	0.959564	0.959564	1	1	1	0.999951	0.983247	1
-0.000238012	-0.01876	0.985033	0.991774	1	1	1	0.999776	0.989175	1
0.00110065	0.0868101	0.930823	0.933433	1	1	1	0.99864	0.930823	1
-0.0183085	-1.44473	0.148545	0.331042	1	1	0.935024	0.89474	0.441232	1
0.00468748	0.373392	0.708859	0.708859	1	1	1	0.999339	0.860758	1
-0.011915	-0.944365	0.34499	0.569686	1	1	0.999248	0.955722	0.533167	1
0.0134314	1.0652	0.286792	0.403144	1	1	0.996804	0.965947	0.609434	1
-0.00259924	-0.204812	0.83772	0.877959	1	1	1	0.999949	0.985164	1
0.0116048	0.9292	0.352793	0.427275	1	1	0.999387	0.994598	0.800187	1
-0.00803825	-0.63399	0.526092	0.526092	1	1	0.999997	0.998125	0.758263	1
0.00972842	0.773314	0.439342	0.481239	1	1	0.999947	0.99852	0.812535	1
-0.00335829	-0.266449	0.789895	0.853921	1	1	1	0.998987	0.959158	1
-0.00605321	-0.476472	0.633741	0.638389	1	1	1	0.999116	0.907823	1
0.00244285	0.193072	0.846904	0.846904	1	1	1	0.999951	0.926627	1
0.00993228	0.780554	0.435071	0.496614	1	1	0.999939	0.99869	0.71878	1
-0.0126026	-0.993331	0.320557	0.408788	1	1	0.998598	0.990321	0.759541	1
0.0111272	0.875815	0.381138	0.499499	1	1	0.999714	0.986685	0.683097	1
-0.0201473	-1.59852	0.109937	0.200151	1	1	0.861914	0.779977	0.373787	1
0.0138318	1.10515	0.269103	0.269103	1	1	0.995152	0.990925	0.885972	1
-0.0158137	-1.2619	0.206994	0.367396	1	1	0.980605	0.92201	0.5027	1
-0.00465041	-0.368239	0.712697	0.781037	1	1	1	0.999219	0.820973	1
0.0164251	1.30029	0.193512	0.439763	1	1	0.974168	0.938938	0.452185	1
-0.017804	-1.42397	0.154465	0.238874	1	1	0.942292	0.879185	0.437651	1
0.00816098	0.649521	0.516007	0.516007	1	1	0.999996	0.999295	0.986822	1
0.0025313	0.204415	0.838031	0.838031	1	1	1	0.999814	0.964892	1
-0.00404979	-0.319463	0.749378	0.749378	1	1	1	0.999985	0.982828	1
0.00164912	0.131728	0.8952	0.906704	1	1	1	0.999925	0.998446	1
-0.00612353	-0.491824	0.622847	0.721337	1	1	1	0.995383	0.810582	1
0.0255454	2.03616	0.0417431	0.0901889	0.709633	0.709633	0.515613	0.515613	0.545443	1
-0.0136068	-1.07752	0.281257	0.281257	1	1	0.996355	0.990182	0.978631	1
0.0179457	1.41684	0.15654	0.15654	1	1	0.944652	0.93438	0.910429	1
0.0010164	0.080563	0.93579	0.93579	1	1	1	1	0.991577	1
-0.00852545	-0.680396	0.496259	0.499499	1	1	0.999991	0.997911	0.937377	1
-0.00646186	-0.510356	0.609806	0.717793	1	1	1	0.989696	0.691113	1
-0.00355258	-0.282624	0.777467	0.863499	1	1	1	0.998316	0.837533	1
0.00443645	0.348804	0.727238	0.748196	1	1	1	0.999379	0.829876	1
0.0129366	1.01844	0.308476	0.45129	1	1	0.998109	0.982707	0.580175	1
-0.0103021	-0.813222	0.416097	0.443593	1	1	0.999893	0.998212	0.758087	1
0.001797	0.142808	0.886443	0.886443	1	1	1	0.999973	0.987034	1
0.0185984	1.47516	0.140181	0.175901	1	1	0.923278	0.896222	0.628006	1
0.0133449	1.0536	0.292075	0.292075	1	1	0.997183	0.994379	0.935291	1
-0.00285419	-0.224756	0.822171	0.822171	1	1	1	0.999999	0.980506	1
-0.0158189	-1.24372	0.213612	0.362327	1	1	0.98318	0.956018	0.59546	1
0.00429647	0.338947	0.734652	0.736085	1	1	1	0.999512	0.937638	1
0.0139497	1.09931	0.27164	0.27164	1	1	0.99543	0.991386	0.865644	1
-0.00482534	-0.37964	0.704215	0.781305	1	1	1	0.999666	0.933175	1
-0.0129314	-1.01973	0.307863	0.50375	1	1	0.99808	0.969135	0.48135	1
0.00263071	0.209711	0.833895	0.848113	1	1	1	0.99848	0.899035	1
0.00287773	0.227244	0.820235	0.865153	1	1	1	0.98909	0.820235	1
0.0200124	1.58494	0.112991	0.282022	1	1	0.869751	0.853159	0.563869	1
-0.0281371	-2.23239	0.0255963	0.0255963	0.435137	0.383945	0.356481	0.322228	0.145046	0.498893
0.0169121	1.344	0.178959	0.178959	1	1	0.964989	0.964989	0.987432	1
0.00137867	0.113472	0.909657	0.909657	1	1	1	0.999994	0.998932	1
-0.00894499	-0.712772	0.475992	0.600805	1	1	0.999983	0.994315	0.798548	1
0.011929	0.943886	0.345235	0.499499	1	1	0.999253	0.977881	0.652111	1
-0.0145702	-1.15741	0.247114	0.485746	1	1	0.991976	0.945915	0.495295	1
-0.005808	-0.461571	0.644393	0.690294	1	1	1	0.996316	0.842667	1
-0.00382326	-0.305032	0.760344	0.760344	1	1	1	0.999955	0.998007	1
0.00556898	0.443262	0.657579	0.657579	1	1	1	0.999684	0.764138	1
-0.00801185	-0.635822	0.524897	0.613932	1	1	0.999997	0.99506	0.686404	1
0.00318069	0.254765	0.798907	0.798907	1	1	1	0.999948	0.798907	1
-0.00154968	-0.122978	0.902125	0.929107	1	1	1	0.996954	0.958508	1
0.00918489	0.727871	0.466698	0.466698	1	1	0.999977	0.999345	0.942696	1
0.00625929	0.496098	0.619829	0.701528	1	1	1	0.996981	0.846895	1
-0.00626104	-0.495487	0.62026	0.62026	1	1	1	0.999991	0.956156	1
-0.0175754	-1.41974	0.155694	0.155694	1	1	0.943701	0.90646	0.661699	1
-0.00577139	-0.453825	0.649958	0.649958	1	1	1	0.999921	0.904347	1
0.00339452	0.269731	0.787369	0.80026	1	1	1	0.998284	0.941006	1
-0.0206015	-1.63857	0.101313	0.101313	1	1	0.837318	0.79857	0.574109	1
0.0135229	1.07964	0.280311	0.280311	1	1	0.996272	0.98349	0.794214	1
-0.0182675	-1.45049	0.146931	0.34482	1	1	0.932899	0.907794	0.473869	1
-0.00674333	-0.532083	0.594672	0.594672	1	1	1	0.999377	0.862042	1
-0.0060944	-0.485036	0.627654	0.627654	1	1	1	0.999761	0.889177	1
-0.0133419	-1.10688	0.268354	0.345839	1	1	0.995067	0.976471	0.760337	1
0.0154058	1.21561	0.224141	0.233802	1	1	0.986625	0.978823	0.717546	1
-0.0130597	-1.03347	0.301391	0.301391	1	1	0.997751	0.993404	0.895491	1
0.00109421	0.0861476	0.93135	0.93414	1	1	1	0.999879	0.990807	1
-0.0107442	-0.847997	0.396446	0.396446	1	1	0.999813	0.997311	0.962797	1
0.0239444	1.8942	0.0582072	0.103454	0.989522	0.931315	0.639221	0.616923	0.341243	1
-0.0252491	-1.98877	0.0467357	0.199228	0.794507	0.747772	0.556773	0.535043	0.397254	1
0.00798735	0.62983	0.52881	0.52881	1	1	0.999997	0.999746	0.960117	1
0.0035744	0.282497	0.777564	0.777564	1	1	1	0.999337	0.900789	1
0.0108255	0.862789	0.38826	0.464652	1	1	0.999765	0.994926	0.803868	1
0.0118845	0.947031	0.34363	0.554124	1	1	0.999221	0.96555	0.557086	1
0.0158452	1.25952	0.207852	0.289428	1	1	0.980958	0.938951	0.588914	1
0.00798956	0.631989	0.527399	0.527399	1	1	0.999997	0.999444	0.915545	1
-0.00741603	-0.603793	0.545986	0.545986	1	1	0.999999	0.999628	0.833469	1
0.00405821	0.324639	0.745457	0.751849	1	1	1	0.999552	0.885362	1
0.0134537	1.06742	0.28579	0.28579	1	1	0.996726	0.987418	0.924837	1
0.0142335	1.13184	0.257709	0.369518	1	1	0.993694	0.962302	0.625864	1
0.00794976	0.631929	0.527438	0.658618	1	1	0.999997	0.985614	0.675328	1
0.0146798	1.17406	0.240379	0.309422	1	1	0.990664	0.978701	0.79213	1
0.00535144	0.421866	0.673126	0.741957	1	1	1	0.99553	0.817367	1
0.0134526	1.05781	0.290152	0.290152	1	1	0.99705	0.995844	0.912842	1
-0.00888912	-0.720295	0.471349	0.682396	1	1	0.99998	0.970017	0.616379	1
-0.00196582	-0.157269	0.875034	0.875034	1	1	1	0.999988	0.93373	1
0.00316904	0.25251	0.800649	0.800649	1	1	1	0.99923	0.833329	1
0.00340348	0.274882	0.783409	0.820554	1	1	1	0.999016	0.951282	1
0.00161872	0.128137	0.898041	0.898041	1	1	1	0.999989	0.978285	1
-0.011587	-0.927951	0.35344	0.35344	1	1	0.999397	0.996549	0.890325	1
-0.00637572	-0.508704	0.610963	0.610963	1	1	1	0.999462	0.821563	1
-0.0163671	-1.29777	0.194375	0.206029	1	1	0.974633	0.960916	0.922364	1
-0.0028523	-0.226579	0.820753	0.820753	1	1	1	0.999995	0.997916	1
-0.00116707	-0.0933059	0.925661	0.925661	1	1	1	1	0.987148	1
0.00143779	0.114057	0.909193	0.941277	1	1	1	0.997619	0.909193	1
0.0086117	0.680362	0.496281	0.496281	1	1	0.999991	0.999733	0.935796	1
-0.00090512	-0.0718543	0.942718	0.946532	1	1	1	0.999141	0.961237	1
0.00625195	0.494378	0.621043	0.692894	1	1	1	0.999575	0.953766	1
0.0151551	1.1992	0.230459	0.230459	1	1	0.98836	0.974459	0.962558	1
0.00731058	0.580189	0.561791	0.599032	1	1	0.999999	0.997383	0.705733	1
-0.0162276	-1.27894	0.200928	0.200928	1	1	0.977922	0.962131	0.853944	1
-0.00668216	-0.533651	0.593587	0.593587	1	1	1	0.99998	0.91722	1
-0.00458968	-0.362692	0.716837	0.763065	1	1	1	0.997486	0.76164	1
0.0202468	1.63743	0.10155	0.109844	1	1	0.838044	0.838044	0.817405	1
-0.0010992	-0.0877177	0.930102	0.933342	1	1	1	0.999768	0.930102	1
7.03218e-05	0.00559777	0.995534	0.996085	1	1	1	0.997829	0.995534	1
0.0264768	2.13386	0.0328619	0.0328619	0.558651	0.558651	0.433363	0.433363	0.55105	1
-0.00651893	-0.514822	0.606681	0.606681	1	1	1	0.999775	0.969049	1
-0.0221014	-1.74111	0.0816737	0.0816737	1	1	0.765064	0.744169	0.592463	1
-0.0146406	-1.15583	0.247761	0.315706	1	1	0.992092	0.984585	0.824735	1
-0.00612641	-0.482921	0.629155	0.651032	1	1	1	0.997201	0.813128	1
0.0022072	0.174289	0.86164	0.873978	1	1	1	0.997351	0.911053	1
0.00446717	0.355634	0.722117	0.722117	1	1	1	0.99924	0.894246	1
-0.0302927	-2.42978	0.0151136	0.0262592	0.256931	0.256931	0.228094	0.228094	0.256931	0.883728
0.0167803	1.33113	0.183156	0.183156	1	1	0.96791	0.951907	0.816168	1
0.0268209	2.12494	0.0335995	0.0335995	0.571191	0.571191	0.440665	0.440665	0.489022	1
0.0022311	0.176737	0.859716	0.861355	1	1	1	0.999336	0.892415	1
-0.000510026	-0.0408107	0.967447	0.976732	1	1	1	0.99962	0.967447	1
-0.0198723	-1.58652	0.112632	0.237302	1	1	0.86885	0.852204	0.583643	1
-0.0169983	-1.3553	0.175332	0.175332	1	1	0.962265	0.918412	0.596129	1
0.00318312	0.251337	0.801555	0.867464	1	1	1	0.994046	0.908429	1
0.0139564	1.12647	0.259974	0.35546	1	1	0.994013	0.967372	0.552445	1
0.0120842	0.948056	0.343108	0.40721	1	1	0.99921	0.993545	0.815159	1
-0.00416182	-0.332347	0.73963	0.73963	1	1	1	0.999996	0.962115	1
0.00710443	0.565442	0.571777	0.571777	1	1	0.999999	0.999516	0.920673	1
-0.00457708	-0.363457	0.716266	0.816536	1	1	1	0.999256	0.813014	1
-0.00919489	-0.726723	0.467401	0.467401	1	1	0.999978	0.998163	0.889898	1
0.0163084	1.28109	0.200173	0.200173	1	1	0.977565	0.956152	0.850735	1
0.0118851	0.936107	0.349226	0.349226	1	1	0.999327	0.996245	0.993954	1
0.00333214	0.274441	0.783748	0.783748	1	1	1	0.999846	0.913711	1
0.0141868	1.13503	0.256371	0.256371	1	1	0.993498	0.991256	0.9825	1
0.0114037	0.900821	0.367691	0.367691	1	1	0.999587	0.995915	0.901177	1
0.0195844	1.56744	0.117023	0.123275	1	1	0.879457	0.863481	0.853811	1
-0.00236141	-0.187798	0.851036	0.884677	1	1	1	0.996833	0.964508	1
0.0174542	1.42333	0.15465	0.15465	1	1	0.942506	0.919545	0.691739	1
0.00203026	0.163259	0.870315	0.870315	1	1	1	0.999995	0.941257	1
0.0321893	2.53146	0.0113639	0.0113639	0.193186	0.193186	0.176583	0.176583	0.193186	0.664473
0.00646131	0.513892	0.607331	0.607331	1	1	1	0.999778	0.942637	1
0.0117391	0.926266	0.354315	0.354315	1	1	0.999411	0.988319	0.75292	1
0.00111364	0.0883497	0.929599	0.929599	1	1	1	0.99991	0.963231	1
0.0107778	0.860316	0.389622	0.43228	1	1	0.999773	0.992822	0.827946	1
-0.00487935	-0.39264	0.694588	0.694588	1	1	1	0.999918	0.851103	1
0.00692021	0.545468	0.585436	0.585436	1	1	1	0.999508	0.832146	1
-0.0109994	-0.868734	0.384999	0.424279	1	1	0.999742	0.9956	0.843465	1
-0.0111009	-0.878136	0.379877	0.379877	1	1	0.999703	0.996766	0.981687	1
0.0195965	1.57182	0.116003	0.116003	1	1	0.877068	0.860936	0.912017	1
0.0126747	1.0122	0.311451	0.311451	1	1	0.998243	0.988644	0.882444	1
0.0122271	0.969758	0.332175	0.499499	1	1	0.998955	0.982228	0.553075	1
0.0055747	0.439765	0.66011	0.66011	1	1	1	0.999986	0.954595	1
0.0189453	1.51197	0.130552	0.130552	1	1	0.907288	0.907288	0.973462	1
-0.0153939	-1.21089	0.225947	0.225947	1	1	0.987144	0.978543	0.829672	1
0.0132642	1.04532	0.295883	0.295883	1	1	0.99743	0.979387	0.628751	1
0.010989	0.869509	0.384576	0.384576	1	1	0.999739	0.998882	0.953744	1
-0.000350181	-0.0279567	0.977697	0.977697	1	1	1	0.999934	0.977697	1
-0.00454914	-0.35902	0.719582	0.761818	1	1	1	0.999514	0.968515	1
0.0159762	1.26065	0.207446	0.207446	1	1	0.980792	0.951317	0.705317	1
0.00114728	0.0933027	0.925664	0.954775	1	1	1	0.979737	0.925664	1
-0.0102439	-0.811759	0.416936	0.585842	1	1	0.999896	0.977091	0.618993	1
-0.0151306	-1.18969	0.234178	0.234178	1	1	0.98928	0.980834	0.908162	1
0.000257078	0.0204888	0.983654	0.983654	1	1	1	0.998489	0.983654	1
-0.016931	-1.33977	0.18033	0.18033	1	1	0.96597	0.938206	0.729051	1
-0.0293995	-2.32033	0.0203297	0.0226542	0.345605	0.325275	0.294724	0.280088	0.172802	0.594363
0.00612437	0.487284	0.626061	0.626061	1	1	1	0.999257	0.897977	1
0.0133373	1.0482	0.294555	0.336044	1	1	0.997346	0.989284	0.81235	1
0.000282948	0.0228004	0.98181	0.984333	1	1	1	0.998624	0.98181	1
0.0312428	2.46341	0.0137675	0.0412351	0.234048	0.234048	0.209962	0.209962	0.119629	0.411469
-0.0248806	-1.96436	0.0494972	0.0494972	0.841452	0.791955	0.578101	0.556131	0.286333	0.984858
0.00797568	0.631331	0.527829	0.539315	1	1	0.999997	0.997555	0.76744	1
0.0101809	0.806883	0.41974	0.41974	1	1	0.999904	0.999155	0.870636	1
0.00901949	0.715369	0.474386	0.499499	1	1	0.999982	0.997142	0.717691	1
-0.00944484	-0.757654	0.448664	0.448664	1	1	0.99996	0.998569	0.973377	1
-0.00243361	-0.194199	0.846021	0.875348	1	1	1	0.999982	0.937497	1
-0.0143892	-1.13358	0.256979	0.256979	1	1	0.993588	0.978962	0.745336	1
0.00227057	0.179298	0.857705	0.87676	1	1	1	0.998456	0.907043	1
0.0151685	1.21038	0.226141	0.315215	1	1	0.987199	0.964305	0.664653	1
0.028845	2.27495	0.0229156	0.0473194	0.389565	0.366649	0.325712	0.309898	0.194782	0.669964
-0.00312742	-0.24611	0.805598	0.853185	1	1	1	0.997305	0.855948	1
-0.0129322	-1.0189	0.308258	0.308258	1	1	0.998099	0.994256	0.953279	1
-0.00208575	-0.164197	0.869577	0.869577	1	1	1	0.999413	0.985521	1
-0.00174045	-0.138658	0.889722	0.889722	1	1	1	0.999852	0.974921	1
0.00203762	0.162153	0.871186	0.871186	1	1	1	0.999998	0.970551	1
0.00640892	0.506889	0.612237	0.650975	1	1	1	0.998822	0.894098	1
0.00543667	0.426775	0.669546	0.722062	1	1	1	0.99957	0.930824	1
-0.00384153	-0.305189	0.760224	0.767375	1	1	1	0.998464	0.920194	1
-0.001521	-0.12036	0.904199	0.916504	1	1	1	0.999952	0.957295	1
-0.0164712	-1.30043	0.193465	0.230397	1	1	0.974142	0.960249	0.796429	1
0.0014999	0.119871	0.904586	0.919791	1	1	1	0.997759	0.904586	1
0.00787588	0.624236	0.532477	0.62271	1	1	0.999998	0.996805	0.822919	1
-0.0190238	-1.51719	0.129228	0.129228	1	1	0.904857	0.890737	0.896015	1
0.00338601	0.269869	0.787263	0.787263	1	1	1	0.999984	0.932586	1
0.0123406	0.98843	0.32295	0.499499	1	1	0.99868	0.986252	0.567463	1
-0.0129609	-1.02519	0.305283	0.305283	1	1	0.997955	0.9939	0.917713	1
0.00802217	0.637252	0.523965	0.523965	1	1	0.999997	0.999295	0.890741	1
-0.00208788	-0.164644	0.869225	0.869225	1	1	1	0.999959	0.986533	1
-0.00337164	-0.265056	0.790968	0.790968	1	1	1	0.999359	0.843397	1
-0.000888673	-0.0663087	0.947133	0.964395	1	1	1	0.99293	0.947133	1
-9.03332e-05	-0.00691411	0.994483	0.996185	1	1	1	0.994483	0.994483	1
0.00741762	0.559926	0.575534	0.741401	1	1	1	0.993914	0.692921	1
0.0130735	0.990718	0.321832	0.499499	1	1	0.998643	0.976525	0.550498	1
0.00221019	0.164986	0.868956	0.910186	1	1	1	0.997715	0.923266	1
-0.000875496	-0.0676187	0.94609	0.94609	1	1	1	0.999983	0.97176	1
0.00802431	0.610415	0.541592	0.674844	1	1	0.999998	0.986167	0.68583	1
0.0126571	0.972741	0.330691	0.509432	1	1	0.998914	0.970961	0.562174	1
0.00312511	0.234909	0.814281	0.881528	1	1	1	0.999951	0.98877	1
-0.00464677	-0.352435	0.724515	0.787489	1	1	1	0.999563	0.924865	1
0.000804928	0.0633571	0.949483	0.956154	1	1	1	0.999128	0.949483	1
0.00589532	0.470081	0.638301	0.638301	1	1	1	0.999894	0.977308	1
0.0128558	0.956131	0.339015	0.499499	1	1	0.999122	0.975916	0.618486	1
-0.00803167	-0.602843	0.546618	0.599467	1	1	0.999999	0.996062	0.844774	1
0.0119513	0.913779	0.360841	0.470596	1	1	0.999504	0.988621	0.714104	1
0.00278304	0.208439	0.834887	0.888605	1	1	1	0.999167	0.92112	1
