0	0	0	0	0	0	0	0	0	0
-0.00630184	-1.10128	0.270784	0.270784	1	1	0.995338	0.983513	0.889792	1
-0.00350566	-0.886056	0.375594	0.375594	1	1	0.999667	0.997807	0.976735	1
0.00740452	1.15232	0.249199	0.334661	1	1	0.992345	0.967915	0.706064	1
0.00692717	1.17111	0.241562	0.316228	1	1	0.990908	0.963772	0.684425	1
-0.00298345	-0.55064	0.581884	0.626753	1	1	1	0.998863	0.899275	1
-0.00138061	-0.378568	0.705011	0.705011	1	1	1	0.999721	0.998766	1
0.00137265	0.190991	0.848534	0.898853	1	1	1	0.996525	0.961672	1
0.0010001	0.268134	0.788598	0.851278	1	1	1	0.996616	0.893744	1
-0.00115355	-0.186482	0.852068	0.864229	1	1	1	0.999435	0.912094	1
-0.000229835	-0.0723858	0.942295	0.950912	1	1	1	0.999808	0.999744	1
0.00780154	1.45791	0.144876	0.397626	1	1	0.930097	0.821218	0.351841	1
0.0119732	2.27999	0.0226149	0.169905	0.384454	0.339224	0.322176	0.290446	0.128151	0.440783
-0.00293763	-0.460464	0.645187	0.755369	1	1	1	0.994074	0.783441	1
0.0011077	0.172076	0.863379	0.872818	1	1	1	0.999366	0.929423	1
-0.00134272	-0.221518	0.82469	0.82469	1	1	1	0.999834	0.969605	1
0.00190919	0.319042	0.749697	0.801753	1	1	1	0.999861	0.946763	1
0.00607209	0.907341	0.364233	0.364233	1	1	0.999547	0.995639	0.727666	1
-0.00877331	-1.32003	0.186836	0.366929	1	1	0.970281	0.955056	0.588955	1
0.000356138	0.0513772	0.959025	0.959025	1	1	1	0.999934	0.959025	1
-0.00743959	-1.09223	0.27474	0.518189	1	1	0.99575	0.928163	0.467057	1
0.00906996	1.2498	0.211382	0.211382	1	1	0.98235	0.954368	0.718699	1
0.00745144	1.00991	0.312544	0.314264	1	1	0.998289	0.988859	0.761106	1
-0.00839309	-1.22133	0.22197	0.261483	1	1	0.985974	0.950801	0.542054	1
0.0045482	0.662987	0.507343	0.507343	1	1	0.999994	0.999158	0.784807	1
0.0165932	2.82912	0.00467046	0.0312368	0.0793978	0.0747274	0.0764994	0.072166	0.0396989	0.136546
-0.00810478	-1.51355	0.130151	0.187004	1	1	0.906556	0.858023	0.523159	1
-0.00163112	-0.306538	0.759197	0.759197	1	1	1	0.999891	0.914329	1
0.00806805	1.46373	0.143278	0.334377	1	1	0.927843	0.817509	0.34796	1
0.0034462	0.619904	0.535326	0.621039	1	1	0.999998	0.993139	0.720955	1
0.00187651	0.28506	0.7756	0.7756	1	1	1	0.999968	0.887629	1
-0.00440952	-0.662624	0.507576	0.507576	1	1	0.999994	0.998943	0.942702	1
-0.0108994	-1.66232	0.0964576	0.126771	1	1	0.821711	0.802678	0.81989	1
-0.0129514	-1.98768	0.0468552	0.0468552	0.796538	0.749683	0.557716	0.535974	0.398269	1
-0.00198824	-0.271189	0.786247	0.848582	1	1	1	0.999905	0.936584	1
-0.000229585	-0.0313236	0.975012	0.975012	1	1	1	1	0.975012	1
-0.0062034	-0.860762	0.389375	0.509899	1	1	0.999772	0.986018	0.661938	1
0.000563273	0.0772615	0.938416	0.938416	1	1	1	0.999981	0.990123	1
0.00264329	0.430598	0.666763	0.683795	1	1	1	0.999848	0.974107	1
0.00545974	0.874665	0.381763	0.499499	1	1	0.999718	0.986914	0.616973	1
-0.00993658	-1.58468	0.113048	0.113048	1	1	0.869893	0.85331	0.626695	1
-0.0125875	-1.99502	0.0460487	0.0460487	0.782828	0.736779	0.551311	0.529652	0.356064	1
-0.00527164	-0.760673	0.446858	0.484817	1	1	0.999958	0.997493	0.835351	1
-0.00677134	-0.972209	0.330954	0.35369	1	1	0.998922	0.994618	0.799385	1
0.0121096	1.76461	0.077639	0.121167	1	1	0.746886	0.746886	0.809874	1
0.0181217	2.71307	0.00666988	0.00666988	0.113388	0.113388	0.107535	0.107535	0.113388	0.390004
-0.00559468	-0.828171	0.40758	0.40758	1	1	0.999864	0.998131	0.988689	1
-0.0237479	-3.42387	0.000618116	0.00072576	0.010508	0.010508	0.0104562	0.0104562	0.010508	0.0361427
0.0108174	1.6804	0.0928885	0.0928885	1	1	0.809352	0.768308	0.526368	1
-0.00189303	-0.289874	0.771915	0.771915	1	1	1	0.999886	0.941947	1
0.011219	1.54464	0.122443	0.288457	1	1	0.891438	0.87629	0.615417	1
0.00264493	0.386535	0.699103	0.699103	1	1	1	0.99998	0.986543	1
-0.0136736	-1.92749	0.0539278	0.216943	0.916772	0.808916	0.610315	0.564624	0.305591	1
-0.0235053	-3.30979	0.00093469	0.00143379	0.0158897	0.0158897	0.0157715	0.0157715	0.0158897	0.0546536
0.000133914	0.0199346	0.984096	0.986215	1	1	1	0.997429	0.984096	1
-0.0125531	-1.86022	0.062863	0.062863	1	1	0.668371	0.646125	0.534335	1
0.0115958	1.65193	0.0985583	0.112919	1	1	0.828628	0.799487	0.558497	1
0.0092055	1.35826	0.174392	0.259857	1	1	0.961527	0.931635	0.576265	1
-0.00252968	-0.386832	0.698883	0.727257	1	1	1	0.999776	0.98207	1
0.00664496	0.999679	0.317473	0.387911	1	1	0.998486	0.991646	0.763445	1
-0.0074893	-1.04028	0.298219	0.368034	1	1	0.997571	0.979666	0.724247	1
0.00436499	0.602985	0.546523	0.613312	1	1	0.999999	0.996056	0.790506	1
0.00395399	0.552474	0.580628	0.580628	1	1	1	0.999806	0.871101	1
0.00432852	0.597126	0.550427	0.658157	1	1	0.999999	0.984563	0.719459	1
0.00576507	0.816873	0.414007	0.414007	1	1	0.999887	0.995226	0.869259	1
0.00236575	0.331422	0.740328	0.832749	1	1	1	0.988333	0.839038	1
-0.00127433	-0.176058	0.86025	0.86025	1	1	1	0.998355	0.86025	1
0.008112	1.14214	0.253406	0.253406	1	1	0.993043	0.959827	0.615415	1
0.00225779	0.350144	0.726233	0.830852	1	1	1	0.999604	0.928451	1
-0.000801547	-0.125076	0.900464	0.917084	1	1	1	0.999646	0.961089	1
0.00976958	1.4188	0.155967	0.253394	1	1	0.94401	0.896213	0.530288	1
-0.0103215	-1.58591	0.11277	0.11277	1	1	0.869199	0.833835	0.639033	1
-0.0101709	-1.44923	0.147283	0.147283	1	1	0.933368	0.852205	0.417302	1
-0.0147256	-2.12828	0.0333216	0.0333216	0.566467	0.533145	0.437925	0.41855	0.283233	0.974196
0.0017297	0.247022	0.804893	0.804893	1	1	1	0.999858	0.912212	1
-0.0018435	-0.261064	0.794045	0.794045	1	1	1	0.999996	0.870011	1
-0.000218813	-0.0308348	0.975401	0.980471	1	1	1	0.999639	0.975401	1
0.00174052	0.244206	0.807073	0.807073	1	1	1	0.999992	0.901914	1
0.00693348	1.24873	0.211772	0.211772	1	1	0.982498	0.964263	0.900032	1
0.0100415	1.78938	0.0735624	0.0735624	1	1	0.727181	0.705518	0.625281	1
-0.00217528	-0.348964	0.727119	0.727119	1	1	1	0.999946	0.962448	1
-1.1078e-05	-0.00173208	0.998618	0.998618	1	1	1	0.99894	0.998618	1
-0.00719531	-1.0523	0.292671	0.292671	1	1	0.997223	0.990166	0.831685	1
-0.00484944	-0.706615	0.479811	0.479811	1	1	0.999985	0.999245	0.999248	1
0.0108269	1.95793	0.0502465	0.0502465	0.85419	0.803943	0.58372	0.561697	0.316304	1
0.011983	2.15426	0.0312273	0.0312273	0.530864	0.530864	0.416861	0.416861	0.344678	1
-0.00594502	-1.01538	0.309932	0.309932	1	1	0.998175	0.983103	0.752691	1
-0.00745519	-1.27767	0.201376	0.31696	1	1	0.978132	0.932686	0.437136	1
-0.00279063	-0.401549	0.688018	0.734592	1	1	1	0.999755	0.835451	1
-0.00165992	-0.247327	0.804657	0.812933	1	1	1	0.998236	0.871341	1
0.00628754	1.07478	0.28248	0.382797	1	1	0.996459	0.986639	0.76622	1
0.00507547	0.840387	0.400698	0.445842	1	1	0.999834	0.996418	0.862557	1
-0.00573524	-0.902706	0.366689	0.366689	1	1	0.999576	0.998652	0.936229	1
-0.00798556	-1.26646	0.205357	0.242135	1	1	0.979912	0.959968	0.650254	1
0.00824784	1.18683	0.235305	0.235305	1	1	0.989545	0.972303	0.666696	1
0.0126876	1.81392	0.0696989	0.0924959	1	1	0.70718	0.66166	0.39496	1
-0.00492734	-0.849742	0.395475	0.395475	1	1	0.999808	0.993482	0.840384	1
-0.00470994	-0.822328	0.410896	0.410896	1	1	0.999876	0.999459	0.924952	1
-0.016369	-2.47855	0.0131968	0.0131968	0.224345	0.211148	0.202153	0.191483	0.112173	0.385824
-0.0113744	-1.73103	0.0834567	0.125318	1	1	0.772699	0.704783	0.354691	1
0.00234453	0.37535	0.707402	0.739744	1	1	1	0.996314	0.832243	1
0.00189978	0.300639	0.763692	0.820538	1	1	1	0.98737	0.763692	1
-0.00595838	-0.883076	0.377202	0.412775	1	1	0.999681	0.998679	0.803438	1
0.0120312	1.82832	0.06751	0.06751	1	1	0.695245	0.695245	0.906999	1
-0.0141164	-2.09642	0.0360528	0.0360528	0.612898	0.576845	0.464321	0.444286	0.306449	1
-0.0127869	-1.88278	0.0597394	0.149394	1	0.95583	0.64907	0.626774	0.507785	1
0.00655948	0.955445	0.33936	0.50222	1	1	0.99913	0.975008	0.576912	1
-0.00570227	-0.812426	0.416553	0.480471	1	1	0.999895	0.995429	0.81577	1
-0.00127596	-0.207349	0.835738	0.835738	1	1	1	0.999974	0.976991	1
-0.00051328	-0.0831832	0.933706	0.933706	1	1	1	0.999715	0.954874	1
0.00559643	0.8361	0.403105	0.439655	1	1	0.999845	0.996573	0.878374	1
0.0127111	1.93371	0.053158	0.158676	0.903687	0.797371	0.604891	0.55928	0.28129	0.967511
-0.00116581	-0.181283	0.856147	0.856147	1	1	1	0.999977	0.975769	1
-0.0113038	-1.80917	0.0704345	0.0722066	1	1	0.711092	0.689201	0.598693	1
-0.00412986	-0.625923	0.53137	0.53137	1	1	0.999997	0.999543	0.935128	1
0.00291965	0.45944	0.645921	0.701437	1	1	1	0.999302	0.922625	1
0.00370913	0.563803	0.572892	0.702559	1	1	0.999999	0.997407	0.86985	1
0.0063773	0.99162	0.32139	0.488346	1	1	0.998627	0.979289	0.630664	1
-0.0110408	-1.59797	0.110059	0.110059	1	1	0.862235	0.826053	0.623668	1
-0.00236769	-0.345478	0.729737	0.729737	1	1	1	0.99917	0.889486	1
-0.0154254	-2.33062	0.0197795	0.176561	0.336251	0.332131	0.28796	0.284961	0.168125	0.578276
-0.013561	-2.08565	0.0370185	0.0457738	0.629314	0.629314	0.47337	0.47337	0.327621	1
0.00818415	1.19814	0.230872	0.441206	1	1	0.988466	0.970102	0.554355	1
0.0138028	2.10042	0.0356997	0.198207	0.606895	0.535496	0.460975	0.420325	0.181875	0.62557
0.00148137	0.21164	0.832389	0.874651	1	1	1	0.994061	0.884413	1
0.00932912	1.36782	0.171378	0.333666	1	1	0.959068	0.940386	0.641043	1
-0.000175123	-0.0238273	0.98099	0.989653	1	1	1	0.998823	0.98099	1
0.00215668	0.298652	0.765207	0.839751	1	1	1	0.996462	0.867235	1
-0.0135487	-1.82416	0.0681372	0.113324	1	1	0.698711	0.65304	0.364302	1
0.00530517	0.723854	0.469161	0.499499	1	1	0.999979	0.996653	0.834228	1
0.0106433	1.76135	0.0781882	0.220341	1	1	0.749436	0.728183	0.533922	1
0.00252349	0.413017	0.679597	0.679597	1	1	1	0.999966	0.980378	1
-0.00509062	-0.83411	0.404225	0.546736	1	1	0.99985	0.984127	0.687183	1
-0.000975405	-0.162875	0.870618	0.888416	1	1	1	0.999843	0.93155	1
-0.00240405	-0.370491	0.711019	0.711019	1	1	1	0.999458	0.86533	1
0.00652999	1.01167	0.311705	0.413881	1	1	0.998254	0.983575	0.750374	1
0.00548034	0.83948	0.401206	0.499499	1	1	0.999836	0.990103	0.751049	1
0.00670482	0.963975	0.335066	0.335066	1	1	0.999029	0.9922	0.813731	1
0.00222731	0.322723	0.746907	0.746907	1	1	1	0.999737	0.945148	1
0.0078482	1.17316	0.24074	0.24074	1	1	0.990739	0.978842	0.741579	1
0.00864072	1.30713	0.191177	0.191177	1	1	0.972866	0.966453	0.762116	1
0.00597647	0.950091	0.342073	0.342073	1	1	0.999189	0.995672	0.973302	1
0.000634338	0.0883405	0.929607	0.94533	1	1	1	0.996886	0.976472	1
0.00639521	1.01156	0.311758	0.311758	1	1	0.998256	0.992226	0.774489	1
0.0120262	1.74876	0.0803416	0.0803416	1	1	0.759203	0.738167	0.501395	1
-0.00473605	-0.618335	0.536359	0.536359	1	1	0.999998	0.998241	0.828919	1
0.0208198	3.1169	0.00182926	0.00186544	0.0310974	0.0310974	0.0306465	0.0306465	0.0310974	0.106961
0.00174095	0.252035	0.801015	0.869823	1	1	1	0.999688	0.967678	1
-0.0103396	-1.37868	0.168001	0.168001	1	1	0.956139	0.908464	0.571205	1
0.00451051	0.649817	0.515815	0.515815	1	1	0.999996	0.998537	0.72642	1
0.00394253	0.582779	0.560046	0.669475	1	1	0.999999	0.99681	0.812402	1
0.00248755	0.344663	0.73035	0.73035	1	1	1	0.999896	0.893855	1
0.00520825	0.769688	0.441491	0.527292	1	1	0.99995	0.991464	0.676029	1
0.00606488	0.940688	0.346872	0.647811	1	1	0.999284	0.951338	0.519615	1
-0.000624352	-0.0923492	0.926421	0.951169	1	1	1	0.997756	0.926421	1
0.00499929	0.778649	0.436192	0.652706	1	1	0.999941	0.98189	0.674116	1
0.0022093	0.338587	0.734923	0.877277	1	1	1	0.94904	0.734923	1
0.000709	0.102512	0.918351	0.942547	1	1	1	0.996595	0.939657	1
0.0031683	0.482959	0.629128	0.69902	1	1	1	0.997398	0.857175	1
0.00321603	0.471922	0.636986	0.73234	1	1	1	0.997712	0.85166	1
0.00464743	0.677792	0.497909	0.646	1	1	0.999992	0.976195	0.604603	1
0.00481837	0.704913	0.480869	0.518301	1	1	0.999986	0.996172	0.771625	1
0.0117075	1.71033	0.0872153	0.218153	1	1	0.788036	0.767783	0.508305	1
0.000534065	0.0739828	0.941025	0.967606	1	1	1	0.999544	0.944492	1
0.00416558	0.606494	0.544191	0.646025	1	1	0.999998	0.995912	0.799505	1
-0.00368979	-0.607568	0.543478	0.630187	1	1	0.999998	0.99652	0.839921	1
-0.0232169	-3.58172	0.000341848	0.000341848	0.00581142	0.00581142	0.00579556	0.00579556	0.00581142	0.0199887
-0.0208287	-3.032	0.00243135	0.0107737	0.0413329	0.0389016	0.0405386	0.0382002	0.0206665	0.0710834
0.0074065	1.01889	0.308264	0.428993	1	1	0.998099	0.987997	0.707625	1
-0.0108586	-1.85402	0.0637458	0.301968	1	0.828695	0.673642	0.575264	0.216736	0.745473
-0.00200475	-0.319893	0.749051	0.749051	1	1	1	0.999944	0.886934	1
-4.4171e-05	-0.00757794	0.993954	0.994565	1	1	1	0.999922	0.993954	1
0.012581	2.0943	0.0362409	0.151799	0.616096	0.507373	0.466095	0.403571	0.154024	0.529773
-0.0172671	-2.77337	0.00555113	0.0737597	0.0943692	0.0832669	0.0902925	0.0801079	0.0314564	0.108196
-0.00284148	-0.527511	0.597842	0.597842	1	1	1	0.999725	0.981219	1
-0.0112923	-1.63829	0.10137	0.10137	1	1	0.837493	0.77606	0.430824	1
0.00177028	0.317396	0.750945	0.750945	1	1	1	0.999881	0.847752	1
0.00636257	1.12447	0.260821	0.260821	1	1	0.994129	0.983843	0.821009	1
0.00445285	0.671695	0.501783	0.501783	1	1	0.999993	0.999531	0.901231	1
0.000368738	0.0587748	0.953132	0.962225	1	1	1	0.998722	0.953132	1
0.000115887	0.0168253	0.986576	0.990446	1	1	1	0.999808	0.986576	1
0.00590159	0.915082	0.360155	0.433951	1	1	0.999495	0.992641	0.791414	1
0.00727639	1.06703	0.285964	0.365352	1	1	0.99674	0.991045	0.804748	1
-0.0144619	-1.95462	0.0506365	0.129819	0.86082	0.708911	0.586617	0.516879	0.215205	0.740209
0.000601583	0.108118	0.913903	0.913903	1	1	1	0.999916	0.971022	1
-0.00155612	-0.249562	0.802927	0.802927	1	1	1	0.999854	0.971538	1
-0.00896104	-1.56195	0.11831	0.286983	1	1	0.88241	0.828438	0.437783	1
-0.00273758	-0.465631	0.641483	0.747668	1	1	1	0.99007	0.720367	1
0.00203473	0.359059	0.719554	0.774348	1	1	1	0.998184	0.816812	1
-0.00777828	-1.36479	0.172329	0.280793	1	1	0.95986	0.906221	0.488265	1
-0.00583754	-1.13709	0.255507	0.276534	1	1	0.993368	0.978413	0.713638	1
-0.00875215	-1.3408	0.179995	0.179995	1	1	0.965733	0.937852	0.612957	1
-0.000578157	-0.109436	0.912858	0.912858	1	1	1	0.999572	0.912858	1
-0.0048749	-0.802813	0.422089	0.499499	1	1	0.999911	0.99281	0.760385	1
-0.00281608	-0.406526	0.684359	0.758899	1	1	1	0.99438	0.775607	1
0.0114283	2.10465	0.0353296	0.0741518	0.600603	0.529943	0.457447	0.416979	0.174602	0.600551
0.00506919	0.710279	0.477537	0.498004	1	1	0.999984	0.998484	0.776816	1
-0.0106026	-1.62633	0.103889	0.133223	1	1	0.845064	0.807057	0.588703	1
-0.0196141	-2.98146	0.00287089	0.00563811	0.0488052	0.0459343	0.0477002	0.0449584	0.0244026	0.083934
-0.00190021	-0.261868	0.793425	0.793425	1	1	1	0.999319	0.882085	1
-0.00314397	-0.54697	0.584403	0.694176	1	1	1	0.99911	0.881452	1
0.00339238	0.558419	0.576562	0.656365	1	1	1	0.996219	0.666844	1
-0.0218758	-3.87307	0.000107685	0.000107685	0.00183064	0.00172296	0.00182907	0.00172157	0.000915322	0.0031483
-0.00294508	-0.476179	0.63395	0.675448	1	1	1	0.999329	0.948634	1
-0.0191704	-3.07996	0.00207205	0.0371684	0.0352249	0.0331529	0.034647	0.0326426	0.0176125	0.060579
0.00420384	0.789186	0.430009	0.498534	1	1	0.999929	0.99638	0.762885	1
-0.0143887	-2.09451	0.0362221	0.139543	0.615776	0.512282	0.465918	0.406213	0.129089	0.444009
0.00524903	0.944597	0.344872	0.344872	1	1	0.999246	0.998243	0.986308	1
0.00273964	0.505845	0.612969	0.629821	1	1	1	0.998699	0.872542	1
0.00456379	0.692632	0.488545	0.515759	1	1	0.999989	0.996796	0.735024	1
0.00664172	1.04733	0.294955	0.499499	1	1	0.997372	0.964874	0.544761	1
-0.0115198	-1.70824	0.0876014	0.173416	1	1	0.789555	0.76935	0.585171	1
-0.00436492	-0.658151	0.510446	0.626563	1	1	0.999995	0.993261	0.788871	1
-0.0115881	-1.68566	0.0918713	0.170692	1	1	0.805685	0.734336	0.312362	1
-0.021341	-2.92769	0.00341726	0.0300419	0.0580935	0.051259	0.0565321	0.0500508	0.0193645	0.0666052
0.00811512	1.40583	0.159785	0.353472	1	1	0.948163	0.89599	0.503908	1
0.00386336	0.616814	0.537362	0.700634	1	1	0.999998	0.990195	0.684851	1
-0.00167644	-0.29158	0.77061	0.77061	1	1	1	0.999854	0.958904	1
-0.000699346	-0.123625	0.901613	0.917225	1	1	1	0.992781	0.901613	1
0.000619839	0.0969339	0.92278	0.943421	1	1	1	0.999571	0.980453	1
-0.0141595	-2.43756	0.014792	0.0390632	0.251464	0.22188	0.223798	0.200315	0.0838212	0.288307
-0.00219537	-0.438346	0.661138	0.661138	1	1	1	0.999941	0.916263	1
-0.000563733	-0.0878744	0.929977	0.929977	1	1	1	0.999976	0.965609	1
0.00514622	0.987294	0.323506	0.429751	1	1	0.998698	0.993785	0.750741	1
0.00729467	1.20112	0.229714	0.449246	1	1	0.988167	0.943354	0.536005	1
-0.00556158	-0.835058	0.403691	0.403691	1	1	0.999848	0.994315	0.847364	1
0.0088996	1.62391	0.104405	0.131019	1	1	0.846574	0.80871	0.44372	1
-0.00428167	-0.558474	0.576525	0.611037	1	1	1	0.997558	0.801913	1
0.00363595	0.495777	0.620055	0.620055	1	1	1	0.998857	0.865421	1
-0.00300211	-0.390864	0.6959	0.710391	1	1	1	0.99976	0.977169	1
-0.00679274	-0.886425	0.375395	0.437311	1	1	0.999665	0.993571	0.787971	1
-0.00359112	-0.476611	0.633642	0.633642	1	1	1	0.999872	0.918867	1
-0.00548323	-0.752645	0.451669	0.559187	1	1	0.999963	0.991773	0.653738	1
0.00023313	0.0306229	0.97557	0.983579	1	1	1	0.999832	0.984229	1
-0.00395226	-0.51793	0.604511	0.750035	1	1	1	0.996173	0.744312	1
-0.0013941	-0.183178	0.85466	0.86361	1	1	1	0.999051	0.908076	1
-0.00434641	-0.566223	0.571246	0.571246	1	1	0.999999	0.99991	0.965567	1
-0.00140725	-0.184846	0.853351	0.856369	1	1	1	0.999724	0.859056	1
0.00304	0.395707	0.692323	0.751105	1	1	1	0.999138	0.905346	1
0.0133133	1.76147	0.0781691	0.143466	1	1	0.749348	0.65289	0.265775	0.914146
0.00180761	0.234385	0.814687	0.841784	1	1	1	0.999181	0.835923	1
0.00142787	0.191218	0.848356	0.862835	1	1	1	0.997077	0.901378	1
-0.00334819	-0.452565	0.650865	0.650865	1	1	1	0.999554	0.974439	1
0.00345877	0.458039	0.646928	0.646928	1	1	1	0.999475	0.984985	1
-0.0065524	-0.891206	0.372825	0.372825	1	1	0.999641	0.997677	0.880056	1
-0.00250657	-0.32815	0.742801	0.775952	1	1	1	0.999775	0.971355	1
0.00710121	0.955327	0.339419	0.441983	1	1	0.999132	0.984178	0.721266	1
-0.01327	-1.74036	0.0818057	0.104063	1	1	0.765638	0.725355	0.322835	1
0.00167409	0.227212	0.820261	0.84895	1	1	1	0.998895	0.871527	1
-0.00522222	-0.707968	0.478971	0.478971	1	1	0.999985	0.999662	0.818962	1
0.000144798	0.0191111	0.984753	0.984753	1	1	1	0.999931	0.984753	1
-0.00851524	-1.17473	0.240112	0.366215	1	1	0.990608	0.971833	0.717779	1
-0.00785979	-1.11538	0.264696	0.264696	1	1	0.99463	0.981632	0.832261	1
0.00277866	0.376943	0.706219	0.734978	1	1	1	0.999357	0.961804	1
0.0042086	0.569781	0.56883	0.691903	1	1	0.999999	0.986497	0.697146	1
0.00251848	0.346045	0.729312	0.757954	1	1	1	0.997967	0.847751	1
-0.000298691	-0.038357	0.969403	0.970579	1	1	1	0.999134	0.98074	1
-0.00953372	-1.25705	0.208746	0.445054	1	1	0.98132	0.939773	0.464079	1
-0.0136776	-1.77933	0.0751952	0.149454	1	1	0.735241	0.665265	0.31958	1
0.00208237	0.284574	0.775972	0.835347	1	1	1	0.999193	0.931221	1
-0.00948919	-1.224	0.220963	0.247979	1	1	0.985662	0.960508	0.626061	1
-0.0165776	-2.15793	0.0309407	0.051201	0.525993	0.525993	0.413922	0.413922	0.367859	1
9.66023e-05	0.0127922	0.989794	0.990115	1	1	1	0.998896	0.989794	1
0.00277722	0.380395	0.703655	0.703655	1	1	1	0.999525	0.939353	1
0.00487483	0.639657	0.5224	0.5224	1	1	0.999996	0.998707	0.870795	1
0.00680159	0.894775	0.370914	0.499499	1	1	0.999621	0.987942	0.700615	1
0.00337919	0.445235	0.656153	0.684266	1	1	1	0.999432	0.882436	1
0.00370621	0.483915	0.628449	0.628449	1	1	1	0.999946	0.890832	1
-0.000215655	-0.0281129	0.977572	0.977572	1	1	1	0.999475	0.977572	1
0.00456577	0.592022	0.55384	0.55384	1	1	0.999999	0.999141	0.922048	1
0.00783482	1.03698	0.299753	0.310101	1	1	0.99766	0.990267	0.839468	1
-0.00875593	-1.13876	0.254811	0.450623	1	1	0.993262	0.978149	0.581856	1
-0.00311657	-0.416012	0.677404	0.677404	1	1	1	0.999979	0.925984	1
-0.00376891	-0.50858	0.61105	0.705652	1	1	1	0.991501	0.741989	1
0.00235206	0.312555	0.754621	0.754621	1	1	1	0.999996	0.966311	1
-0.0014108	-0.191875	0.847841	0.847841	1	1	1	1	0.999562	1
-0.00144632	-0.188417	0.850551	0.850551	1	1	1	0.998755	0.963958	1
0.00536005	0.717034	0.473359	0.515818	1	1	0.999982	0.996092	0.717547	1
0.00402265	0.530646	0.595668	0.670819	1	1	1	0.990054	0.77895	1
0.00796793	1.08286	0.278878	0.28136	1	1	0.996144	0.972578	0.677275	1
-0.00499816	-0.676647	0.498635	0.499499	1	1	0.999992	0.998549	0.941866	1
-0.0137058	-1.78403	0.0744274	0.0744274	1	1	0.731479	0.686558	0.397559	1
-0.00951698	-1.31175	0.189613	0.324486	1	1	0.97196	0.947314	0.596802	1
-0.00629909	-0.890512	0.373198	0.499499	1	1	0.999644	0.992455	0.704929	1
-0.00401463	-0.545908	0.585133	0.585133	1	1	1	0.998932	0.823522	1
-0.0099288	-1.3611	0.173492	0.173492	1	1	0.960808	0.916013	0.589872	1
0.00305106	0.416092	0.677346	0.757904	1	1	1	0.995174	0.822491	1
0.000627705	0.080578	0.935778	0.935778	1	1	1	0.999977	0.997391	1
-0.0124972	-1.64161	0.100681	0.139013	1	1	0.835361	0.796434	0.570526	1
-0.00510113	-0.636079	0.52473	0.52473	1	1	0.999997	0.999721	0.96303	1
-0.00277505	-0.344457	0.730505	0.757832	1	1	1	0.998578	0.886817	1
0.0026216	0.329504	0.741777	0.85063	1	1	1	0.995554	0.868568	1
0.00842191	1.0571	0.290476	0.499499	1	1	0.997073	0.961348	0.548677	1
0.0129386	1.6424	0.100518	0.383705	1	1	0.834852	0.693375	0.244115	0.839646
0.0115786	1.45823	0.144788	0.520613	1	1	0.929974	0.713851	0.246139	0.846608
0.0140721	1.72465	0.0846009	0.209005	1	1	0.777475	0.734443	0.345029	1
0.0158206	1.93804	0.0526285	0.309101	0.894684	0.681373	0.601117	0.503355	0.149114	0.512886
0.00247508	0.331726	0.740099	0.740099	1	1	1	0.99992	0.985518	1
-0.000869612	-0.118399	0.905752	0.905752	1	1	1	0.999861	0.905752	1
-0.0132876	-1.70981	0.0873124	0.302286	1	1	0.788419	0.768178	0.496841	1
-0.00915499	-1.18744	0.235063	0.235063	1	1	0.989489	0.957559	0.570868	1
-0.00494257	-0.619155	0.535819	0.535819	1	1	0.999998	0.999751	0.943259	1
-0.00277452	-0.343844	0.730966	0.730966	1	1	1	0.999123	0.776651	1
0.00679711	1.06635	0.286275	0.448219	1	1	0.996764	0.974254	0.608335	1
-0.00516806	-0.721815	0.470414	0.581582	1	1	0.99998	0.991246	0.68171	1
0.00359853	0.48003	0.63121	0.653003	1	1	1	0.999072	0.929264	1
0.000929186	0.127449	0.898586	0.898586	1	1	1	0.999989	0.955929	1
-0.00105976	-0.140972	0.887893	0.895334	1	1	1	0.999756	0.952844	1
-0.00214392	-0.277432	0.78145	0.78145	1	1	1	0.999655	0.900618	1
-0.0136391	-2.03988	0.0413711	0.111207	0.703309	0.579196	0.512406	0.446513	0.175827	0.604767
-0.0151571	-2.02539	0.0428361	0.154073	0.728214	0.685378	0.524919	0.503658	0.364107	1
-0.000494621	-0.0652804	0.947951	0.947951	1	1	1	0.999963	0.984371	1
0.0204431	2.81813	0.00483347	0.00483347	0.0821689	0.0821689	0.0790671	0.0790671	0.0645345	0.22197
0.0173598	2.38838	0.016929	0.016929	0.287792	0.287792	0.251928	0.251928	0.287792	0.989877
-0.000880425	-0.121883	0.902992	0.914445	1	1	1	0.99986	0.964742	1
-0.00142013	-0.198727	0.842478	0.878892	1	1	1	0.999987	0.985729	1
0.0179082	2.44152	0.014631	0.0906853	0.248728	0.248728	0.221639	0.221639	0.107644	0.370246
0.0163025	2.22136	0.0263341	0.0498126	0.447679	0.421345	0.364714	0.347531	0.201351	0.692558
0.00981339	1.35091	0.176736	0.176736	1	1	0.963342	0.903067	0.500752	1
0.00933839	1.29589	0.195025	0.461135	1	1	0.974979	0.925973	0.444047	1
0.000436497	0.0575682	0.954093	0.961461	1	1	1	0.997746	0.954093	1
-0.00684186	-0.907154	0.364332	0.364332	1	1	0.999548	0.993153	0.884807	1
0.00979596	1.28118	0.200139	0.242823	1	1	0.977549	0.914265	0.486053	1
0.00718665	0.937232	0.348647	0.366756	1	1	0.999316	0.986254	0.740874	1
0.00204213	0.26692	0.789532	0.83754	1	1	1	0.99931	0.958718	1
0.00579992	0.758126	0.448381	0.448381	1	1	0.999959	0.999114	0.977793	1
-0.00796862	-1.09609	0.27305	0.27305	1	1	0.995578	0.984167	0.888736	1
-0.00435425	-0.614587	0.538832	0.538832	1	1	0.999998	0.999602	0.824509	1
0.00135637	0.176985	0.859521	0.897597	1	1	1	0.99653	0.859521	1
0.00779447	1.02087	0.307323	0.478257	1	1	0.998055	0.979668	0.549644	1
0.00628878	0.802526	0.422255	0.422255	1	1	0.999911	0.997606	0.982887	1
0.00200568	0.259259	0.795437	0.795437	1	1	1	0.999789	0.873641	1
0.00316265	0.432337	0.6655	0.6655	1	1	1	0.99952	0.896669	1
0.00560667	0.763374	0.445246	0.445246	1	1	0.999955	0.997239	0.888289	1
0.00888485	1.1572	0.247199	0.26552	1	1	0.991991	0.978111	0.808272	1
-0.000920229	-0.120371	0.90419	0.90419	1	1	1	0.999991	0.982067	1
-0.000547938	-0.0753826	0.939911	0.964414	1	1	1	0.993533	0.939911	1
0.00528756	0.727174	0.467125	0.499499	1	1	0.999977	0.996536	0.853412	1
-0.00483504	-0.635778	0.524926	0.570388	1	1	0.999997	0.997659	0.76044	1
-0.00489575	-0.650575	0.515326	0.649477	1	1	0.999996	0.993717	0.796412	1
-0.0082592	-1.08803	0.27659	0.379472	1	1	0.995931	0.971606	0.639573	1
-0.00245641	-0.323955	0.745974	0.822324	1	1	1	0.995836	0.905826	1
0.0058721	0.860059	0.389763	0.566388	1	1	0.999774	0.968487	0.602361	1
0.00543232	0.801094	0.423083	0.544509	1	1	0.999913	0.986404	0.653856	1
0.00058084	0.0751066	0.94013	0.954111	1	1	1	0.999259	0.94013	1
0.00346444	0.448482	0.653809	0.653809	1	1	1	0.999653	0.892837	1
0.00647419	0.871127	0.383692	0.499499	1	1	0.999733	0.990017	0.724751	1
0.000135013	0.0183302	0.985376	0.985376	1	1	1	0.999993	0.985376	1
0.000711106	0.0909697	0.927517	0.927517	1	1	1	0.999619	0.98787	1
0.00182552	0.232759	0.81595	0.834164	1	1	1	0.997756	0.81595	1
0.00175422	0.233715	0.815208	0.835353	1	1	1	0.997703	0.845594	1
0.0083803	1.08357	0.278565	0.499499	1	1	0.996115	0.96936	0.503858	1
0.0103398	1.4847	0.137633	0.202218	1	1	0.91932	0.891512	0.701399	1
0.00626554	0.838891	0.401537	0.503518	1	1	0.999838	0.989477	0.682613	1
6.66049e-07	9.74283e-05	0.999922	0.999922	1	1	1	0.999984	0.999922	1
0.00479518	0.691123	0.489494	0.489494	1	1	0.999989	0.99956	0.899734	1
0.00283479	0.404088	0.686151	0.758599	1	1	1	0.998749	0.833184	1
0.0135304	2.05989	0.0394176	0.095772	0.670099	0.551846	0.495235	0.430511	0.136043	0.467928
0.00600136	0.77995	0.435426	0.499499	1	1	0.99994	0.996142	0.822472	1
-0.00696703	-0.899359	0.368469	0.368469	1	1	0.999596	0.993627	0.814183	1
-0.00539874	-0.73159	0.464425	0.539188	1	1	0.999975	0.99323	0.739815	1
-0.00656246	-0.889046	0.373985	0.462692	1	1	0.999652	0.995483	0.781392	1
0.00529952	0.739642	0.459523	0.612867	1	1	0.999971	0.970361	0.557992	1
0.0146987	1.9762	0.0481406	0.14856	0.81839	0.770249	0.567747	0.545886	0.322621	1
-0.00801632	-1.16986	0.242068	0.436434	1	1	0.991011	0.943234	0.514395	1
-0.0175466	-2.60741	0.00912736	0.01992	0.155165	0.13691	0.144336	0.1285	0.0517217	0.1779
0.00151732	0.214578	0.830097	0.905918	1	1	1	0.997247	0.830097	1
-0.011094	-1.50666	0.131908	0.351208	1	1	0.909715	0.816858	0.373015	1
0.00890939	1.33388	0.182255	0.42176	1	1	0.967303	0.951104	0.450527	1
0.00570657	0.828158	0.407588	0.429009	1	1	0.999864	0.994676	0.788565	1
0.00449211	0.664699	0.506248	0.506248	1	1	0.999994	0.999147	0.937762	1
-0.00641474	-0.92046	0.35734	0.440753	1	1	0.999456	0.993795	0.748472	1
0.00875866	1.21992	0.222505	0.499499	1	1	0.986137	0.908027	0.420287	1
0.0022413	0.304831	0.760497	0.773691	1	1	1	0.998786	0.814666	1
0.00162246	0.239794	0.810492	0.810492	1	1	1	0.999472	0.882165	1
0.00204542	0.301973	0.762674	0.762674	1	1	1	0.999972	0.920471	1
0.00223025	0.345255	0.729905	0.747047	1	1	1	0.999483	0.954491	1
0.00308556	0.47	0.638359	0.755432	1	1	1	0.998563	0.796071	1
-0.00399811	-0.588555	0.556164	0.625803	1	1	0.999999	0.996844	0.859526	1
-0.00774658	-1.11525	0.264752	0.414549	1	1	0.994637	0.977115	0.642969	1
-0.00876157	-1.24088	0.214658	0.214658	1	1	0.983556	0.937356	0.521313	1
-0.0121099	-1.73568	0.0826311	0.102004	1	1	0.769193	0.701038	0.351182	1
-0.00585667	-0.836056	0.40313	0.40313	1	1	0.999845	0.996575	0.961121	1
-0.0073176	-1.05049	0.293503	0.452906	1	1	0.997278	0.978112	0.650945	1
0.00917489	1.35587	0.17515	0.17515	1	1	0.962123	0.918177	0.566798	1
0.007412	1.09569	0.273223	0.273223	1	1	0.995596	0.984216	0.908138	1
0.00200115	0.291586	0.770605	0.834349	1	1	1	0.997878	0.873352	1
-0.00238606	-0.340927	0.733161	0.733161	1	1	1	0.999639	0.935004	1
-0.00828473	-1.15078	0.249832	0.366473	1	1	0.992454	0.968239	0.607668	1
-0.00484919	-0.653571	0.513393	0.535554	1	1	0.999995	0.998283	0.787629	1
-0.010753	-1.60015	0.109576	0.109576	1	1	0.860959	0.778815	0.37256	1
-0.00385096	-0.562381	0.57386	0.57386	1	1	0.999999	0.998856	0.886875	1
0.00219212	0.312159	0.754922	0.754922	1	1	1	0.999579	0.987206	1
-0.000281449	-0.039052	0.968849	0.968849	1	1	1	0.998849	0.968849	1
0.00630537	0.973033	0.330545	0.467914	1	1	0.99891	0.991182	0.643519	1
0.00437833	0.656201	0.5117	0.5117	1	1	0.999995	0.998422	0.847657	1
0.00675541	0.945092	0.344619	0.499499	1	1	0.999241	0.977693	0.648503	1
0.00908246	1.31943	0.187035	0.499499	1	1	0.970405	0.844888	0.353289	1
-0.00154411	-0.212284	0.831887	0.831887	1	1	1	0.999897	0.992071	1
-0.00470668	-0.624043	0.532604	0.532604	1	1	0.999998	0.998195	0.905426	1
0.0117898	1.5134	0.130188	0.437047	1	1	0.906624	0.83687	0.356127	1
-0.00252893	-0.342999	0.731602	0.817276	1	1	1	0.9999	0.98538	1
-0.00565957	-0.743579	0.457137	0.598073	1	1	0.999969	0.992457	0.692307	1
-0.00623583	-0.863165	0.388053	0.388053	1	1	0.999763	0.995493	0.828273	1
0.00186804	0.253539	0.799853	0.799853	1	1	1	0.999971	0.963471	1
-0.00459846	-0.617335	0.537019	0.57953	1	1	0.999998	0.995531	0.798106	1
-0.00674094	-0.863019	0.388134	0.440144	1	1	0.999764	0.9955	0.850548	1
-0.00558026	-0.71371	0.475412	0.524634	1	1	0.999983	0.995299	0.726049	1
0.0141542	1.87512	0.060786	0.0616891	1	1	0.655652	0.655652	0.689615	1
0.00925665	1.22788	0.2195	0.298105	1	1	0.985197	0.975701	0.803775	1
0.00488816	0.70133	0.483103	0.499499	1	1	0.999987	0.998069	0.762138	1
0.00361486	0.503713	0.614467	0.614467	1	1	1	0.999812	0.993432	1
0.00759535	0.980494	0.32685	0.351483	1	1	0.998804	0.991344	0.762716	1
0.00468976	0.611711	0.540733	0.540733	1	1	0.999998	0.999091	0.971015	1
0.00552382	0.71954	0.471814	0.471814	1	1	0.999981	0.999529	0.975112	1
-0.00230591	-0.304964	0.760396	0.760396	1	1	1	0.9997	0.946285	1
0.00183115	0.25756	0.796749	0.876426	1	1	1	0.992318	0.825337	1
0.0031747	0.438819	0.660795	0.73986	1	1	1	0.995509	0.864117	1
0.00329232	0.419999	0.674489	0.755035	1	1	1	0.989075	0.764421	1
-0.00175189	-0.225941	0.821249	0.855253	1	1	1	0.995597	0.872577	1
0.0093399	1.18975	0.234155	0.234155	1	1	0.989275	0.981714	0.955518	1
0.0128286	1.65119	0.0987109	0.0987109	1	1	0.829121	0.829121	0.930059	1
-0.00774085	-0.979342	0.327419	0.370434	1	1	0.998821	0.987259	0.689244	1
-0.00202463	-0.257276	0.796967	0.86224	1	1	1	0.998301	0.916554	1
-3.41118e-05	-0.00447059	0.996433	0.996966	1	1	1	0.996433	0.996433	1
0.00583715	0.7718	0.440239	0.599575	1	1	0.999948	0.973082	0.584915	1
0.00134163	0.180521	0.856745	0.856745	1	1	1	0.999982	0.925873	1
0.00489059	0.648874	0.516425	0.516425	1	1	0.999996	0.999297	0.975469	1
-0.00772117	-0.996538	0.318997	0.506164	1	1	0.998543	0.970376	0.542294	1
-0.0113656	-1.47789	0.139448	0.293983	1	1	0.922158	0.859867	0.474123	1
0.00777756	0.990238	0.322066	0.499499	1	1	0.99865	0.978036	0.608346	1
0.000580344	0.0741916	0.940858	0.940858	1	1	1	0.999984	0.955616	1
-0.0134479	-1.80276	0.071436	0.2791	1	1	0.716338	0.645704	0.303603	1
0.000315395	0.0414619	0.966928	0.971101	1	1	1	0.999921	0.966928	1
-0.00747097	-0.968771	0.332667	0.40924	1	1	0.998968	0.982484	0.701479	1
-0.00419548	-0.546726	0.584571	0.657003	1	1	1	0.996095	0.828142	1
-0.00954193	-1.2269	0.219871	0.247356	1	1	0.985316	0.949184	0.571387	1
-0.00523038	-0.665934	0.505458	0.507041	1	1	0.999994	0.997972	0.797768	1
0.000905692	0.122242	0.902708	0.929004	1	1	1	0.999377	0.957257	1
0.00478666	0.65451	0.512788	0.664195	1	1	0.999995	0.98265	0.635807	1
0.0147441	1.88186	0.059864	0.128081	1	0.957824	0.64986	0.627564	0.508844	1
0.00787073	0.991105	0.321642	0.424966	1	1	0.998636	0.990505	0.722408	1
-0.00724181	-0.906773	0.364534	0.557393	1	1	0.999551	0.963555	0.516423	1
-0.00952869	-1.20305	0.228965	0.228965	1	1	0.98797	0.955826	0.556058	1
-0.000110543	-0.0139844	0.988842	0.988842	1	1	1	0.999577	0.988842	1
0.0116116	1.47805	0.139405	0.33066	1	1	0.922093	0.865883	0.473977	1
-0.00269766	-0.347924	0.727899	0.832354	1	1	1	0.998508	0.907221	1
0.00621958	0.823342	0.41032	0.524648	1	1	0.999874	0.99255	0.62867	1
0.00940966	1.5618	0.118346	0.289756	1	1	0.882492	0.80552	0.402377	1
0.00603173	0.833715	0.404448	0.490491	1	1	0.999851	0.994387	0.782434	1
0.00341393	0.498636	0.618039	0.618039	1	1	1	0.999805	0.972357	1
0.0106538	1.52135	0.128182	0.128182	1	1	0.902896	0.863239	0.544775	1
0.00317135	0.450673	0.652228	0.679692	1	1	1	0.998916	0.852914	1
0.0132057	2.01199	0.0442296	0.0912716	0.751903	0.619214	0.536541	0.469176	0.179498	0.617394
-0.00162091	-0.212428	0.831774	0.852458	1	1	1	0.998696	0.942678	1
-0.00991441	-1.29277	0.1961	0.348782	1	1	0.975541	0.93964	0.555616	1
0.00614832	0.814796	0.415195	0.543293	1	1	0.999891	0.987441	0.705832	1
0.00378938	0.501199	0.616234	0.629647	1	1	1	0.99953	0.978283	1
0.00541171	0.836061	0.403127	0.403127	1	1	0.999845	0.99878	0.932271	1
0.016442	2.33716	0.0194375	0.0856863	0.330437	0.310999	0.283725	0.269526	0.165218	0.568277
0.00421619	0.719756	0.471681	0.623579	1	1	0.999981	0.988449	0.668214	1
-0.00729127	-1.20183	0.229438	0.455453	1	1	0.988095	0.956178	0.522994	1
0.00799697	1.12659	0.259925	0.443247	1	1	0.994006	0.980021	0.606516	1
-0.00585648	-0.792143	0.428283	0.51745	1	1	0.999926	0.995988	0.728082	1
0.0112246	1.69367	0.0903389	0.148634	1	1	0.800035	0.780177	0.767881	1
0.0022013	0.320276	0.748761	0.794971	1	1	1	0.995673	0.795559	1
0.0132537	1.82275	0.0683514	0.202454	1	0.95692	0.699886	0.628867	0.290494	0.999168
0.00132394	0.17908	0.857876	0.857876	1	1	1	0.999592	0.926911	1
0.013042	1.871	0.0613543	0.159972	1	0.981669	0.659177	0.636899	0.324254	1
0.00788575	1.11664	0.264156	0.278628	1	1	0.994563	0.981456	0.75124	1
-0.00426701	-0.599452	0.548876	0.548876	1	1	0.999999	0.999226	0.949661	1
3.11903e-05	0.00434439	0.996534	0.996774	1	1	1	0.999266	0.996534	1
0.00308806	0.459843	0.645632	0.645632	1	1	1	0.999298	0.940102	1
0.00866984	1.28754	0.197915	0.32632	1	1	0.976463	0.943132	0.630344	1
-0.00160802	-0.2494	0.803053	0.803053	1	1	1	0.999942	0.904444	1
-0.00754234	-1.1331	0.257182	0.386413	1	1	0.993617	0.962007	0.624585	1
-0.00993305	-1.39203	0.163924	0.24788	1	1	0.952337	0.883333	0.374157	1
-0.0135772	-1.91328	0.0557213	0.0557213	0.947262	0.780098	0.622686	0.551871	0.236816	0.81454
-0.000472902	-0.0699761	0.944213	0.95615	1	1	1	0.999597	0.964981	1
-0.0086476	-1.27751	0.201433	0.474739	1	1	0.978158	0.915778	0.429692	1
0.0129375	1.86143	0.0626932	0.292883	1	0.940397	0.667348	0.62136	0.355261	1
0.015302	2.19697	0.0280298	0.159591	0.476506	0.448477	0.383263	0.365477	0.238253	0.819484
-0.00245591	-0.331806	0.740038	0.769999	1	1	1	0.998813	0.860306	1
-0.00602037	-0.812773	0.416354	0.578222	1	1	0.999894	0.97693	0.611663	1
-0.0148896	-2.1164	0.0343191	0.182726	0.583425	0.514787	0.447704	0.407751	0.186724	0.642246
-0.00808473	-1.12543	0.260416	0.420237	1	1	0.994074	0.987124	0.607061	1
-0.00928328	-1.33034	0.183416	0.183416	1	1	0.968084	0.941385	0.779519	1
-0.000782361	-0.111354	0.911336	0.911336	1	1	1	0.999478	0.911336	1
0.00606614	0.870692	0.383929	0.413015	1	1	0.999735	0.997011	0.707123	1
0.00510642	0.701177	0.483198	0.488315	1	1	0.999987	0.999066	0.853957	1
0.0141914	2.05628	0.0397641	0.212281	0.675989	0.596461	0.498322	0.455912	0.224531	0.772286
0.00810387	1.1642	0.244354	0.244354	1	1	0.991461	0.967726	0.692335	1
0.00625268	0.849531	0.395592	0.395592	1	1	0.999808	0.996068	0.905552	1
0.01239	1.73106	0.0834506	0.146373	1	1	0.772674	0.698226	0.283732	0.975911
-0.00011233	-0.0153817	0.987728	0.987728	1	1	1	0.999988	0.988931	1
0.00109903	0.146848	0.883253	0.883253	1	1	1	0.999985	0.970896	1
0.00406681	0.544248	0.586275	0.586275	1	1	1	0.999645	0.911694	1
0.00555416	0.724152	0.468978	0.689135	1	1	0.999979	0.988093	0.686438	1
-0.00102627	-0.142572	0.886629	0.886629	1	1	1	0.999908	0.886629	1
0.00154792	0.211846	0.832229	0.832229	1	1	1	0.999716	0.921255	1
0.00238194	0.309284	0.757108	0.757108	1	1	1	0.999795	0.999006	1
0.0132827	2.01242	0.0441845	0.10197	0.751136	0.618583	0.53617	0.468826	0.187784	0.645893
0.0111422	1.44307	0.149012	0.149012	1	1	0.935627	0.895544	0.633299	1
-0.00247054	-0.31679	0.751405	0.807795	1	1	1	0.996444	0.912421	1
-0.0158653	-2.18034	0.0292397	0.0389595	0.497075	0.497075	0.396185	0.396185	0.497075	1
-0.0134015	-1.83604	0.0663614	0.0663614	1	1	0.6888	0.6888	0.439816	1
-0.000411123	-0.0554342	0.955793	0.962505	1	1	1	0.999914	0.967799	1
0.00572126	0.781807	0.434334	0.499499	1	1	0.999938	0.995611	0.820409	1
-0.0150222	-1.98841	0.046775	0.120761	0.795174	0.748399	0.557083	0.535349	0.39708	1
-0.0192209	-2.58841	0.00964647	0.0289221	0.16399	0.154343	0.151925	0.143664	0.081995	0.282026
-0.00487291	-0.668234	0.503989	0.503989	1	1	0.999993	0.99916	0.814253	1
-0.00909284	-1.23325	0.217492	0.455956	1	1	0.984536	0.91483	0.46217	1
0.0060298	0.804975	0.42084	0.665397	1	1	0.999907	0.987341	0.711378	1
0.00451397	0.600736	0.54802	0.54802	1	1	0.999999	0.999213	0.917206	1
-0.00192974	-0.253636	0.799779	0.799779	1	1	1	0.99988	0.940188	1
-0.00235275	-0.3099	0.756639	0.797274	1	1	1	0.999146	0.989451	1
0.000864747	0.114504	0.908839	0.946306	1	1	1	0.999823	0.984238	1
-0.00734263	-0.956783	0.338684	0.338684	1	1	0.999115	0.991767	0.822519	1
0.00677459	0.977	0.328577	0.358686	1	1	0.998855	0.993774	0.74685	1
0.00468978	0.681309	0.495681	0.499499	1	1	0.999991	0.999246	0.88309	1
0.00310898	0.429341	0.667678	0.745818	1	1	1	0.996533	0.798005	1
0.000435347	0.0588953	0.953036	0.965977	1	1	1	0.997812	0.976227	1
-0.0061934	-0.817095	0.41388	0.469168	1	1	0.999886	0.995215	0.782033	1
-0.00917048	-1.21726	0.223513	0.338726	1	1	0.986439	0.962697	0.601187	1
-0.00588665	-0.818067	0.413325	0.413325	1	1	0.999884	0.998337	0.990519	1
-0.00891554	-1.24448	0.213332	0.293565	1	1	0.983078	0.967944	0.725328	1
-0.00919304	-1.24375	0.2136	0.231053	1	1	0.983176	0.965405	0.788131	1
-0.00580213	-0.775633	0.437972	0.437972	1	1	0.999944	0.998662	0.936551	1
0.00804857	1.1926	0.233035	0.307897	1	1	0.989005	0.96936	0.681716	1
0.00210473	0.309098	0.757249	0.757249	1	1	1	0.999913	0.892357	1
0.00658986	0.904381	0.3658	0.466897	1	1	0.999566	0.990648	0.642143	1
0.00512562	0.698316	0.484985	0.511931	1	1	0.999987	0.996818	0.822935	1
-0.00148109	-0.197508	0.843431	0.844615	1	1	1	0.998716	0.843431	1
-0.000673359	-0.0888908	0.929169	0.934422	1	1	1	0.999848	0.994271	1
-0.00923003	-1.38617	0.165704	0.409944	1	1	0.954033	0.905122	0.432887	1
-0.00770824	-1.15083	0.249809	0.279214	1	1	0.992451	0.97715	0.642662	1
-0.00293018	-0.39385	0.693695	0.761259	1	1	1	0.99624	0.786188	1
-0.0041505	-0.547834	0.58381	0.594635	1	1	1	0.997536	0.739396	1
0.00294106	0.42962	0.667475	0.667475	1	1	1	0.999946	0.869754	1
0.00547628	0.788158	0.43061	0.43061	1	1	0.999931	0.999222	0.935422	1
0.00367436	0.487708	0.62576	0.699402	1	1	1	0.997253	0.886494	1
0.000717793	0.0972606	0.92252	0.933071	1	1	1	0.99998	0.988858	1
-0.00819817	-1.05506	0.291408	0.330463	1	1	0.997138	0.988254	0.792089	1
-0.00232782	-0.310363	0.756287	0.785056	1	1	1	0.99844	0.849297	1
0.013408	1.776	0.0757426	0.0757426	1	1	0.737892	0.693173	0.408436	1
0.00444833	0.599671	0.54873	0.585218	1	1	0.999999	0.995972	0.678843	1
-0.000680423	-0.0966586	0.922998	0.922998	1	1	1	0.999995	0.952544	1
0.00145424	0.198566	0.842604	0.842604	1	1	1	0.999914	0.924828	1
0.00281226	0.388238	0.697843	0.74275	1	1	1	0.997412	0.817442	1
0.0143839	2.17717	0.0294752	0.0693561	0.501078	0.412653	0.39867	0.342201	0.12527	0.430871
0.011827	1.53708	0.124283	0.124283	1	1	0.895244	0.880376	0.862826	1
-0.00341107	-0.440697	0.659436	0.659436	1	1	1	0.999284	0.79829	1
-0.0110599	-1.52563	0.127112	0.127112	1	1	0.900849	0.900849	0.674001	1
-0.0119384	-1.64931	0.0990951	0.0990951	1	1	0.830354	0.811694	0.620284	1
0.00530489	0.712095	0.476411	0.561897	1	1	0.999983	0.994352	0.739001	1
0.0101412	1.35996	0.173852	0.209404	1	1	0.961097	0.916488	0.469748	1
-0.0164407	-2.15709	0.0310065	0.215934	0.527111	0.496105	0.414598	0.395866	0.21815	0.750339
-0.0201192	-2.70935	0.00674521	0.020364	0.114669	0.107923	0.108685	0.102632	0.0573343	0.197204
-0.00520562	-0.718863	0.472231	0.551318	1	1	0.999981	0.993981	0.787197	1
-0.0128183	-1.76831	0.0770194	0.243972	1	1	0.74398	0.64722	0.213622	0.734765
0.0041435	0.60603	0.5445	0.5445	1	1	0.999998	0.999033	0.771374	1
0.00709332	1.02487	0.305434	0.439048	1	1	0.997962	0.981851	0.653362	1
-0.00634095	-0.899685	0.368295	0.584162	1	1	0.999594	0.974642	0.626102	1
-0.01136	-1.56838	0.116802	0.221084	1	1	0.878944	0.749729	0.283662	0.975672
0.0050955	0.679756	0.496664	0.610638	1	1	0.999991	0.991815	0.767572	1
0.00242826	0.320737	0.748412	0.767044	1	1	1	0.998186	0.908786	1
0.00355747	0.514993	0.606562	0.606562	1	1	1	0.999808	0.85711	1
0.00224954	0.329574	0.741724	0.741724	1	1	1	0.999849	0.960596	1
0.00107015	0.159115	0.87358	0.893717	1	1	1	0.999927	0.918719	1
-0.00047905	-0.0709574	0.943432	0.945954	1	1	1	0.998484	0.943432	1
-0.00279773	-0.399021	0.68988	0.68988	1	1	1	0.999936	0.970739	1
-0.00320466	-0.45185	0.65138	0.65138	1	1	1	0.99867	0.851805	1
-0.00633482	-0.884406	0.376484	0.499499	1	1	0.999675	0.988738	0.711136	1
-0.0104864	-1.47438	0.14039	0.260763	1	1	0.923595	0.860068	0.477327	1
-0.00668082	-0.900761	0.367723	0.367723	1	1	0.999587	0.995918	0.879521	1
-0.00287485	-0.393759	0.693761	0.711089	1	1	1	0.998835	0.830968	1
0.00411387	0.582675	0.560116	0.560116	1	1	0.999999	0.99883	0.865634	1
0.00252367	0.358779	0.719763	0.719763	1	1	1	0.999989	0.988779	1
0.00200774	0.275208	0.783159	0.846351	1	1	1	0.996492	0.798279	1
0.000138414	0.0188544	0.984957	0.988176	1	1	1	0.999544	0.984957	1
-0.000245283	-0.0324496	0.974114	0.975333	1	1	1	0.998894	0.974114	1
-0.00158236	-0.206045	0.836757	0.88969	1	1	1	0.999871	0.942682	1
-0.00836158	-1.22948	0.218903	0.294454	1	1	0.985004	0.948423	0.533156	1
-0.00309368	-0.453672	0.650068	0.747352	1	1	1	0.998164	0.775844	1
0.00438915	0.597456	0.550207	0.60063	1	1	0.999999	0.994751	0.719502	1
0.000314128	0.0425678	0.966046	0.966046	1	1	1	0.999951	0.966046	1
-0.00225493	-0.331263	0.740448	0.740448	1	1	1	0.999962	0.973313	1
-0.000286379	-0.0418651	0.966607	0.97123	1	1	1	0.999629	0.966607	1
0.00337137	0.440079	0.659883	0.715157	1	1	1	0.992863	0.774073	1
0.00697933	0.934055	0.350283	0.377035	1	1	0.999345	0.991291	0.729197	1
-0.00186881	-0.258053	0.796367	0.796367	1	1	1	0.999233	0.904211	1
-0.00599245	-0.799447	0.424037	0.551808	1	1	0.999916	0.988832	0.720863	1
0.00179912	0.242215	0.808616	0.808616	1	1	1	0.999998	0.972208	1
0.0089627	1.20985	0.226346	0.278866	1	1	0.987256	0.954021	0.616193	1
0.00632672	0.834843	0.403812	0.403812	1	1	0.999848	0.996618	0.742152	1
0.00766568	0.978074	0.328045	0.479277	1	1	0.998839	0.981233	0.631128	1
0.0107097	1.43513	0.151261	0.224142	1	1	0.938459	0.881405	0.514286	1
0.00254892	0.331045	0.740613	0.780159	1	1	1	0.994518	0.839361	1
-0.00163568	-0.219218	0.826482	0.837925	1	1	1	0.999746	0.936679	1
0.00227002	0.302051	0.762615	0.812253	1	1	1	0.994369	0.779365	1
-0.00384659	-0.58371	0.55942	0.612742	1	1	0.999999	0.99858	0.880896	1
0.00412961	0.645174	0.51882	0.649794	1	1	0.999996	0.997126	0.771886	1
-0.00894111	-1.22705	0.219815	0.219815	1	1	0.985298	0.969042	0.795656	1
-0.00709683	-0.981608	0.326301	0.498329	1	1	0.998787	0.98711	0.584785	1
0.00879579	1.18596	0.235647	0.235647	1	1	0.989625	0.969604	0.735304	1
0.00386644	0.507306	0.611944	0.646422	1	1	1	0.99831	0.800234	1
-0.00339198	-0.445473	0.655981	0.655981	1	1	1	0.998568	0.82318	1
-0.00726788	-0.940452	0.346993	0.454789	1	1	0.999286	0.992229	0.651237	1
-0.00496654	-0.682544	0.4949	0.4949	1	1	0.999991	0.998919	0.983558	1
-0.00866078	-1.1825	0.237015	0.237015	1	1	0.989936	0.961078	0.671543	1
-0.000160589	-0.021467	0.982873	0.982873	1	1	1	0.999976	0.982873	1
0.00495446	0.653289	0.513575	0.513575	1	1	0.999995	0.999639	0.932385	1
0.0052743	0.701031	0.483289	0.483289	1	1	0.999987	0.999299	0.851116	1
0.00107595	0.140306	0.888419	0.902394	1	1	1	0.999778	0.938485	1
0.00291739	0.406208	0.684593	0.684593	1	1	1	0.998901	0.866622	1
0.00374265	0.518844	0.603873	0.603873	1	1	1	0.999568	0.9436	1
0.00262655	0.360938	0.718148	0.718935	1	1	1	0.998343	0.841442	1
0.000685019	0.0950231	0.924297	0.924297	1	1	1	0.998778	0.974125	1
0.00803297	1.09488	0.273579	0.273579	1	1	0.995633	0.984316	0.930168	1
0.0125538	1.7017	0.0888225	0.0888225	1	1	0.794292	0.728079	0.377495	1
0.0102737	1.38761	0.165265	0.165265	1	1	0.953621	0.920259	0.669236	1
0.0163349	2.21897	0.0264962	0.0617756	0.450435	0.370947	0.36651	0.313363	0.112609	0.387324
0.00808804	1.07582	0.282016	0.282016	1	1	0.996419	0.973863	0.615021	1
0.00644685	0.86499	0.387051	0.496223	1	1	0.999757	0.992514	0.737925	1
-0.00683836	-0.969035	0.332536	0.397418	1	1	0.998964	0.992696	0.797967	1
-0.00579216	-0.82451	0.409657	0.409657	1	1	0.999872	0.999099	0.907895	1
0.00218435	0.294861	0.768102	0.772956	1	1	1	0.999073	0.805886	1
0.000489082	0.0659327	0.947432	0.951194	1	1	1	0.999698	0.973952	1
-0.00665269	-0.903975	0.366016	0.366016	1	1	0.999568	0.995784	0.913288	1
-0.0071514	-0.951977	0.341116	0.416031	1	1	0.999169	0.993306	0.785811	1
7.94171e-05	0.0104309	0.991678	0.991678	1	1	1	0.99989	0.991678	1
0.00207759	0.275744	0.782746	0.782746	1	1	1	0.999811	0.887112	1
0.00199023	0.262573	0.792881	0.792881	1	1	1	0.999786	0.938487	1
0.00448307	0.600147	0.548413	0.627462	1	1	0.999999	0.99827	0.859422	1
-0.00440999	-0.639186	0.522706	0.522706	1	1	0.999997	0.999386	0.953963	1
-0.0039188	-0.57315	0.566547	0.576766	1	1	0.999999	0.999108	0.8748	1
-0.00452984	-0.616024	0.537883	0.537883	1	1	0.999998	0.999569	0.903358	1
-0.00403215	-0.557116	0.577452	0.577452	1	1	1	0.998719	0.835478	1
0.00749171	1.03515	0.300606	0.302759	1	1	0.997708	0.99042	0.868073	1
0.010142	1.39094	0.164254	0.322268	1	1	0.952657	0.906875	0.544273	1
-0.00389881	-0.614066	0.539176	0.539176	1	1	0.999998	0.999801	0.881051	1
0.00737431	1.06772	0.285655	0.371831	1	1	0.996716	0.975283	0.658087	1
0.00797111	1.06568	0.286577	0.499499	1	1	0.996787	0.957837	0.541312	1
0.00543056	0.712382	0.476234	0.499499	1	1	0.999983	0.997034	0.899552	1
0.00304763	0.419739	0.674679	0.674679	1	1	1	0.999959	0.991597	1
0.0168725	2.34001	0.0192899	0.0471187	0.327927	0.289348	0.281889	0.253362	0.109309	0.375975
0.0198073	2.57462	0.0100398	0.0510856	0.170677	0.150598	0.157633	0.140461	0.0568924	0.195684
0.010307	1.32739	0.184389	0.377327	1	1	0.968724	0.929323	0.554856	1
-0.0163344	-2.18171	0.0291383	0.181502	0.495352	0.466213	0.395112	0.376958	0.247676	0.851894
-0.00430011	-0.568879	0.569442	0.656933	1	1	0.999999	0.998819	0.818331	1
-0.00520581	-0.769823	0.441411	0.441411	1	1	0.99995	0.998348	0.90653	1
-0.0053435	-0.766179	0.443576	0.565168	1	1	0.999953	0.987621	0.58006	1
0.00162751	0.231509	0.816921	0.816921	1	1	1	0.999235	0.903752	1
-0.00517406	-0.72522	0.468323	0.499499	1	1	0.999978	0.996958	0.828787	1
-0.0123481	-1.69008	0.0910236	0.15832	1	1	0.802579	0.76106	0.46073	1
-0.00819773	-1.10673	0.268417	0.276658	1	1	0.995074	0.982804	0.766985	1
-0.00477408	-0.624831	0.532086	0.532086	1	1	0.999998	0.999679	0.83419	1
0.00554096	0.721064	0.470876	0.508902	1	1	0.99998	0.997021	0.746108	1
-0.0125419	-1.62621	0.103915	0.26124	1	1	0.845142	0.75982	0.3305	1
-0.0048243	-0.62349	0.532967	0.572139	1	1	0.999998	0.995834	0.823676	1
-0.00285783	-0.387908	0.698087	0.745158	1	1	1	0.999148	0.912883	1
-0.00689099	-0.93877	0.347856	0.359362	1	1	0.999302	0.996089	0.921801	1
0.0108584	1.39101	0.164231	0.164231	1	1	0.952634	0.918866	0.639214	1
0.00345328	0.445423	0.656017	0.686043	1	1	1	0.997461	0.754128	1
-0.00410745	-0.538216	0.590432	0.590432	1	1	1	0.999817	0.942554	1
-0.0120578	-1.58762	0.112383	0.294083	1	1	0.868223	0.811565	0.477626	1
0.00159746	0.224369	0.822472	0.822472	1	1	1	0.999902	0.941624	1
0.0105204	1.44179	0.149372	0.149372	1	1	0.936089	0.896162	0.592318	1
0.0120543	1.59107	0.111603	0.323253	1	1	0.866242	0.785271	0.368499	1
0.0209194	2.77042	0.00560179	0.0574196	0.0952304	0.0896286	0.0910799	0.0859597	0.039998	0.137575
-0.00573735	-0.776026	0.43774	0.530793	1	1	0.999944	0.990386	0.676507	1
0.00760538	1.02802	0.303946	0.393826	1	1	0.997887	0.981419	0.738156	1
-0.00539852	-0.720026	0.471515	0.562474	1	1	0.99998	0.993915	0.701761	1
-0.0173964	-2.3087	0.0209668	0.0495281	0.356436	0.314502	0.302481	0.272285	0.118812	0.40866
0.00428553	0.565666	0.571625	0.624794	1	1	0.999999	0.994837	0.734962	1
-5.41067e-05	-0.00720341	0.994253	0.99494	1	1	1	0.999994	0.994253	1
0.0174978	2.4408	0.0146603	0.0440196	0.249225	0.23694	0.222032	0.212276	0.124613	0.428612
0.00588717	0.830765	0.406113	0.423402	1	1	0.999858	0.998075	0.793379	1
0.00754774	1.06526	0.286768	0.398154	1	1	0.996802	0.97422	0.609383	1
-0.00502924	-0.714778	0.474752	0.495889	1	1	0.999982	0.998402	0.874301	1
-0.0092722	-1.19632	0.23158	0.499499	1	1	0.988645	0.915299	0.437429	1
-0.00807587	-1.03161	0.302261	0.30427	1	1	0.997798	0.986686	0.758431	1
-0.0146102	-1.86818	0.061747	0.318168	1	0.740965	0.661593	0.534586	0.17495	0.60175
-0.0105137	-1.33987	0.180298	0.364521	1	1	0.965947	0.924573	0.506535	1
-0.0110091	-1.42389	0.154489	0.154489	1	1	0.94232	0.904574	0.501014	1
-0.0105103	-1.37007	0.170675	0.403558	1	1	0.958474	0.912215	0.506292	1
0.00491803	0.632351	0.527163	0.527163	1	1	0.999997	0.998819	0.777535	1
0.00114181	0.148693	0.881797	0.881797	1	1	1	0.999961	0.962237	1
0.0126653	1.73567	0.0826318	0.191063	1	1	0.769196	0.724388	0.351185	1
0.0139015	1.82444	0.068096	0.0902938	1	1	0.698484	0.65281	0.350353	1
0.00532748	0.787118	0.431219	0.499499	1	1	0.999932	0.994317	0.737056	1
0.00973665	1.4894	0.136392	0.244472	1	1	0.917324	0.889147	0.513037	1
0.0143858	2.03749	0.0416099	0.0545847	0.707368	0.707368	0.514466	0.514466	0.390035	1
0.0149297	2.29239	0.0218901	0.105464	0.372132	0.328352	0.31358	0.282512	0.124044	0.426656
0.0093749	1.2017	0.229489	0.375752	1	1	0.988108	0.960382	0.55733	1
-0.00459542	-0.587448	0.556907	0.556907	1	1	0.999999	0.999058	0.946742	1
-0.00705715	-0.968123	0.332991	0.523982	1	1	0.998976	0.962131	0.566084	1
-0.00604195	-0.849225	0.395763	0.499499	1	1	0.999809	0.992304	0.741859	1
-0.00268542	-0.351696	0.725069	0.819621	1	1	1	0.979219	0.821745	1
0.00926328	1.25747	0.208594	0.342313	1	1	0.981259	0.923723	0.465795	1
-0.00657535	-0.906917	0.364458	0.540485	1	1	0.99955	0.974624	0.619579	1
-0.018517	-2.62729	0.00861099	0.0272255	0.146387	0.137776	0.136724	0.129226	0.0731934	0.251753
-0.00205732	-0.287365	0.773835	0.773835	1	1	1	0.99999	0.967519	1
-0.0157103	-2.12064	0.0339603	0.0858894	0.577325	0.543365	0.444205	0.424666	0.288662	0.992869
0.00556135	0.7966	0.425689	0.499499	1	1	0.99992	0.993203	0.710842	1
-0.00226382	-0.311902	0.755117	0.755117	1	1	1	0.999987	0.988434	1
0.00519339	0.769965	0.441327	0.441327	1	1	0.99995	0.999076	0.985333	1
-0.00406792	-0.576523	0.564266	0.564266	1	1	0.999999	0.999969	0.901456	1
0.0162147	2.23034	0.025732	0.104776	0.437444	0.38598	0.358002	0.323642	0.145815	0.501537
0.00275966	0.365084	0.715051	0.777724	1	1	1	0.998121	0.892508	1
0.015162	2.196	0.0280992	0.042858	0.477686	0.393388	0.384011	0.329023	0.0997653	0.343148
0.0139736	2.02953	0.0424126	0.19931	0.721013	0.636188	0.521333	0.477993	0.174785	0.601184
0.00896909	1.45484	0.145725	0.263962	1	1	0.931268	0.889753	0.439468	1
0.00652706	0.994293	0.320088	0.487907	1	1	0.998582	0.979876	0.629127	1
0.0103884	1.5379	0.124082	0.217827	1	1	0.894834	0.843511	0.527351	1
0.0120538	1.70889	0.0874817	0.0874817	1	1	0.789085	0.695813	0.297438	1
0.00439283	0.624217	0.53249	0.75766	1	1	0.999998	0.952229	0.646595	1
0.00652514	0.904727	0.365617	0.499499	1	1	0.999564	0.98336	0.69061	1
0.00592514	0.851606	0.39444	0.53691	1	1	0.999802	0.979772	0.609588	1
-0.00369024	-0.502165	0.615555	0.753197	1	1	1	0.998759	0.951313	1
0.0066231	0.906409	0.364727	0.495018	1	1	0.999553	0.989295	0.698355	1
0.00704045	0.947112	0.343589	0.343589	1	1	0.99922	0.993601	0.930463	1
0.00452719	0.637151	0.524031	0.524031	1	1	0.999997	0.998746	0.74874	1
-0.00136094	-0.189631	0.8496	0.908275	1	1	1	0.985623	0.901562	1
-0.0101434	-1.32781	0.18425	0.185384	1	1	0.968633	0.952864	0.845185	1
-0.00864834	-1.15772	0.246987	0.246987	1	1	0.991953	0.989313	0.99958	1
-0.0123719	-1.78251	0.0746759	0.206035	1	1	0.732702	0.687818	0.340764	1
-0.0062089	-0.899921	0.368169	0.499499	1	1	0.999592	0.983953	0.62711	1
0.0092368	1.37655	0.16866	0.246147	1	1	0.956725	0.924682	0.683991	1
0.00685682	0.928597	0.353105	0.353105	1	1	0.999392	0.991698	0.857542	1
0.00454059	0.642356	0.520647	0.520647	1	1	0.999996	0.999838	0.971268	1
-2.35285e-05	-0.00326992	0.997391	0.998064	1	1	1	0.99999	0.997391	1
0.00236482	0.306235	0.759428	0.759428	1	1	1	0.999979	0.968273	1
0.0106187	1.37267	0.169865	0.231217	1	1	0.957779	0.920731	0.577541	1
0.00315682	0.417886	0.676033	0.676033	1	1	1	0.999961	0.990985	1
0.00168291	0.218704	0.826882	0.826882	1	1	1	0.999973	0.991541	1
-0.00373585	-0.486666	0.626498	0.626498	1	1	1	0.999859	0.874159	1
0.0032993	0.428823	0.668055	0.668055	1	1	1	0.999539	0.946411	1
0.00235889	0.30462	0.760658	0.81271	1	1	1	0.994572	0.847238	1
-0.00165857	-0.218626	0.826943	0.826943	1	1	1	0.99977	0.937202	1
-0.00389937	-0.505234	0.613398	0.670465	1	1	1	0.995871	0.70248	1
-0.0154789	-2.00705	0.0447531	0.0516928	0.760803	0.71605	0.540838	0.519327	0.380402	1
-0.0113409	-1.46054	0.144152	0.389718	1	1	0.929084	0.867823	0.424244	1
-0.000809082	-0.107815	0.914143	0.914143	1	1	1	0.999835	0.971277	1
0.00357678	0.463134	0.643271	0.723397	1	1	1	0.997939	0.834474	1
0.0104172	1.35337	0.175948	0.175948	1	1	0.962741	0.9192	0.598223	1
0.00383662	0.497892	0.618564	0.618564	1	1	1	0.999906	0.879956	1
0.000385527	0.0502541	0.95992	0.95992	1	1	1	0.999772	0.95992	1
-0.00650267	-0.837268	0.402448	0.402448	1	1	0.999842	0.997927	0.889026	1
-0.0145144	-1.93307	0.0532369	0.0532369	0.905027	0.85179	0.605449	0.583264	0.32559	1
-0.00394189	-0.520891	0.602447	0.602447	1	1	1	0.998816	0.853466	1
0.0051413	0.690955	0.489599	0.602087	1	1	0.999989	0.995394	0.832318	1
-0.0140889	-1.86379	0.0623605	0.0623605	1	1	0.665335	0.665335	0.608321	1
-0.00891265	-1.20334	0.228853	0.361858	1	1	0.987941	0.973702	0.673984	1
-0.00581185	-0.773213	0.439402	0.439402	1	1	0.999947	0.999037	0.953065	1
0.000499757	0.0657108	0.947608	0.954108	1	1	1	0.999682	0.947608	1
-0.00913571	-1.19173	0.233375	0.458751	1	1	0.989088	0.958791	0.524	1
-0.000125276	-0.0166722	0.986698	0.986698	1	1	1	0.999976	0.986698	1
-0.00689349	-0.951424	0.341397	0.341397	1	1	0.999175	0.99334	0.903828	1
0.00162333	0.220724	0.825309	0.825309	1	1	1	0.999069	0.870863	1
0.0042845	0.576658	0.564175	0.564175	1	1	0.999999	0.999263	0.931577	1
-0.00319918	-0.444885	0.656406	0.778169	1	1	1	0.998355	0.841627	1
0.00686644	0.881596	0.378002	0.378002	1	1	0.999688	0.996647	0.900925	1
-0.0102638	-1.41245	0.157828	0.316342	1	1	0.946072	0.909715	0.544327	1
-0.000126086	-0.017041	0.986404	0.986621	1	1	1	0.999929	0.986404	1
0.00420269	0.568566	0.569655	0.615504	1	1	0.999999	0.996815	0.799185	1
-0.0107547	-1.4538	0.146013	0.198148	1	1	0.93166	0.87151	0.490269	1
-0.00528303	-0.715197	0.474493	0.544915	1	1	0.999982	0.993131	0.672198	1
-0.00284259	-0.379002	0.704689	0.791605	1	1	1	0.981722	0.798647	1
-0.00304686	-0.419693	0.674712	0.731681	1	1	1	0.998599	0.819294	1
-0.00190872	-0.26067	0.794349	0.794349	1	1	1	0.999946	0.980739	1
0.00577372	0.811992	0.416802	0.555901	1	1	0.999896	0.985025	0.616555	1
-0.00637656	-0.841098	0.4003	0.4003	1	1	0.999832	0.999533	0.989962	1
-0.00430292	-0.594184	0.552393	0.675713	1	1	0.999999	0.989961	0.659129	1
0.00187704	0.253403	0.799959	0.850987	1	1	1	0.999232	0.921216	1
0.00108107	0.147723	0.882562	0.904742	1	1	1	0.997048	0.882562	1
0.018429	2.37322	0.01764	0.113715	0.29988	0.29988	0.261073	0.261073	0.29988	1
-0.00677451	-0.94356	0.345402	0.51349	1	1	0.999256	0.979254	0.587183	1
-0.00850058	-1.14806	0.250952	0.250952	1	1	0.992644	0.982496	0.773868	1
0.00610149	0.870791	0.383875	0.472978	1	1	0.999734	0.996324	0.779305	1
-0.0178763	-2.4294	0.0151297	0.060008	0.257204	0.257204	0.228308	0.228308	0.257204	0.884667
-0.00455128	-0.604684	0.545394	0.545394	1	1	0.999998	0.998343	0.721238	1
-0.000974251	-0.129739	0.896774	0.936533	1	1	1	0.998748	0.906343	1
0.00915573	1.22036	0.222339	0.222339	1	1	0.986087	0.961957	0.755953	1
-0.00211867	-0.277342	0.78152	0.800647	1	1	1	0.999421	0.935721	1
-0.00671183	-0.907038	0.364394	0.515356	1	1	0.999549	0.97824	0.61947	1
0.00254934	0.334865	0.737729	0.749302	1	1	1	0.999372	0.895814	1
-0.0041776	-0.574002	0.56597	0.691059	1	1	0.999999	0.987665	0.707486	1
0.00181063	0.236513	0.813036	0.819341	1	1	1	0.998778	0.981509	1
-0.00755866	-1.01069	0.312175	0.499499	1	1	0.998274	0.965541	0.586934	1
-0.00318678	-0.426646	0.66964	0.765186	1	1	1	0.999433	0.875683	1
-0.00176246	-0.23723	0.81248	0.81248	1	1	1	0.999998	0.923439	1
-0.00209326	-0.282301	0.777714	0.84493	1	1	1	0.988803	0.826321	1
-0.000510527	-0.0687403	0.945197	0.970299	1	1	1	0.991124	0.945197	1
0.0033798	0.513787	0.607404	0.611988	1	1	1	0.998005	0.702521	1
-0.0102064	-1.38103	0.167281	0.319781	1	1	0.955488	0.907428	0.551538	1
-0.00647052	-0.87873	0.379555	0.52518	1	1	0.999701	0.979391	0.510451	1
-0.00679829	-0.918857	0.358178	0.421955	1	1	0.999468	0.993337	0.745676	1
0.000535541	0.0735466	0.941372	0.941372	1	1	1	1	0.965553	1
-0.0102611	-1.46949	0.14171	0.239891	1	1	0.925565	0.913275	0.710423	1
-0.00423266	-0.583197	0.559765	0.559765	1	1	0.999999	0.998798	0.802958	1
-0.00416273	-0.57444	0.565674	0.60177	1	1	0.999999	0.998734	0.947409	1
-0.00531958	-0.723936	0.469111	0.499499	1	1	0.999979	0.99665	0.886098	1
0.00366096	0.517089	0.605098	0.755749	1	1	1	0.998502	0.761092	1
-0.000496568	-0.0665896	0.946909	0.946909	1	1	1	0.99842	0.946909	1
-0.00455426	-0.623571	0.532914	0.699259	1	1	0.999998	0.977768	0.659173	1
0.00544889	0.769144	0.441814	0.521811	1	1	0.99995	0.993863	0.682803	1
0.00434776	0.65753	0.510845	0.510845	1	1	0.999995	0.998613	0.797232	1
0.00101096	0.152868	0.878503	0.878503	1	1	1	0.999941	0.935529	1
-0.00343795	-0.457996	0.646959	0.646959	1	1	1	0.999726	0.897008	1
0.000691797	0.101354	0.91927	0.928855	1	1	1	0.995534	0.976725	1
-0.0099537	-1.54046	0.123458	0.123458	1	1	0.893553	0.893553	0.727673	1
-0.00807442	-0.886232	0.375502	0.499499	1	1	0.999666	0.990842	0.704942	1
-0.00977921	-1.06934	0.284928	0.284928	1	1	0.996658	0.98722	0.880544	1
-0.00506735	-0.549	0.583011	0.720669	1	1	1	0.968362	0.660746	1
-0.00921239	-0.99795	0.318314	0.425802	1	1	0.998518	0.985228	0.641708	1
0.00809697	0.882107	0.377728	0.461279	1	1	0.999685	0.991294	0.791072	1
0.00585835	0.632609	0.526995	0.526995	1	1	0.999997	0.999439	0.887325	1
0.0129759	1.42154	0.155173	0.155173	1	1	0.943108	0.905648	0.659485	1
-0.00513849	-0.559039	0.576141	0.596332	1	1	1	0.998958	0.857461	1
-0.0039363	-0.428373	0.668384	0.757503	1	1	1	0.991094	0.757502	1
-0.00187839	-0.204318	0.838107	0.858352	1	1	1	0.996646	0.890488	1
0.0041686	0.45384	0.649948	0.649948	1	1	1	0.999185	0.861603	1
-0.00143867	-0.156247	0.875839	0.889172	1	1	1	0.999537	0.942127	1
0.011668	1.26667	0.205287	0.205287	1	1	0.979883	0.968147	0.840789	1
-0.00204438	-0.223305	0.8233	0.8233	1	1	1	0.999634	0.913876	1
-0.00662196	-0.716991	0.473387	0.501735	1	1	0.999982	0.998262	0.804757	1
0.00195561	0.214166	0.830419	0.830419	1	1	1	0.99986	0.995338	1
0.00109486	0.120466	0.904115	0.935945	1	1	1	0.999464	0.94729	1
-0.00553417	-0.604687	0.545393	0.545393	1	1	0.999998	0.999171	0.927416	1
0.0040079	0.435806	0.662982	0.662982	1	1	1	0.999944	0.988065	1
0.00267756	0.29035	0.771551	0.771551	1	1	1	0.999858	0.961005	1
0.0118862	1.28487	0.198852	0.297653	1	1	0.976926	0.955127	0.656957	1
-0.00359867	-0.390387	0.696254	0.810143	1	1	1	0.997414	0.875842	1
0.00310422	0.337571	0.73569	0.73569	1	1	1	0.999474	0.849906	1
-0.00040657	-0.044033	0.964878	0.964878	1	1	1	0.999936	0.964878	1
0.00276977	0.299717	0.764395	0.810237	1	1	1	0.999658	0.8842	1
-0.00678592	-0.742681	0.457682	0.646321	1	1	0.99997	0.97456	0.648383	1
-0.0113404	-1.2299	0.218746	0.329	1	1	0.984953	0.948298	0.619782	1
0.00103951	0.11482	0.908589	0.908589	1	1	1	0.999951	0.968056	1
0.0116368	1.27013	0.20405	0.20405	1	1	0.979343	0.93534	0.57814	1
-0.0156685	-1.70836	0.0875831	0.194836	1	1	0.789483	0.674334	0.248152	0.853533
-0.00690724	-0.750257	0.453108	0.617317	1	1	0.999965	0.991998	0.660906	1
-0.0106206	-1.15305	0.2489	0.512174	1	1	0.992293	0.910135	0.384664	1
0.0129997	1.41477	0.157148	0.218505	1	1	0.945327	0.935134	0.826446	1
0.00372775	0.403537	0.686557	0.686557	1	1	1	0.999523	0.854373	1
0.00280618	0.306115	0.75952	0.75952	1	1	1	0.999899	0.922274	1
-0.00793301	-0.860156	0.389712	0.474901	1	1	0.999774	0.9943	0.765894	1
0.00970647	1.05589	0.291029	0.291029	1	1	0.997111	0.983873	0.726866	1
-0.010975	-1.21035	0.226155	0.442922	1	1	0.987203	0.940407	0.534437	1
-0.0128325	-1.39113	0.164201	0.378027	1	1	0.952605	0.902876	0.520214	1
-0.00505367	-0.554787	0.579046	0.579046	1	1	1	0.99944	0.974704	1
-0.00148243	-0.160306	0.872641	0.902672	1	1	1	0.999535	0.872641	1
-0.0037442	-0.405444	0.685155	0.685155	1	1	1	0.999945	0.982399	1
0.0126605	1.36513	0.172225	0.172225	1	1	0.959774	0.941294	0.775704	1
-0.0128796	-1.41709	0.156471	0.156471	1	1	0.944576	0.922107	0.839929	1
0.017999	1.97838	0.047898	0.0638071	0.814266	0.766368	0.565871	0.544031	0.253661	0.872482
0.0138906	1.5106	0.130904	0.132907	1	1	0.907923	0.895774	0.607306	1
-0.00441255	-0.479572	0.631536	0.631536	1	1	1	0.99966	0.999844	1
-0.00927169	-1.00431	0.315239	0.324303	1	1	0.9984	0.989372	0.8576	1
-0.0161413	-1.75657	0.0790045	0.0790045	1	1	0.753182	0.732009	0.671538	1
0.0132516	1.43055	0.152573	0.176633	1	1	0.940057	0.930112	0.639594	1
0.0109635	1.18809	0.234808	0.355765	1	1	0.98943	0.969167	0.702617	1
0.0030826	0.331917	0.739955	0.838658	1	1	1	0.997968	0.881238	1
-0.0148213	-1.63051	0.103007	0.171425	1	1	0.84245	0.820353	0.583704	1
0.0200023	2.17992	0.0292736	0.0292736	0.497652	0.497652	0.396543	0.396543	0.303922	1
-0.00717325	-0.781862	0.434304	0.576568	1	1	0.999938	0.989513	0.738316	1
0.0021625	0.237991	0.81189	0.840914	1	1	1	0.999037	0.83368	1
-0.00756167	-0.825367	0.409172	0.499499	1	1	0.99987	0.993407	0.772881	1
0.00357921	0.397298	0.691152	0.691152	1	1	1	0.999766	0.839256	1
-0.00892143	-0.967018	0.333545	0.488069	1	1	0.998991	0.982713	0.654163	1
0.005348	0.579332	0.562371	0.562371	1	1	0.999999	0.999147	0.869119	1
0.00717496	0.780343	0.435197	0.505266	1	1	0.999939	0.993546	0.739835	1
0.000739928	0.0806232	0.935742	0.935742	1	1	1	0.999506	0.979487	1
-0.00749064	-0.822394	0.410861	0.472858	1	1	0.999876	0.997032	0.802915	1
0.00892407	0.964803	0.334654	0.334654	1	1	0.999019	0.994992	0.803829	1
-0.00514558	-0.560502	0.575143	0.657877	1	1	1	0.997501	0.813808	1
-0.0106846	-1.16774	0.242925	0.242925	1	1	0.991182	0.988353	0.912174	1
0.0115217	1.25165	0.210711	0.453147	1	1	0.982093	0.941543	0.490906	1
0.00198056	0.216397	0.82868	0.82868	1	1	1	0.999771	0.893454	1
-0.0108591	-1.18068	0.237742	0.453359	1	1	0.990098	0.94952	0.540164	1
-0.00305973	-0.333757	0.738566	0.738566	1	1	1	0.999528	0.821639	1
0.00268369	0.295624	0.76752	0.76752	1	1	1	0.99998	0.920764	1
-0.00425525	-0.460869	0.644897	0.644897	1	1	1	0.999917	0.994284	1
0.00479033	0.52008	0.603013	0.603013	1	1	1	0.99978	0.854268	1
0.00163101	0.177863	0.858832	0.8611	1	1	1	0.999321	0.912509	1
0.00577712	0.62938	0.529106	0.573009	1	1	0.999997	0.997582	0.787087	1
0.0145419	1.58435	0.113128	0.221401	1	1	0.870093	0.791037	0.384637	1
0.0167886	1.81536	0.0694818	0.124134	1	1	0.706017	0.706017	0.498831	1
0.0103984	1.14028	0.254181	0.254181	1	1	0.993164	0.987711	0.914198	1
0.00312553	0.346738	0.728791	0.728791	1	1	1	0.999971	0.963588	1
-0.00730687	-0.786215	0.43175	0.499499	1	1	0.999933	0.993822	0.815527	1
-0.0027855	-0.304728	0.760576	0.760576	1	1	1	0.999927	0.923557	1
-0.0160213	-1.73115	0.0834391	0.0834391	1	1	0.772625	0.751926	0.709232	1
0.0123319	1.34304	0.179274	0.296609	1	1	0.965217	0.92588	0.609531	1
0.00452827	0.491165	0.623315	0.666556	1	1	1	0.99803	0.795661	1
-0.00151963	-0.165802	0.868314	0.868314	1	1	1	0.999977	0.953563	1
-0.00697344	-0.750797	0.452783	0.550309	1	1	0.999965	0.99196	0.76973	1
0.00959241	1.03795	0.299303	0.299303	1	1	0.997634	0.995181	0.933063	1
-0.00257702	-0.280486	0.779107	0.779107	1	1	1	0.999795	0.914692	1
-0.0126495	-1.3863	0.16567	0.285926	1	1	0.954001	0.93392	0.653804	1
-0.00275868	-0.300974	0.763437	0.763437	1	1	1	0.999987	0.931171	1
0.0102253	1.11754	0.263776	0.337735	1	1	0.994515	0.981331	0.698568	1
-0.00570582	-0.640889	0.521601	0.604512	1	1	0.999996	0.997256	0.825253	1
0.00448446	0.495534	0.620228	0.620228	1	1	1	0.999938	0.936671	1
0.00371849	0.41416	0.678761	0.717103	1	1	1	0.998194	0.810844	1
0.00805233	0.877315	0.380325	0.519402	1	1	0.999707	0.981426	0.587982	1
-0.00660613	-0.721035	0.470895	0.470895	1	1	0.99998	0.999231	0.871072	1
-0.0106749	-1.16306	0.244819	0.244819	1	1	0.99155	0.974019	0.738943	1
-0.0122142	-1.33296	0.182559	0.235003	1	1	0.96751	0.928469	0.620702	1
0.00427482	0.46259	0.643663	0.782651	1	1	1	0.998902	0.841002	1
-0.0108529	-1.21147	0.225727	0.344742	1	1	0.987082	0.97217	0.719586	1
0.011623	1.27581	0.202036	0.202036	1	1	0.978437	0.972977	0.924126	1
0.00613305	0.669945	0.5029	0.5029	1	1	0.999993	0.999772	0.887052	1
0.0047715	0.529228	0.596653	0.596653	1	1	1	0.999717	0.95662	1
-0.0103854	-1.13326	0.257118	0.374011	1	1	0.993608	0.979013	0.735428	1
0.00868334	0.96007	0.33703	0.421063	1	1	0.999077	0.986752	0.716189	1
-0.0098581	-1.07241	0.283547	0.454832	1	1	0.996547	0.987677	0.572821	1
-0.0124976	-1.36399	0.172584	0.172584	1	1	0.96007	0.941675	0.977978	1
0.0128091	1.38995	0.164558	0.304286	1	1	0.952948	0.903415	0.435234	1
-0.00346576	-0.376459	0.706579	0.706579	1	1	1	0.999962	0.91621	1
-0.0050804	-0.549768	0.582484	0.582484	1	1	1	0.999839	0.974399	1
0.00194479	0.210062	0.833621	0.833621	1	1	1	0.999901	0.928807	1
-0.01187	-1.28239	0.199718	0.199718	1	1	0.977347	0.964629	0.847063	1
-0.000819662	-0.0886138	0.92939	0.92939	1	1	1	0.999918	0.92939	1
0.00225426	0.246174	0.80555	0.80555	1	1	1	0.999992	0.926693	1
0.00240929	0.262678	0.792801	0.792801	1	1	1	0.999942	0.939255	1
-0.00859311	-0.931568	0.35157	0.35157	1	1	0.999367	0.998494	0.989097	1
0.0029559	0.323345	0.746437	0.757883	1	1	1	0.999137	0.812085	1
-0.000723271	-0.0786317	0.937326	0.937326	1	1	1	0.999969	0.938565	1
0.0080811	0.880399	0.378652	0.499499	1	1	0.999693	0.990242	0.715232	1
0.00382247	0.415339	0.677898	0.677898	1	1	1	0.999881	0.979276	1
0.0200209	2.22539	0.0260647	0.0260647	0.4431	0.4431	0.361719	0.361719	0.442605	1
-0.0215149	-2.40537	0.0161639	0.0161639	0.274786	0.274786	0.241969	0.241969	0.274786	0.94514
-0.0174218	-1.92862	0.0537904	0.0667864	0.914438	0.914438	0.609353	0.609353	0.588934	1
-0.0295293	-3.2081	0.00133799	0.00133799	0.0227459	0.0227459	0.022504	0.022504	0.0227459	0.0782356
0.0185628	2.0278	0.0425923	0.0425923	0.724069	0.724069	0.522858	0.522858	0.474534	1
0.0203299	2.20684	0.027335	0.027335	0.464695	0.43736	0.375725	0.358181	0.18588	0.639344
0.0195615	2.12354	0.0337196	0.0454881	0.573232	0.573232	0.441846	0.441846	0.573232	1
-0.0120249	-1.32533	0.185076	0.185076	1	1	0.969168	0.962166	0.882283	1
0.0214685	2.38872	0.0169151	0.0169151	0.287556	0.287556	0.251748	0.251748	0.287556	0.989064
-0.00685487	-0.745765	0.455817	0.5935	1	1	0.999968	0.989103	0.660947	1
-0.00574771	-0.6225	0.533619	0.533619	1	1	0.999998	0.999059	0.831289	1
-0.0185414	-2.005	0.0449753	0.0449753	0.76458	0.76458	0.542651	0.542651	0.754014	1
0.026054	2.84759	0.00440909	0.00890295	0.0749546	0.0749546	0.0723681	0.0723681	0.0749546	0.25781
-0.00827559	-0.915364	0.36001	0.50228	1	1	0.999493	0.99173	0.612018	1
-0.000276341	-0.0303714	0.975771	0.979891	1	1	1	0.994817	0.975771	1
-0.00174789	-0.189242	0.849905	0.917294	1	1	1	0.999492	0.924101	1
0.00534388	0.602744	0.546685	0.590933	1	1	0.999999	0.995311	0.714896	1
0.00200228	0.218652	0.826923	0.826923	1	1	1	0.999814	0.88044	1
0.00295584	0.330937	0.740695	0.740695	1	1	1	0.999696	0.928815	1
-0.00424793	-0.46194	0.644129	0.644129	1	1	1	0.999988	0.919611	1
0.00258312	0.281186	0.77857	0.849283	1	1	1	0.998706	0.885639	1
0.0062724	0.683767	0.494129	0.494129	1	1	0.999991	0.998903	0.870497	1
0.00735247	0.797567	0.42513	0.42513	1	1	0.999918	0.996058	0.903402	1
0.0026161	0.282534	0.777537	0.777537	1	1	1	0.999615	0.859998	1
-0.00350149	-0.393784	0.693745	0.693745	1	1	1	0.999899	0.913258	1
0.0017713	0.193854	0.846292	0.846292	1	1	1	0.999948	0.905876	1
-0.0121782	-1.321	0.186516	0.186516	1	1	0.970082	0.944424	0.792693	1
0.00248526	0.27315	0.784741	0.784741	1	1	1	0.999997	0.98949	1
3.66685e-05	0.0040187	0.996794	0.996794	1	1	1	1	0.996794	1
-0.00506802	-0.566853	0.57082	0.57082	1	1	0.999999	0.999506	0.935802	1
-0.00540413	-0.593109	0.553114	0.553114	1	1	0.999999	0.999289	0.857387	1
0.00655676	0.708662	0.478542	0.643008	1	1	0.999984	0.981925	0.625785	1
-0.0129048	-1.40769	0.159235	0.174697	1	1	0.947584	0.925849	0.678044	1
-0.00080003	-0.0868735	0.930773	0.930773	1	1	1	0.999932	0.970784	1
0.0186345	2.02473	0.042907	0.192796	0.729419	0.729419	0.525517	0.525517	0.277879	0.955781
0.000810951	0.0886174	0.929387	0.929387	1	1	1	0.999551	0.929387	1
0.00627424	0.684178	0.49387	0.571676	1	1	0.999991	0.995694	0.839579	1
-0.00389855	-0.422592	0.672597	0.672597	1	1	1	0.999816	0.918632	1
-0.0114507	-1.23867	0.215479	0.215479	1	1	0.983846	0.963907	0.732628	1
0.00597199	0.651128	0.514971	0.514971	1	1	0.999995	0.99965	0.87837	1
0.00937066	1.01213	0.311485	0.347385	1	1	0.998244	0.99462	0.882153	1
-0.0127903	-1.38465	0.166173	0.365646	1	1	0.954471	0.864533	0.403564	1
-0.00303529	-0.332723	0.739346	0.739346	1	1	1	0.99982	0.873522	1
-0.00739104	-0.808027	0.419084	0.419084	1	1	0.999902	0.999392	0.976582	1
-0.00132995	-0.146251	0.883724	0.898666	1	1	1	0.9999	0.995732	1
0.000148949	0.0160897	0.987163	0.987163	1	1	1	0.99996	0.987163	1
-0.00349507	-0.376993	0.706182	0.706182	1	1	1	0.999944	0.888929	1
-0.00733105	-0.793874	0.427277	0.532522	1	1	0.999923	0.991748	0.726371	1
-0.0114068	-1.23535	0.216715	0.216715	1	1	0.984273	0.974367	0.843662	1
-0.0089513	-0.975404	0.32937	0.32937	1	1	0.998877	0.996278	0.993964	1
-0.0055048	-0.59467	0.55207	0.55207	1	1	0.999999	0.999787	0.782218	1
0.00975866	1.11377	0.265388	0.393334	1	1	0.994716	0.97296	0.611495	1
-0.0167584	-1.83936	0.0658755	0.0658755	1	0.922257	0.686035	0.614817	0.279971	0.962975
-0.00898365	-0.988237	0.323047	0.499499	1	1	0.998683	0.971918	0.6102	1
-0.0202076	-2.21412	0.0268306	0.0357622	0.45612	0.45612	0.370199	0.370199	0.45612	1
0.00498581	0.541651	0.588065	0.726081	1	1	1	0.988138	0.769007	1
0.00267973	0.291634	0.770569	0.866484	1	1	1	0.996675	0.818279	1
-0.00514975	-0.564963	0.572104	0.623435	1	1	0.999999	0.997239	0.694698	1
-0.0141477	-1.53835	0.123977	0.123977	1	1	0.894619	0.862681	0.531144	1
0.0123535	1.38414	0.166329	0.440494	1	1	0.954616	0.864812	0.397223	1
0.0150381	1.6316	0.102777	0.158887	1	1	0.841765	0.823639	0.494057	1
-0.00210906	-0.227957	0.819682	0.819682	1	1	1	0.999765	0.892726	1
0.003347	0.362272	0.717152	0.717152	1	1	1	0.999836	0.9711	1
2.15714e-05	0.0023823	0.998099	0.998099	1	1	1	0.999854	0.998099	1
0.00508441	0.553074	0.580218	0.580218	1	1	1	0.999463	0.82375	1
-0.0108795	-1.20657	0.227609	0.42521	1	1	0.987605	0.933252	0.48367	1
0.00890502	0.973702	0.330215	0.342213	1	1	0.998901	0.991849	0.877893	1
0.0159888	1.72521	0.0845035	0.0845035	1	1	0.777073	0.777073	0.577185	1
-0.00392757	-0.430367	0.666932	0.666932	1	1	1	0.998901	0.809847	1
-0.0139258	-1.52313	0.12774	0.139521	1	1	0.902054	0.854128	0.542893	1
0.0102845	1.10944	0.267253	0.37199	1	1	0.994939	0.982445	0.758162	1
-0.00844316	-0.91457	0.360427	0.430359	1	1	0.999499	0.995315	0.74739	1
-0.0113172	-1.225	0.220588	0.220588	1	1	0.985544	0.976204	0.918439	1
-0.000769386	-0.0834309	0.93351	0.93351	1	1	1	0.999999	0.99072	1
0.0174104	1.89166	0.0585491	0.0585491	0.995334	0.979466	0.641441	0.635349	0.497667	1
0.0125263	1.3676	0.171451	0.235893	1	1	0.959129	0.950672	0.647026	1
0.00369377	0.401317	0.688191	0.688191	1	1	1	0.999904	0.988084	1
-0.00223412	-0.240712	0.80978	0.80978	1	1	1	0.999912	0.982171	1
0.00573907	0.624237	0.532478	0.532478	1	1	0.999998	0.998933	0.808421	1
0.00202395	0.220382	0.825575	0.847439	1	1	1	0.995742	0.877174	1
0.00775233	0.842132	0.399723	0.4607	1	1	0.999829	0.996354	0.786714	1
-0.00937588	-1.02595	0.304925	0.304925	1	1	0.997937	0.997032	0.937033	1
0.00284661	0.309162	0.757201	0.757201	1	1	1	0.999658	0.903478	1
0.00790017	0.859933	0.389835	0.389835	1	1	0.999775	0.998853	0.898143	1
-0.00733701	-0.797739	0.42503	0.42503	1	1	0.999918	0.99842	0.903189	1
0.00653243	0.711752	0.476626	0.602088	1	1	0.999983	0.989243	0.683187	1
-0.00139101	-0.152653	0.878673	0.878921	1	1	1	0.999966	0.999092	1
-0.00824316	-0.896882	0.369791	0.409428	1	1	0.99961	0.998576	0.795365	1
-0.0151468	-1.63504	0.102055	0.300529	1	1	0.839584	0.801048	0.487992	1
0.00818033	0.884117	0.376642	0.465225	1	1	0.999676	0.991141	0.725528	1
-0.00243787	-0.307234	0.758668	0.758668	1	1	1	0.999974	0.971574	1
0.00137141	0.173672	0.862124	0.891133	1	1	1	0.999639	0.974098	1
-0.00693996	-0.874799	0.38169	0.617338	1	1	0.999718	0.944122	0.540728	1
0.000231286	0.0291315	0.97676	0.97954	1	1	1	0.996852	0.97676	1
0.00945856	1.18967	0.234187	0.315705	1	1	0.989283	0.981726	0.6536	1
-0.00866158	-1.08337	0.278652	0.278652	1	1	0.996123	0.985682	0.916533	1
0.00487495	0.610616	0.541458	0.737178	1	1	0.999998	0.979728	0.708061	1
-0.00412296	-0.516733	0.605347	0.619059	1	1	1	0.99864	0.863052	1
-0.011406	-1.42962	0.152837	0.336124	1	1	0.940373	0.89474	0.441232	1
0.0148347	1.87764	0.0604392	0.0604392	1	0.865079	0.653484	0.589075	0.256866	0.883506
0.00890617	1.12171	0.261993	0.499499	1	1	0.994285	0.935055	0.494875	1
0.00609148	0.767747	0.442644	0.546798	1	1	0.999952	0.988233	0.627078	1
0.00219614	0.274964	0.783346	0.836671	1	1	1	0.999949	0.985164	1
0.00454878	0.578631	0.562842	0.621054	1	1	0.999999	0.996949	0.800187	1
-0.00996504	-1.24915	0.211621	0.211621	1	1	0.982441	0.964166	0.745639	1
0.00347549	0.439016	0.660653	0.689272	1	1	1	0.99852	0.863931	1
0.00861871	1.08681	0.27713	0.452662	1	1	0.995982	0.961041	0.5889	1
0.00207343	0.259356	0.795363	0.7981	1	1	1	0.999122	0.914944	1
0.0115077	1.44507	0.148448	0.148448	1	1	0.934899	0.934899	0.926627	1
0.004141	0.517196	0.605023	0.652383	1	1	1	0.99869	0.71878	1
-0.00226379	-0.28354	0.776765	0.813598	1	1	1	0.999446	0.890678	1
-0.000103453	-0.0129345	0.98968	0.992043	1	1	1	0.999664	0.98968	1
0.000305343	0.0384934	0.969295	0.975389	1	1	1	0.993825	0.969295	1
0.00172626	0.219153	0.826533	0.826533	1	1	1	0.999801	0.885972	1
-0.0074558	-0.945379	0.344473	0.499499	1	1	0.999238	0.977648	0.59387	1
-0.00329275	-0.414353	0.678619	0.75445	1	1	1	0.999219	0.820973	1
0.000124304	0.0156365	0.987524	0.992587	1	1	1	0.987524	0.987524	1
0.0118383	1.50399	0.132594	0.213503	1	1	0.91092	0.863506	0.437651	1
-0.000863715	-0.109231	0.91302	0.91302	1	1	1	0.999995	0.986822	1
-0.00287712	-0.369194	0.711986	0.711986	1	1	1	0.999814	0.964892	1
-0.00967743	-1.21296	0.225155	0.225155	1	1	0.986919	0.978212	0.982828	1
-0.00597976	-0.759011	0.447852	0.499499	1	1	0.999959	0.997316	0.845942	1
0.0114358	1.45948	0.144444	0.289873	1	1	0.929494	0.893687	0.441438	1
0.0077248	0.978635	0.327768	0.415416	1	1	0.998831	0.991484	0.787875	1
-0.00285408	-0.359068	0.719547	0.719547	1	1	1	0.999757	0.978631	1
0.00285983	0.358784	0.719759	0.719759	1	1	1	0.999906	0.910429	1
0.00410292	0.516761	0.605326	0.605326	1	1	1	0.999908	0.991577	1
-3.00797e-05	-0.00381602	0.996955	0.996978	1	1	1	0.999822	0.996955	1
-0.00414036	-0.519576	0.603363	0.712919	1	1	1	0.989696	0.691113	1
-0.00162216	-0.205052	0.837533	0.900734	1	1	1	0.998316	0.837533	1
-0.00728104	-0.909615	0.363033	0.402508	1	1	0.999532	0.99748	0.829876	1
-0.00775834	-0.970496	0.331807	0.472877	1	1	0.998945	0.982707	0.580175	1
-0.000156091	-0.0195746	0.984383	0.985287	1	1	1	0.998546	0.984383	1
-0.0136329	-1.72173	0.0851277	0.0851277	1	1	0.779642	0.759138	0.719179	1
0.0162782	2.05154	0.0402225	0.059795	0.683783	0.643561	0.502378	0.481524	0.341892	1
-0.00305238	-0.382886	0.701807	0.701807	1	1	1	0.999994	0.935291	1
0.00366646	0.45879	0.646388	0.646388	1	1	1	0.999996	0.980506	1
-0.00608671	-0.760664	0.446864	0.577432	1	1	0.999958	0.985269	0.603245	1
-0.00548126	-0.687177	0.491976	0.494409	1	1	0.99999	0.999055	0.937638	1
0.000897894	0.112428	0.910485	0.910485	1	1	1	0.999283	0.957737	1
0.000395405	0.04943	0.960577	0.971165	1	1	1	0.999719	0.960577	1
-0.018007	-2.25644	0.0240503	0.13903	0.408855	0.384805	0.338901	0.32261	0.159672	0.549202
-0.0083163	-1.05336	0.292185	0.336043	1	1	0.99719	0.977658	0.709591	1
0.0101019	1.26756	0.204965	0.343524	1	1	0.979743	0.964206	0.628031	1
-0.00858578	-1.08038	0.279981	0.46336	1	1	0.996243	0.962551	0.594959	1
0.00199989	0.252034	0.801017	0.801017	1	1	1	0.999955	0.876963	1
-0.00315637	-0.398513	0.690255	0.690255	1	1	1	0.999974	0.998188	1
0.000390759	0.0510992	0.959247	0.959247	1	1	1	0.999997	0.998932	1
-0.00339795	-0.430331	0.666958	0.752074	1	1	1	0.998635	0.88988	1
-0.000960112	-0.120693	0.903935	0.931191	1	1	1	0.999113	0.9337	1
-0.00322967	-0.407699	0.683497	0.806028	1	1	1	0.989965	0.829961	1
-0.00228118	-0.288049	0.773311	0.803622	1	1	1	0.996316	0.876419	1
-0.00413297	-0.523902	0.60035	0.60035	1	1	1	0.99989	0.998007	1
-0.00522299	-0.660432	0.508981	0.508981	1	1	0.999994	0.999684	0.764138	1
0.0027789	0.350431	0.726018	0.780984	1	1	1	0.99506	0.82282	1
-0.0023042	-0.293386	0.769229	0.769229	1	1	1	0.999948	0.798907	1
0.0122451	1.54407	0.122583	0.263984	1	1	0.891731	0.826736	0.416781	1
-0.00288468	-0.363157	0.71649	0.71649	1	1	1	0.999481	0.942696	1
-0.00701582	-0.883717	0.376856	0.49479	1	1	0.999678	0.991172	0.651911	1
0.00137433	0.172781	0.862825	0.862825	1	1	1	0.999993	0.956156	1
0.00434166	0.557225	0.577378	0.577378	1	1	1	0.999675	0.982694	1
-0.00325027	-0.405979	0.684761	0.684761	1	1	1	0.999921	0.904347	1
0.00843572	1.06522	0.286787	0.317709	1	1	0.996803	0.987411	0.747823	1
0.00327572	0.41387	0.678972	0.678972	1	1	1	0.998905	0.958113	1
-0.00140963	-0.178805	0.858092	0.858092	1	1	1	0.998794	0.911723	1
0.00907137	1.14445	0.252446	0.456049	1	1	0.992889	0.959255	0.528135	1
-0.00594495	-0.745513	0.455967	0.455967	1	1	0.999968	0.997729	0.862042	1
0.00958659	1.2122	0.225445	0.225445	1	1	0.987002	0.963886	0.766512	1
-0.00936972	-1.23516	0.216779	0.292826	1	1	0.984295	0.974398	0.760337	1
0.00352921	0.442343	0.658244	0.664831	1	1	1	0.998244	0.717546	1
-0.00538805	-0.677599	0.498031	0.498031	1	1	0.999992	0.998984	0.895491	1
-0.0121022	-1.51431	0.129957	0.146341	1	1	0.906202	0.892192	0.737485	1
-0.000439169	-0.0550567	0.956094	0.956094	1	1	1	0.999985	0.989338	1
0.00374822	0.471083	0.637584	0.685497	1	1	1	0.999179	0.822739	1
-0.00366132	-0.45824	0.646783	0.76738	1	1	1	0.996499	0.785379	1
-0.00381817	-0.47848	0.632312	0.632312	1	1	1	0.999949	0.960117	1
0.00945076	1.18661	0.23539	0.23539	1	1	0.989565	0.986353	0.900789	1
-0.00282777	-0.358105	0.720267	0.761514	1	1	1	0.998205	0.87461	1
0.000370305	0.046901	0.962592	0.976627	1	1	1	0.99481	0.962592	1
0.0142854	1.80509	0.0710706	0.128956	1	1	0.714434	0.692586	0.452009	1
0.00299976	0.37702	0.706162	0.706162	1	1	1	0.999811	0.915545	1
0.00400474	0.518069	0.604414	0.604414	1	1	1	0.999628	0.833469	1
-0.000260982	-0.0331659	0.973543	0.97423	1	1	1	0.999552	0.973543	1
0.00185451	0.233755	0.815177	0.815177	1	1	1	0.999972	0.924837	1
-0.000434944	-0.0549538	0.956176	0.965247	1	1	1	0.999995	0.96574	1
-0.00745452	-0.941502	0.346455	0.510369	1	1	0.999276	0.985614	0.588973	1
-0.00710946	-0.903512	0.366261	0.43409	1	1	0.999571	0.993378	0.79213	1
-0.00690621	-0.865199	0.386936	0.499499	1	1	0.999756	0.991565	0.73088	1
-0.00197133	-0.246303	0.805449	0.805449	1	1	1	0.999876	0.912842	1
-0.00721122	-0.928477	0.353167	0.597873	1	1	0.999393	0.952626	0.545804	1
0.00757571	0.962805	0.335653	0.335653	1	1	0.999043	0.997833	0.93373	1
0.0067688	0.85701	0.391446	0.391446	1	1	0.999785	0.99843	0.833329	1
-0.0037738	-0.484392	0.628111	0.689363	1	1	1	0.999016	0.903384	1
0.00238266	0.299715	0.764397	0.764397	1	1	1	0.999829	0.978285	1
0.00221276	0.281548	0.778292	0.778292	1	1	1	0.999986	0.890325	1
-0.0198966	-2.52343	0.0116266	0.0116266	0.197652	0.186026	0.180295	0.170652	0.0988262	0.339918
-0.00549962	-0.693007	0.48831	0.499499	1	1	0.999989	0.998964	0.922364	1
0.0106342	1.34215	0.179558	0.179558	1	1	0.965421	0.948629	0.956759	1
-0.00455417	-0.578656	0.562826	0.562826	1	1	0.999999	0.999987	0.987148	1
-0.0118749	-1.49682	0.134451	0.333683	1	1	0.914106	0.885349	0.510599	1
0.00457631	0.574444	0.565672	0.565672	1	1	0.999999	0.999761	0.935796	1
-0.00573572	-0.723533	0.469358	0.499499	1	1	0.999979	0.997003	0.861481	1
0.00110438	0.138769	0.889633	0.911731	1	1	1	0.999852	0.953766	1
0.00279589	0.351441	0.72526	0.72526	1	1	1	0.999926	0.988834	1
-0.00542861	-0.684446	0.493699	0.535077	1	1	0.999991	0.997383	0.705733	1
-0.000790561	-0.0990209	0.921122	0.921122	1	1	1	0.999999	0.99542	1
-0.00221686	-0.281325	0.778463	0.778463	1	1	1	0.99998	0.91722	1
0.00647191	0.812447	0.416542	0.499499	1	1	0.999895	0.992164	0.76164	1
0.00683568	0.878418	0.379724	0.391027	1	1	0.999702	0.994771	0.817405	1
-0.00110846	-0.140517	0.888252	0.893414	1	1	1	0.999768	0.930102	1
0.0127707	1.61556	0.106199	0.156794	1	1	0.851715	0.834097	0.757553	1
-0.00779019	-0.997435	0.318561	0.318561	1	1	0.998527	0.993168	0.957615	1
-0.0111877	-1.40403	0.16032	0.16032	1	1	0.948722	0.927271	0.711238	1
-0.0164813	-2.06341	0.0390824	0.0390824	0.6644	0.6644	0.492233	0.492233	0.592463	1
0.00303827	0.381175	0.703076	0.740732	1	1	1	0.997692	0.880186	1
0.0051321	0.642733	0.520402	0.547164	1	1	0.999996	0.997201	0.809434	1
0.0139047	1.74503	0.080989	0.112289	1	1	0.762068	0.762068	0.62557	1
0.00306873	0.38814	0.697915	0.697915	1	1	1	0.99924	0.894246	1
0.00566728	0.722221	0.470164	0.508872	1	1	0.99998	0.997071	0.755437	1
-0.00510784	-0.64366	0.519801	0.519801	1	1	0.999996	0.999187	0.816168	1
-0.00449287	-0.565621	0.571656	0.571656	1	1	0.999999	0.998867	0.971814	1
-0.00733901	-0.923932	0.355529	0.361236	1	1	0.999429	0.997868	0.876432	1
0.0158804	2.01888	0.0435084	0.149077	0.739642	0.739642	0.53056	0.53056	0.398656	1
-0.00646243	-0.81963	0.412433	0.54151	1	1	0.999881	0.989038	0.658442	1
0.00457227	0.579155	0.562489	0.562489	1	1	0.999999	0.999413	0.883984	1
-0.0119793	-1.50297	0.132857	0.318323	1	1	0.911378	0.864084	0.564643	1
0.0103869	1.33207	0.182846	0.274525	1	1	0.967702	0.951632	0.552445	1
0.00169226	0.210999	0.832889	0.853651	1	1	1	0.99922	0.959841	1
-0.00429155	-0.544354	0.586202	0.586202	1	1	1	0.999967	0.962115	1
-0.000305941	-0.0386962	0.969133	0.969133	1	1	1	0.999516	0.980459	1
0.003451	0.435481	0.663216	0.78103	1	1	1	0.999256	0.813014	1
0.0167816	2.10717	0.0351105	0.0351105	0.596879	0.596879	0.455349	0.455349	0.326139	1
-0.00451124	-0.563236	0.573278	0.573278	1	1	0.999999	0.999531	0.93067	1
-0.000715859	-0.0895756	0.928625	0.928625	1	1	1	0.999994	0.993954	1
-0.0108796	-1.42394	0.154474	0.154474	1	1	0.942302	0.919294	0.780512	1
-0.000309897	-0.0393951	0.968576	0.968576	1	1	1	0.999994	0.9825	1
0.00417363	0.523907	0.600347	0.600347	1	1	1	0.999655	0.901177	1
-0.00159623	-0.203055	0.839094	0.84175	1	1	1	0.999965	0.925938	1
0.00238884	0.301851	0.762768	0.81566	1	1	1	0.996833	0.926218	1
-0.00681266	-0.882614	0.377452	0.377452	1	1	0.999683	0.996611	0.946504	1
-0.0101035	-1.29122	0.196638	0.196638	1	1	0.975818	0.95336	0.702179	1
0.00664128	0.829976	0.406559	0.406559	1	1	0.99986	0.996635	0.787819	1
0.00494396	0.624659	0.532199	0.532199	1	1	0.999998	0.999765	0.942637	1
-0.0103266	-1.29428	0.195579	0.195579	1	1	0.975271	0.961784	0.75292	1
0.0115153	1.45186	0.146551	0.146551	1	1	0.932389	0.907175	0.830455	1
0.00339192	0.430278	0.666996	0.694497	1	1	1	0.999546	0.847328	1
0.00346946	0.443507	0.657402	0.657402	1	1	1	0.999918	0.851103	1
0.00774389	0.969758	0.332175	0.332175	1	1	0.998955	0.99649	0.832146	1
0.00259985	0.326255	0.744234	0.76412	1	1	1	0.998596	0.843465	1
0.000505122	0.0634862	0.94938	0.94938	1	1	1	0.999978	0.981687	1
-0.00473067	-0.603052	0.546479	0.546479	1	1	0.999999	0.999924	0.912017	1
0.00151364	0.192067	0.847691	0.847691	1	1	1	0.999972	0.9456	1
0.00723859	0.912201	0.36167	0.525298	1	1	0.999515	0.982228	0.553075	1
0.000454167	0.0569378	0.954595	0.954595	1	1	1	0.999999	0.954595	1
-0.00115146	-0.14602	0.883906	0.883906	1	1	1	0.999966	0.986162	1
-0.00517947	-0.647359	0.517405	0.517405	1	1	0.999996	0.999669	0.944878	1
-0.00224592	-0.281241	0.778527	0.778527	1	1	1	0.99987	0.87749	1
-0.0030652	-0.385375	0.699962	0.699962	1	1	1	0.99998	0.953744	1
0.00253859	0.322114	0.747368	0.747368	1	1	1	0.999934	0.958948	1
-0.000885723	-0.111093	0.911543	0.925278	1	1	1	0.999742	0.968515	1
0.00309343	0.387755	0.6982	0.6982	1	1	1	0.998641	0.847814	1
0.00380679	0.491925	0.622776	0.76494	1	1	1	0.979737	0.679546	1
-0.00944351	-1.18899	0.234452	0.424827	1	1	0.989345	0.960383	0.573651	1
-0.00622572	-0.777772	0.436709	0.436709	1	1	0.999942	0.999425	0.908162	1
-0.00944725	-1.19628	0.231597	0.231597	1	1	0.98865	0.959755	0.62055	1
0.00067787	0.0852364	0.932074	0.932074	1	1	1	0.999997	0.976442	1
-0.00422993	-0.530346	0.595876	0.602387	1	1	1	0.999289	0.931854	1
-0.00522937	-0.661226	0.508473	0.508473	1	1	0.999994	0.999177	0.897977	1
-0.00431664	-0.538895	0.589963	0.620892	1	1	1	0.999201	0.955217	1
0.00572805	0.733212	0.463435	0.527737	1	1	0.999975	0.993979	0.787839	1
0.00532782	0.667452	0.504488	0.580216	1	1	0.999993	0.995418	0.779664	1
-0.00483206	-0.60616	0.544413	0.544413	1	1	0.999998	0.999154	0.932347	1
0.00702139	0.883176	0.377148	0.390496	1	1	0.99968	0.996363	0.76744	1
-0.0110797	-1.39519	0.162968	0.162968	1	1	0.951402	0.951402	0.870636	1
-0.0053625	-0.675825	0.499157	0.523506	1	1	0.999992	0.997142	0.717691	1
-0.00265766	-0.338729	0.734816	0.734816	1	1	1	0.999841	0.973377	1
0.00877049	1.11202	0.266138	0.369048	1	1	0.994807	0.974706	0.646335	1
0.0165577	2.07242	0.0382346	0.0382346	0.649987	0.649987	0.484563	0.484563	0.403069	1
-0.00728323	-0.913668	0.360898	0.429386	1	1	0.999505	0.995152	0.805417	1
-0.00339317	-0.43018	0.667068	0.721127	1	1	1	0.998729	0.87232	1
-0.00445063	-0.557687	0.577062	0.626796	1	1	1	0.995741	0.76885	1
-0.00514555	-0.643445	0.51994	0.628514	1	1	0.999996	0.995474	0.750302	1
-0.0092127	-1.15311	0.248876	0.248876	1	1	0.992289	0.986333	0.953279	1
0.00485404	0.607135	0.543766	0.543766	1	1	0.999998	0.999152	0.863165	1
0.00799794	1.01238	0.311362	0.311362	1	1	0.998239	0.993451	0.862635	1
0.0105429	1.33281	0.182605	0.182605	1	1	0.96754	0.947184	0.776072	1
-0.0109979	-1.38238	0.166864	0.217283	1	1	0.955108	0.935325	0.716152	1
0.000696137	0.0868094	0.930824	0.942321	1	1	1	0.99957	0.930824	1
0.00718681	0.907615	0.364089	0.379013	1	1	0.999545	0.997219	0.837632	1
0.00137349	0.172694	0.862893	0.88043	1	1	1	0.999952	0.957295	1
0.00253794	0.318355	0.750218	0.769055	1	1	1	0.999094	0.880547	1
-0.00451011	-0.572694	0.566856	0.630453	1	1	0.999999	0.997458	0.811566	1
0.00242138	0.304977	0.760385	0.810037	1	1	1	0.99921	0.92471	1
0.00117985	0.149486	0.881171	0.881171	1	1	1	0.999683	0.952848	1
0.0066898	0.847056	0.396971	0.396971	1	1	0.999816	0.999074	0.932586	1
0.0102276	1.30134	0.193152	0.373978	1	1	0.973971	0.950445	0.567463	1
-0.00167425	-0.210458	0.833312	0.833312	1	1	1	0.999833	0.918789	1
-0.00989539	-1.24905	0.211655	0.211655	1	1	0.982454	0.977743	0.890741	1
-0.00363065	-0.454909	0.649178	0.649178	1	1	1	0.999527	0.986533	1
0.00759725	0.949186	0.342534	0.342534	1	1	0.999199	0.993476	0.843397	1
0.00444938	0.528968	0.596832	0.721764	1	1	1	0.99293	0.778629	1
0.00651974	0.794933	0.426659	0.582464	1	1	0.999922	0.981305	0.659383	1
0.00872841	1.04967	0.293878	0.53616	1	1	0.997303	0.938193	0.499592	1
0.00836123	1.00931	0.312834	0.491484	1	1	0.998302	0.976525	0.550498	1
-0.00345513	-0.410924	0.681131	0.778744	1	1	1	0.997715	0.827088	1
0.00110221	0.135615	0.892127	0.892127	1	1	1	0.999983	0.97176	1
0.000888986	0.107737	0.914205	0.940976	1	1	1	0.992639	0.931673	1
0.00333067	0.407766	0.683449	0.782123	1	1	1	0.991998	0.829902	1
-0.0138621	-1.66007	0.096912	0.292264	1	1	0.823229	0.759995	0.394195	1
-0.00929598	-1.12324	0.261347	0.390263	1	1	0.994199	0.960029	0.555361	1
-0.0106099	-1.33092	0.183225	0.248111	1	1	0.967957	0.941193	0.687356	1
-0.00235057	-0.298737	0.765143	0.765143	1	1	1	0.999983	0.977308	1
-0.0125265	-1.48422	0.137762	0.29453	1	1	0.919525	0.854402	0.46839	1
-0.0135042	-1.61462	0.106405	0.159561	1	1	0.852295	0.815025	0.468218	1
-0.00934512	-1.13822	0.25504	0.368802	1	1	0.993297	0.960784	0.619383	1
-0.00842424	-1.0049	0.314956	0.499499	1	1	0.998389	0.975094	0.594918	1
