0	0	0	0	0	0	0	0	0	0
0.014612	2.32509	0.0200735	0.0200735	0.341249	0.321176	0.291582	0.27707	0.170625	0.586872
0.0100671	2.31709	0.0205054	0.0205054	0.348591	0.328086	0.296871	0.282151	0.174296	0.599499
-0.0208759	-2.95768	0.00310195	0.013281	0.0527332	0.0496313	0.0514447	0.0484932	0.0263666	0.0906893
-0.019128	-2.94414	0.00324092	0.0117539	0.0550957	0.0518547	0.0536901	0.0506132	0.0275478	0.0947522
0.015527	2.61037	0.00904858	0.0211524	0.153826	0.144777	0.143179	0.135355	0.0769129	0.264546
0.0103234	2.57845	0.00992893	0.00992893	0.168792	0.158863	0.156028	0.147564	0.0843959	0.290284
0.012758	1.61478	0.106369	0.282526	1	1	0.852195	0.792884	0.368498	1
0.00641101	1.56365	0.11791	0.274247	1	1	0.881499	0.817666	0.400892	1
0.0173978	2.56099	0.0104419	0.0188667	0.177512	0.16707	0.16343	0.154603	0.0842427	0.289757
0.00855154	2.45225	0.0142021	0.0370299	0.241435	0.227233	0.215859	0.204562	0.120718	0.415215
0.0104799	1.78017	0.0750584	0.301683	1	1	0.734574	0.660435	0.255199	0.877769
0.0113945	1.97496	0.048281	0.234479	0.820777	0.675934	0.56883	0.499825	0.205194	0.705777
0.00527844	0.75349	0.451161	0.610164	1	1	0.999963	0.991767	0.733195	1
0.00656485	0.928609	0.353099	0.387662	1	1	0.999392	0.987165	0.750335	1
0.00661709	0.992621	0.320902	0.320902	1	1	0.998611	0.993467	0.938277	1
0.00802673	1.21985	0.222531	0.337063	1	1	0.986145	0.962079	0.738294	1
0.0146239	1.9886	0.0467539	0.0467539	0.794817	0.701309	0.556917	0.512387	0.264939	0.911271
-0.00273742	-0.37458	0.707975	0.797928	1	1	1	0.998333	0.820217	1
0.00601138	0.788562	0.430374	0.430374	1	1	0.99993	0.997951	0.932667	1
0.00603498	0.805575	0.420494	0.633674	1	1	0.999906	0.962126	0.5957	1
0.0106433	1.33419	0.182151	0.182151	1	1	0.967232	0.951011	0.718699	1
-0.00289082	-0.356322	0.721602	0.722549	1	1	1	0.99987	0.952232	1
-0.000667882	-0.0885331	0.929454	0.935125	1	1	1	0.998689	0.929454	1
-0.00931133	-1.23415	0.217157	0.217157	1	1	0.984424	0.958527	0.656094	1
-0.00744544	-1.1553	0.247978	0.37904	1	1	0.992131	0.952879	0.526954	1
0.015423	2.62011	0.00879425	0.0223654	0.149502	0.149502	0.139433	0.139433	0.149502	0.514221
0.00891049	1.52245	0.127907	0.127907	1	1	0.902373	0.871636	0.724804	1
0.000673726	0.111183	0.911472	0.941546	1	1	1	0.999306	0.925799	1
-0.000746431	-0.122087	0.902831	0.922436	1	1	1	0.993139	0.902831	1
-0.0075129	-1.03947	0.298594	0.298594	1	1	0.997593	0.990055	0.887629	1
-0.0254948	-3.48592	0.000491115	0.000491115	0.00834895	0.00834895	0.00831623	0.00831623	0.00834895	0.0287167
0.0121864	1.69021	0.0909971	0.120524	1	1	0.802481	0.802481	0.81989	1
0.0227071	3.17074	0.00152197	0.00152197	0.0258735	0.0258735	0.0255609	0.0255609	0.0258735	0.0889933
0.00110721	0.137431	0.890691	0.92292	1	1	1	0.999905	0.936584	1
-0.00692561	-0.860333	0.389612	0.389612	1	1	0.999773	0.99823	0.975012	1
0.00132909	0.167778	0.866759	0.897792	1	1	1	0.999627	0.920932	1
0.00109713	0.13692	0.891095	0.891095	1	1	1	0.999981	0.990123	1
-0.00731567	-1.08451	0.278146	0.304986	1	1	0.996077	0.983525	0.78808	1
0.00345189	0.503312	0.614748	0.697587	1	1	1	0.995783	0.791232	1
0.0151732	2.20002	0.0278126	0.0278126	0.472815	0.472815	0.380916	0.380916	0.472815	1
0.00914815	1.31878	0.187253	0.187253	1	1	0.97054	0.916927	0.530551	1
0.00704055	0.923466	0.355771	0.396395	1	1	0.999433	0.996708	0.835351	1
0.0038875	0.508232	0.611294	0.627791	1	1	1	0.998034	0.799385	1
0.00305434	0.405073	0.685427	0.721996	1	1	1	0.999341	0.971021	1
0.00836386	1.13884	0.254778	0.254778	1	1	0.993257	0.987858	0.912808	1
0.00729076	0.982397	0.325912	0.325912	1	1	0.998775	0.996	0.988689	1
0.00178436	0.233971	0.815009	0.817338	1	1	1	0.998829	0.892294	1
0.00240673	0.339924	0.733916	0.733916	1	1	1	0.999888	0.949185	1
-0.0145969	-2.03238	0.0421238	0.0421238	0.716105	0.716105	0.518874	0.518874	0.301086	1
0.00399271	0.500211	0.61693	0.731025	1	1	1	0.99344	0.806755	1
-0.000345419	-0.0459048	0.963386	0.963386	1	1	1	0.999989	0.986543	1
0.0178949	2.29488	0.0217465	0.141556	0.369691	0.347945	0.311865	0.296568	0.184846	0.635786
0.00946759	1.21201	0.225516	0.243044	1	1	0.987022	0.953426	0.638963	1
0.00564499	0.764576	0.44453	0.507538	1	1	0.999954	0.997058	0.697942	1
-0.000228843	-0.0308652	0.975377	0.975377	1	1	1	0.999997	0.995697	1
0.00543171	0.703688	0.481632	0.499499	1	1	0.999986	0.997298	0.840484	1
0.00461788	0.619858	0.535356	0.607109	1	1	0.999998	0.995324	0.726313	1
-0.0091766	-1.27715	0.201558	0.249528	1	1	0.978216	0.932869	0.571081	1
0.0107763	1.47505	0.140209	0.202673	1	1	0.92332	0.910815	0.763445	1
0.0072971	0.921361	0.356869	0.425297	1	1	0.999449	0.987894	0.731808	1
-0.00466465	-0.585815	0.558004	0.623454	1	1	0.999999	0.996056	0.790506	1
0.002741	0.348538	0.727439	0.727439	1	1	1	0.999806	0.883318	1
0.0179231	2.24862	0.0245438	0.0956892	0.417244	0.417244	0.344561	0.344561	0.391703	1
0.0067625	0.871855	0.383294	0.383294	1	1	0.99973	0.995093	0.869259	1
0.0137321	1.75081	0.0799891	0.264609	1	1	0.757629	0.713652	0.451884	1
0.0204839	2.57386	0.0100615	0.0100615	0.171046	0.171046	0.157947	0.157947	0.171046	0.588322
0.0199055	2.55277	0.0106916	0.0106916	0.181757	0.181757	0.167011	0.167011	0.181757	0.625162
0.00784682	1.10692	0.268338	0.499499	1	1	0.995065	0.939911	0.506861	1
0.00419642	0.596501	0.550845	0.619543	1	1	0.999999	0.996312	0.851306	1
0.01215	1.60553	0.108387	0.196198	1	1	0.857768	0.821086	0.530288	1
0.0043727	0.611768	0.540696	0.540696	1	1	0.999998	0.999839	0.996035	1
0.00271033	0.351181	0.725455	0.725455	1	1	1	0.998482	0.865724	1
-0.00723386	-0.95062	0.341804	0.341804	1	1	0.999183	0.98474	0.726334	1
0.00344861	0.447518	0.654504	0.654504	1	1	1	0.999858	0.912212	1
0.00244359	0.314539	0.753114	0.753114	1	1	1	0.999996	0.870011	1
-0.00841575	-1.07876	0.280701	0.391796	1	1	0.996306	0.977567	0.681702	1
-0.00830277	-1.06004	0.289134	0.289134	1	1	0.996977	0.976576	0.702183	1
-0.000986548	-0.161546	0.871664	0.871664	1	1	1	0.999963	0.979519	1
0.00268255	0.434591	0.663863	0.663863	1	1	1	0.999818	0.938432	1
0.0197366	2.87871	0.00399576	0.00399576	0.0679279	0.0679279	0.0657993	0.0657993	0.0679279	0.233642
0.014601	2.07455	0.038036	0.038036	0.646612	0.608576	0.482751	0.462299	0.323306	1
0.00500249	0.665915	0.50547	0.50547	1	1	0.999994	0.999125	0.867174	1
0.00967555	1.2819	0.199887	0.199887	1	1	0.977428	0.944924	0.679616	1
0.00536752	0.882814	0.377344	0.377344	1	1	0.999682	0.994546	0.916406	1
0.00242752	0.396918	0.691431	0.691431	1	1	1	0.999552	0.85919	1
0.00791211	1.22867	0.219203	0.219203	1	1	0.985101	0.966782	0.745291	1
0.00316399	0.492813	0.622148	0.699499	1	1	1	0.989906	0.727222	1
0.00611286	0.800297	0.423545	0.499244	1	1	0.999914	0.997096	0.80055	1
0.00108097	0.146516	0.883515	0.888511	1	1	1	0.998236	0.883515	1
-0.00137071	-0.213197	0.831174	0.862554	1	1	1	0.998594	0.883123	1
-0.000161235	-0.0242745	0.980634	0.982431	1	1	1	0.999699	0.980634	1
0.00813704	1.16446	0.244245	0.244245	1	1	0.99144	0.988674	0.936229	1
0.00938132	1.35301	0.176061	0.211445	1	1	0.962828	0.945245	0.650254	1
0.00924984	1.21077	0.225992	0.225992	1	1	0.987157	0.972303	0.666696	1
0.00590418	0.767533	0.442771	0.476536	1	1	0.999952	0.997483	0.769853	1
0.00716284	1.12296	0.261464	0.261464	1	1	0.994215	0.980554	0.840384	1
0.0036441	0.578316	0.563055	0.563055	1	1	0.999999	0.999814	0.924952	1
0.00873159	1.20212	0.229325	0.229325	1	1	0.988065	0.973927	0.974632	1
0.0157649	2.18043	0.029233	0.0535143	0.496961	0.467728	0.396114	0.377929	0.248481	0.854662
0.00863599	1.25898	0.208046	0.265189	1	1	0.981037	0.961823	0.659216	1
0.0114175	1.64443	0.100098	0.214678	1	1	0.833537	0.794445	0.540897	1
-0.00297806	-0.401336	0.688175	0.709725	1	1	1	0.998679	0.879795	1
0.0016576	0.228818	0.819012	0.819012	1	1	1	0.999995	0.941631	1
0.00737785	0.99668	0.318928	0.318928	1	1	0.99854	0.982863	0.677721	1
0.00658422	0.881871	0.377853	0.499499	1	1	0.999687	0.986035	0.713723	1
0.0094995	1.25811	0.20836	0.376935	1	1	0.981165	0.939419	0.512214	1
0.0107211	1.38956	0.164673	0.227533	1	1	0.953058	0.919464	0.699862	1
-0.00304564	-0.450348	0.652463	0.652463	1	1	1	0.999974	0.976991	1
0.00651996	0.961905	0.336105	0.336105	1	1	0.999054	0.995494	0.862497	1
0.00321784	0.437372	0.661845	0.68603	1	1	1	0.99888	0.921173	1
0.0127622	1.76626	0.0773619	0.197925	1	1	0.745591	0.676079	0.28129	0.967511
0.00650456	0.919799	0.357685	0.357685	1	1	0.999461	0.996539	0.975769	1
-0.00311784	-0.453912	0.649895	0.651936	1	1	1	0.999774	0.952019	1
0.00485925	0.669856	0.502954	0.502954	1	1	0.999993	0.999543	0.935128	1
0.00748219	1.07157	0.28392	0.37123	1	1	0.996577	0.986983	0.767771	1
0.00299294	0.414072	0.678824	0.779128	1	1	1	0.997407	0.887693	1
0.00683327	0.966341	0.333881	0.499499	1	1	0.998999	0.979289	0.630664	1
0.0073009	0.960928	0.336596	0.336596	1	1	0.999066	0.995179	0.960185	1
-0.000990773	-0.131342	0.895505	0.895505	1	1	1	0.99917	0.987999	1
0.0112548	1.54607	0.122099	0.369979	1	1	0.890711	0.783271	0.296525	1
0.0135589	1.89716	0.0578155	0.0692221	0.982863	0.867232	0.636662	0.590702	0.327621	1
0.00283826	0.377925	0.705489	0.808059	1	1	1	0.985523	0.718489	1
0.00796202	1.10232	0.270331	0.499499	1	1	0.995289	0.954157	0.461136	1
-0.0043175	-0.561513	0.574452	0.675551	1	1	1	0.994061	0.727737	1
-0.00191953	-0.256174	0.797818	0.856319	1	1	1	0.999775	0.968779	1
-0.016176	-2.00125	0.0453736	0.276087	0.771351	0.680604	0.545882	0.501687	0.244049	0.839418
-0.0122197	-1.53876	0.123874	0.297483	1	1	0.894408	0.810813	0.350976	1
-0.000956597	-0.117207	0.906697	0.918961	1	1	1	0.999912	0.931221	1
0.00134654	0.167134	0.867266	0.876097	1	1	1	0.997754	0.895453	1
0.00644493	0.970431	0.331839	0.499499	1	1	0.998946	0.97854	0.626807	1
0.00967041	1.44036	0.149775	0.149775	1	1	0.936601	0.896848	0.636542	1
0.00443175	0.66062	0.508861	0.633142	1	1	0.999994	0.987833	0.720886	1
-0.00246477	-0.374676	0.707904	0.746875	1	1	1	0.999379	0.93155	1
0.00120965	0.169594	0.86533	0.86533	1	1	1	0.999458	0.86533	1
-0.000663932	-0.0935766	0.925446	0.939754	1	1	1	0.997908	0.97127	1
0.00499675	0.696736	0.485973	0.575169	1	1	0.999988	0.992783	0.751049	1
-0.00221189	-0.289357	0.77231	0.77231	1	1	1	0.998157	0.820579	1
0.00548365	0.72288	0.469759	0.469759	1	1	0.999979	0.998673	0.945148	1
-0.00842662	-1.14701	0.251387	0.251387	1	1	0.992716	0.978842	0.741579	1
-0.00463264	-0.63775	0.523641	0.523641	1	1	0.999997	0.999713	0.762116	1
-0.000435307	-0.0629608	0.949798	0.949798	1	1	1	0.999987	0.973302	1
0.019729	2.49809	0.0124916	0.0525007	0.212358	0.199866	0.192406	0.18219	0.0941236	0.323743
0.00117948	0.16985	0.865129	0.865129	1	1	1	0.999723	0.89519	1
0.0109857	1.45335	0.146137	0.146137	1	1	0.931828	0.890494	0.501395	1
0.0107552	1.27695	0.201629	0.201629	1	1	0.978249	0.954328	0.629687	1
0.00837006	1.13982	0.254371	0.255253	1	1	0.993194	0.960395	0.617758	1
0.0204898	2.69789	0.0069817	0.0794005	0.118689	0.104725	0.112286	0.099759	0.0395629	0.136079
0.0236268	2.86359	0.00419145	0.00419145	0.0712547	0.0712547	0.0689148	0.0689148	0.0712547	0.245084
0.019396	2.54395	0.0109655	0.0109655	0.186413	0.164482	0.170923	0.152437	0.0621376	0.213726
0.0146096	1.96376	0.0495662	0.150332	0.842625	0.793059	0.578622	0.556646	0.348678	1
0.00971741	1.22446	0.220788	0.220788	1	1	0.985607	0.969579	0.75582	1
0.0134047	1.80209	0.0715414	0.138867	1	1	0.716885	0.646267	0.304051	1
0.0113933	1.60734	0.10799	0.435081	1	1	0.856687	0.773637	0.293377	1
0.0145147	1.95275	0.0508581	0.195364	0.864588	0.712013	0.588254	0.518456	0.188122	0.647055
0.0123909	1.7551	0.0792522	0.310436	1	1	0.754308	0.658155	0.269458	0.926814
0.00954527	1.33091	0.183227	0.543856	1	1	0.967958	0.801933	0.311486	1
0.00717461	0.944514	0.344914	0.506677	1	1	0.999247	0.977415	0.578585	1
0.00321912	0.446157	0.655487	0.720956	1	1	1	0.997398	0.857175	1
0.00626824	0.836879	0.402667	0.544178	1	1	0.999843	0.979703	0.622304	1
0.00128129	0.170098	0.864934	0.908229	1	1	1	0.993658	0.864934	1
-0.00126539	-0.168475	0.866211	0.877305	1	1	1	0.999933	0.937668	1
0.0111209	1.47757	0.139534	0.287387	1	1	0.92229	0.878024	0.580376	1
0.0126984	1.60003	0.109602	0.379789	1	1	0.861027	0.721115	0.266177	0.915528
0.0043504	0.576389	0.564356	0.662479	1	1	0.999999	0.995912	0.799505	1
0.00811502	1.21469	0.224494	0.335766	1	1	0.986728	0.952682	0.636066	1
-0.0023645	-0.331355	0.740379	0.740379	1	1	1	0.999979	0.95697	1
0.0192049	2.54145	0.011044	0.0325621	0.187749	0.165661	0.172042	0.153447	0.0625829	0.215257
0.000949106	0.118753	0.905472	0.926552	1	1	1	0.991503	0.905472	1
0.0200539	3.11467	0.00184318	0.0829181	0.0313341	0.029491	0.0308763	0.0290868	0.0156671	0.0538877
0.0105058	1.52442	0.127413	0.127413	1	1	0.90143	0.829976	0.433206	1
0.00200717	0.312957	0.754316	0.778482	1	1	1	0.99978	0.993954	1
0.010934	1.65474	0.0979871	0.257461	1	1	0.826772	0.709896	0.27763	0.954923
0.0207887	3.03453	0.00241104	0.0504111	0.0409877	0.0385767	0.0402066	0.0378869	0.0204939	0.0704897
0.0013266	0.223764	0.822942	0.822942	1	1	1	0.999826	0.981219	1
0.00363145	0.478477	0.632314	0.632314	1	1	1	0.999877	0.985345	1
0.00334071	0.54398	0.586459	0.586459	1	1	1	0.999646	0.847752	1
0.0065758	1.05613	0.290915	0.290915	1	1	0.997104	0.983843	0.821009	1
-0.000347399	-0.0476069	0.96203	0.96203	1	1	1	0.999976	0.994634	1
-0.00918133	-1.3306	0.183331	0.283633	1	1	0.968027	0.941299	0.752529	1
-0.0087069	-1.15002	0.250144	0.413094	1	1	0.992508	0.968397	0.647349	1
-0.00034803	-0.049045	0.960884	0.966549	1	1	1	0.999372	0.982313	1
0.000199221	0.0265564	0.978814	0.982026	1	1	1	0.999551	0.997532	1
0.00666581	0.818728	0.412948	0.52574	1	1	0.999883	0.987152	0.702012	1
0.00224838	0.367446	0.713289	0.713289	1	1	1	0.999916	0.971022	1
-0.000244807	-0.0356802	0.971538	0.971538	1	1	1	0.999854	0.971538	1
0.00445217	0.706096	0.480134	0.630271	1	1	0.999985	0.989738	0.742025	1
0.00769133	1.18849	0.234651	0.411563	1	1	0.989392	0.95972	0.574568	1
0.00349162	0.56023	0.575326	0.654645	1	1	1	0.998184	0.815046	1
0.00919526	1.46702	0.14238	0.246323	1	1	0.926546	0.890436	0.488265	1
0.00100697	0.178367	0.858436	0.864468	1	1	1	0.999598	0.98422	1
0.00576653	0.80269	0.42216	0.42216	1	1	0.999911	0.99585	0.844399	1
0.00905055	1.55735	0.119398	0.119398	1	1	0.884854	0.851512	0.521984	1
0.0016075	0.240543	0.809911	0.839658	1	1	1	0.999953	0.964187	1
0.0120456	1.57979	0.114166	0.232982	1	1	0.872653	0.837713	0.51396	1
-0.00133174	-0.222998	0.823538	0.84993	1	1	1	0.995738	0.933344	1
0.0188884	2.40627	0.016122	0.0216999	0.274075	0.257952	0.241421	0.22899	0.137037	0.471347
-0.00605021	-0.844325	0.398494	0.435664	1	1	0.999823	0.996271	0.835532	1
0.0198911	2.74736	0.00601112	0.0107479	0.102189	0.0841557	0.0974195	0.0809453	0.0255473	0.0878711
0.00250755	0.314264	0.753323	0.753323	1	1	1	0.999319	0.882085	1
0.0187221	2.9583	0.0030957	0.033465	0.052627	0.0464356	0.0513436	0.0454427	0.0175423	0.0603377
0.00499571	0.747667	0.454667	0.551359	1	1	0.999967	0.992178	0.666844	1
0.00732728	1.17902	0.238398	0.238398	1	1	0.990242	0.983176	0.883685	1
0.0057856	0.850884	0.39484	0.454376	1	1	0.999804	0.996424	0.835804	1
0.0176443	2.57641	0.00998781	0.0812912	0.169793	0.149817	0.15688	0.139783	0.0565976	0.19467
0.000723759	0.123373	0.901813	0.915738	1	1	1	0.99638	0.958176	1
-0.00419234	-0.55417	0.579467	0.695849	1	1	1	0.997674	0.80508	1
-0.00438924	-0.71754	0.473046	0.473046	1	1	0.999981	0.99951	0.986308	1
0.00177073	0.297425	0.766144	0.776876	1	1	1	0.999297	0.872542	1
0.0066387	0.915279	0.360052	0.390449	1	1	0.999494	0.994569	0.735024	1
-0.00481002	-0.689434	0.490555	0.656665	1	1	0.99999	0.991094	0.758131	1
-0.0100918	-1.36025	0.173762	0.278365	1	1	0.961025	0.916369	0.59079	1
0.0101708	1.39369	0.163421	0.30285	1	1	0.951848	0.859533	0.396881	1
0.000197413	0.026073	0.979199	0.983093	1	1	1	0.994457	0.979199	1
0.013624	1.69827	0.0894662	0.208195	1	1	0.796749	0.730757	0.380231	1
0.0114872	1.80771	0.0706607	0.232824	1	1	0.712285	0.66687	0.400411	1
0.00423688	0.614479	0.538904	0.701713	1	1	0.999998	0.990195	0.684851	1
0.00469311	0.742384	0.45786	0.45786	1	1	0.99997	0.998811	0.958904	1
0.00335546	0.538796	0.590031	0.650581	1	1	1	0.992781	0.771579	1
0.0143408	2.03813	0.0415452	0.135649	0.706268	0.664723	0.513908	0.492838	0.353134	1
0.0174283	2.72722	0.00639056	0.0209602	0.108639	0.102249	0.103259	0.0974914	0.0543197	0.186836
-0.00101822	-0.184652	0.853503	0.853503	1	1	1	0.999978	0.916263	1
-0.00154721	-0.219294	0.826423	0.826423	1	1	1	0.999842	0.965609	1
0.00484395	0.844328	0.398493	0.499499	1	1	0.999823	0.993785	0.752709	1
0.00755787	1.13078	0.258155	0.476239	1	1	0.993758	0.949518	0.536005	1
0.010298	1.40459	0.160154	0.160154	1	1	0.948549	0.891279	0.45377	1
-0.00348407	-0.577603	0.563536	0.591177	1	1	0.999999	0.996572	0.796152	1
0.00135873	0.161006	0.87209	0.883427	1	1	1	0.997558	0.87209	1
-0.00766234	-0.949295	0.342478	0.342478	1	1	0.999197	0.99347	0.865421	1
-0.0206968	-2.44873	0.0143414	0.0200054	0.243804	0.229462	0.217741	0.206359	0.121902	0.419288
0.00447544	0.531087	0.595362	0.641664	1	1	1	0.998283	0.787971	1
-0.00709157	-0.855278	0.392404	0.392404	1	1	0.99979	0.998462	0.918867	1
-0.00968602	-1.20762	0.227204	0.348708	1	1	0.987495	0.964938	0.584483	1
-0.0087216	-1.04039	0.298166	0.484399	1	1	0.997568	0.979649	0.595064	1
0.00408916	0.48715	0.626156	0.764437	1	1	1	0.996173	0.744312	1
-0.0169385	-2.02183	0.0432021	0.0579626	0.734435	0.691233	0.527998	0.506686	0.28379	0.97611
0.010539	1.24867	0.211796	0.211796	1	1	0.982507	0.964278	0.900134	1
-0.0102627	-1.22519	0.220514	0.230269	1	1	0.985521	0.981425	0.859056	1
0.0124976	1.47892	0.139171	0.23585	1	1	0.921732	0.905125	0.754682	1
-0.00675964	-0.813023	0.416211	0.499499	1	1	0.999894	0.992124	0.786176	1
-0.00576869	-0.679525	0.49681	0.562785	1	1	0.999991	0.99589	0.835923	1
-0.00280792	-0.341794	0.732508	0.757463	1	1	1	0.997077	0.889474	1
0.00200846	0.246752	0.805102	0.805102	1	1	1	0.999719	0.989431	1
-0.00965266	-1.16204	0.245228	0.245228	1	1	0.991627	0.985303	0.978436	1
0.00861509	1.06494	0.286913	0.286913	1	1	0.996813	0.99121	0.880056	1
-0.0157406	-1.87311	0.0610631	0.104277	1	0.854884	0.657375	0.586087	0.259518	0.892627
-0.00246705	-0.30171	0.762875	0.808146	1	1	1	0.999753	0.903427	1
-0.00224489	-0.267618	0.788995	0.802621	1	1	1	0.99768	0.894195	1
-0.0139834	-1.72511	0.0845174	0.148169	1	1	0.77713	0.70953	0.359199	1
-0.00532004	-0.655144	0.51238	0.51238	1	1	0.999995	0.999662	0.818962	1
-0.0073859	-0.885905	0.375676	0.375676	1	1	0.999667	0.998633	0.956423	1
-0.00500387	-0.627422	0.530387	0.629374	1	1	0.999997	0.994243	0.751382	1
0.00287654	0.370953	0.710675	0.710675	1	1	1	0.99983	0.919076	1
-0.014964	-1.84291	0.0653518	0.097931	1	0.980277	0.683029	0.637154	0.370327	1
0.0036191	0.445257	0.656137	0.756812	1	1	1	0.986497	0.697146	1
-0.00717246	-0.895007	0.37079	0.425427	1	1	0.99962	0.99388	0.813317	1
-0.000206997	-0.0241413	0.98074	0.98148	1	1	1	0.999134	0.98074	1
-0.00729456	-0.873906	0.382176	0.595473	1	1	0.999722	0.948937	0.541416	1
-0.00510059	-0.603141	0.546419	0.625107	1	1	0.999999	0.990589	0.714549	1
0.00782978	0.972654	0.330733	0.47745	1	1	0.998916	0.987933	0.670944	1
-0.0124351	-1.45908	0.144553	0.168467	1	1	0.929648	0.917759	0.626061	1
0.00480372	0.568236	0.569879	0.60764	1	1	0.999999	0.997276	0.699092	1
-0.00355491	-0.428115	0.66857	0.67841	1	1	1	0.998896	0.874284	1
-0.00173591	-0.21619	0.828841	0.828841	1	1	1	0.999525	0.939353	1
-0.00722179	-0.861788	0.388811	0.388811	1	1	0.999768	0.996037	0.870795	1
0.00350795	0.419503	0.674851	0.75155	1	1	1	0.998818	0.932611	1
-0.020388	-2.4407	0.0146644	0.0258089	0.249295	0.23463	0.222087	0.21051	0.124647	0.428731
0.0130247	1.54633	0.122035	0.122035	1	1	0.890575	0.875366	0.890832	1
-0.00860157	-1.02025	0.307617	0.307617	1	1	0.998069	0.992724	0.85985	1
0.0106343	1.25421	0.209776	0.209776	1	1	0.981729	0.962974	0.636813	1
-0.00573321	-0.689891	0.490268	0.499499	1	1	0.999989	0.997677	0.839468	1
-0.00917293	-1.08411	0.278323	0.472649	1	1	0.996093	0.978149	0.581856	1
-0.00637694	-0.773445	0.439265	0.439265	1	1	0.999946	0.999419	0.925984	1
0.00265324	0.325295	0.74496	0.809103	1	1	1	0.991501	0.803997	1
-0.00242951	-0.293569	0.769089	0.769089	1	1	1	0.999996	0.966311	1
0.000586432	0.0724909	0.942212	0.942212	1	1	1	1	0.999562	1
-0.0146346	-1.7346	0.0828219	0.0828219	1	1	0.770008	0.74924	0.688497	1
0.00661081	0.804616	0.421048	0.465894	1	1	0.999908	0.996092	0.717547	1
0.00168155	0.201682	0.840166	0.871669	1	1	1	0.994516	0.847728	1
-0.00322526	-0.398429	0.690317	0.691829	1	1	1	0.999767	0.902722	1
-0.00470698	-0.578976	0.56261	0.563396	1	1	0.999999	0.99866	0.956436	1
-0.0132377	-1.56784	0.116929	0.116929	1	1	0.87924	0.813922	0.397559	1
0.00894607	1.12053	0.262496	0.399982	1	1	0.994351	0.964892	0.596802	1
0.00131829	0.169489	0.865413	0.897734	1	1	1	0.995915	0.919501	1
-0.00431374	-0.532836	0.594151	0.594151	1	1	1	0.998932	0.823522	1
0.00197776	0.246263	0.80548	0.80548	1	1	1	0.999398	0.912877	1
-0.00395952	-0.490571	0.623733	0.7163	1	1	1	0.995174	0.815651	1
2.80177e-05	0.00326984	0.997391	0.997391	1	1	1	0.999977	0.997391	1
0.00790337	0.944019	0.345167	0.394883	1	1	0.999251	0.993783	0.856992	1
0.00507532	0.575649	0.564857	0.564857	1	1	0.999999	0.999739	0.96303	1
-0.0101672	-1.14889	0.250609	0.30377	1	1	0.992586	0.977393	0.71006	1
-0.0133507	-1.52571	0.127093	0.383239	1	1	0.900813	0.829163	0.362048	1
-0.0196465	-2.24078	0.025048	0.152324	0.425816	0.325624	0.350297	0.280912	0.0851632	0.292923
-0.0185576	-2.13913	0.0324334	0.256574	0.551369	0.486502	0.429081	0.390164	0.18379	0.632154
-0.0220297	-2.52218	0.0116684	0.266541	0.198363	0.175026	0.180883	0.161428	0.0661209	0.227426
-0.0136862	-1.52372	0.12759	0.267023	1	1	0.901769	0.81879	0.345029	1
-0.0178601	-1.98865	0.0467497	0.296639	0.794745	0.654496	0.556883	0.488439	0.149114	0.512886
0.0105352	1.28387	0.199199	0.199199	1	1	0.977095	0.964283	0.985518	1
-0.00233735	-0.289188	0.77244	0.77244	1	1	1	0.999861	0.905752	1
0.0066869	0.782232	0.434084	0.636971	1	1	0.999937	0.98948	0.737944	1
-0.0109475	-1.2905	0.196888	0.196888	1	1	0.975946	0.955475	0.570868	1
0.000106085	0.0120804	0.990362	0.990362	1	1	1	0.999751	0.990362	1
-0.00491499	-0.554086	0.579524	0.579524	1	1	1	0.999123	0.707836	1
-0.00795265	-1.13574	0.256074	0.419241	1	1	0.993454	0.971269	0.608335	1
0.00984807	1.24962	0.211448	0.340072	1	1	0.982376	0.954418	0.613839	1
7.12608e-05	0.00863701	0.993109	0.993546	1	1	1	0.99973	0.993109	1
0.00665092	0.829336	0.406921	0.406921	1	1	0.999861	0.99757	0.95022	1
0.0113124	1.36808	0.171298	0.201707	1	1	0.959001	0.913068	0.582413	1
-0.00825443	-0.971539	0.331288	0.331288	1	1	0.998931	0.992004	0.900618	1
0.0168306	2.28904	0.0220842	0.073885	0.375432	0.353348	0.315892	0.300443	0.175827	0.604767
-0.00790837	-0.959569	0.33728	0.499499	1	1	0.999082	0.985698	0.637084	1
-0.00930892	-1.11562	0.264594	0.264594	1	1	0.994618	0.974978	0.664583	1
-0.00339062	-0.424761	0.671014	0.671014	1	1	1	0.999875	0.93343	1
-0.00535488	-0.669858	0.502953	0.502953	1	1	0.999993	0.99908	0.98363	1
0.000351371	0.0442046	0.964742	0.968919	1	1	1	0.99986	0.964742	1
-0.00178013	-0.226525	0.820795	0.86211	1	1	1	0.999987	0.985729	1
0.00265028	0.328499	0.742537	0.819929	1	1	1	0.999709	0.95892	1
0.0042718	0.529257	0.596631	0.640229	1	1	1	0.999043	0.922066	1
-0.00434485	-0.543527	0.586771	0.586771	1	1	1	0.998554	0.816572	1
-0.00439468	-0.554476	0.579258	0.752505	1	1	1	0.980374	0.703384	1
-0.00961379	-1.15213	0.249276	0.333521	1	1	0.992359	0.975943	0.696598	1
-0.00939547	-1.13209	0.257604	0.257604	1	1	0.993679	0.97919	0.839622	1
-0.0236868	-2.81528	0.00487672	0.0102778	0.0829043	0.0780276	0.0797474	0.0752376	0.0414522	0.142577
-0.0148306	-1.75869	0.0786408	0.0903401	1	0.865049	0.751519	0.59382	0.190985	0.656902
-0.00739586	-0.879076	0.379367	0.499499	1	1	0.999699	0.989117	0.716582	1
-0.00263911	-0.313498	0.753905	0.753905	1	1	1	0.999987	0.977793	1
0.000400581	0.0501043	0.96004	0.96004	1	1	1	0.999993	0.96004	1
0.00353266	0.453071	0.650501	0.650501	1	1	1	0.999602	0.840914	1
-0.00907724	-1.07583	0.282011	0.434039	1	1	0.996419	0.981232	0.666923	1
-0.00726215	-0.86385	0.387677	0.548479	1	1	0.999761	0.979807	0.549644	1
-0.0106734	-1.23779	0.215802	0.215802	1	1	0.983959	0.966737	0.75956	1
-0.00996117	-1.16976	0.242107	0.242107	1	1	0.991019	0.964083	0.68597	1
0.0144584	1.79701	0.0723437	0.0723437	1	1	0.721015	0.699258	0.497406	1
0.0103106	1.27632	0.201852	0.201852	1	1	0.978352	0.957149	0.686295	1
0.00818486	0.968469	0.332818	0.351415	1	1	0.998972	0.98834	0.808272	1
0.0033135	0.39371	0.693798	0.693798	1	1	1	0.999847	0.982067	1
0.00989278	1.23671	0.216204	0.464207	1	1	0.984098	0.931414	0.479569	1
0.00338039	0.422584	0.672602	0.694743	1	1	1	0.998768	0.873493	1
-0.00169576	-0.202504	0.839524	0.856563	1	1	1	0.997935	0.889069	1
0.00674225	0.813753	0.415793	0.569708	1	1	0.999892	0.986431	0.706848	1
0.00617112	0.738394	0.460281	0.550875	1	1	0.999972	0.9928	0.745841	1
0.00782153	0.936759	0.34889	0.516123	1	1	0.999321	0.972783	0.593113	1
0.0115213	1.53478	0.124848	0.30622	1	1	0.896385	0.864714	0.520101	1
0.0150802	2.02182	0.0432042	0.126163	0.734471	0.691266	0.528015	0.506703	0.367235	1
0.00253092	0.297281	0.766254	0.819824	1	1	1	0.999259	0.866858	1
0.00213347	0.250859	0.801925	0.801925	1	1	1	0.999653	0.892837	1
0.012343	1.50943	0.1312	0.241977	1	1	0.908454	0.83932	0.446078	1
0.0139713	1.7222	0.0850442	0.0850442	1	1	0.7793	0.758786	0.489012	1
-0.0056363	-0.656264	0.511659	0.511659	1	1	0.999995	0.998554	0.869821	1
-0.00222545	-0.258257	0.796211	0.816306	1	1	1	0.997756	0.81595	1
0.00571599	0.691519	0.489245	0.538581	1	1	0.999989	0.995215	0.756105	1
-0.00171525	-0.201484	0.840321	0.900076	1	1	1	0.999192	0.881277	1
0.0010019	0.130905	0.895851	0.910474	1	1	1	0.996914	0.895851	1
0.0132242	1.60997	0.107416	0.199202	1	1	0.85511	0.818139	0.371978	1
0.00809827	1.07699	0.281493	0.281493	1	1	0.996375	0.983555	0.797563	1
0.00260382	0.341113	0.733021	0.733021	1	1	1	0.99988	0.899734	1
0.0105063	1.36241	0.17308	0.300137	1	1	0.960474	0.897774	0.490393	1
-0.0155167	-2.14799	0.0317225	0.0823976	0.539282	0.475837	0.421908	0.383408	0.136043	0.467928
0.0030135	0.356087	0.721778	0.757854	1	1	1	0.999533	0.890108	1
0.00316691	0.371962	0.709924	0.709924	1	1	1	0.999541	0.814183	1
-0.000331201	-0.0408249	0.967436	0.972665	1	1	1	0.995251	0.967436	1
0.0036241	0.446979	0.654893	0.711948	1	1	1	0.998435	0.794824	1
-0.00235829	-0.298976	0.76496	0.83794	1	1	1	0.970361	0.76496	1
0.0011596	0.141716	0.887305	0.917487	1	1	1	0.980849	0.887305	1
-0.00278869	-0.370007	0.71138	0.80557	1	1	1	0.993061	0.817275	1
-0.0062111	-0.839461	0.401218	0.45356	1	1	0.999836	0.996452	0.848968	1
-0.00225734	-0.290288	0.771598	0.872969	1	1	1	0.997247	0.830097	1
0.00434613	0.536869	0.591362	0.739743	1	1	1	0.974029	0.718082	1
0.0096673	1.31515	0.188468	0.428305	1	1	0.971279	0.951104	0.450527	1
0.00363787	0.479764	0.631399	0.646827	1	1	1	0.997196	0.788565	1
-0.000784629	-0.105527	0.915958	0.915958	1	1	1	0.99985	0.980108	1
-0.00677403	-0.883677	0.376878	0.45923	1	1	0.999678	0.993795	0.748472	1
0.0162046	2.04993	0.0403798	0.256501	0.686456	0.605696	0.503762	0.461121	0.228819	0.787034
0.00334768	0.413915	0.678939	0.696204	1	1	1	0.998786	0.814666	1
0.00506263	0.680127	0.496429	0.496429	1	1	0.999991	0.999472	0.882165	1
0.0021286	0.285752	0.77507	0.77507	1	1	1	0.999972	0.920471	1
-0.0104816	-1.47496	0.140234	0.168241	1	1	0.923358	0.859737	0.40986	1
-0.00967028	-1.33889	0.180617	0.374909	1	1	0.966172	0.938508	0.582234	1
-0.00526089	-0.703779	0.481576	0.559819	1	1	0.999986	0.996844	0.818679	1
-0.00341693	-0.446937	0.654924	0.743683	1	1	1	0.998312	0.873212	1
-0.00438852	-0.56514	0.571982	0.571982	1	1	0.999999	0.999329	0.97237	1
-0.00434995	-0.567282	0.570527	0.593024	1	1	0.999999	0.998843	0.870762	1
-0.00100815	-0.130768	0.89596	0.89596	1	1	1	0.999975	0.961121	1
-0.00295808	-0.386067	0.69945	0.782663	1	1	1	0.997548	0.914665	1
0.000309333	0.0415333	0.966871	0.966871	1	1	1	0.999862	0.966871	1
0.00136305	0.183103	0.854718	0.854718	1	1	1	0.99979	0.908138	1
0.00710829	0.941545	0.346433	0.499499	1	1	0.999276	0.978242	0.654374	1
0.0084451	1.09701	0.272646	0.272646	1	1	0.995536	0.969856	0.66214	1
-0.00263141	-0.331852	0.740003	0.794531	1	1	1	0.998829	0.967697	1
0.00329583	0.403438	0.686629	0.702136	1	1	1	0.99892	0.787629	1
-0.00175379	-0.236991	0.812666	0.812666	1	1	1	0.999832	0.958903	1
-0.00726275	-0.963721	0.335194	0.335194	1	1	0.999032	0.991769	0.814042	1
0.00131806	0.170612	0.86453	0.86453	1	1	1	0.999663	0.988917	1
0.00265702	0.335136	0.737525	0.737525	1	1	1	0.998849	0.835862	1
-0.00831743	-1.16625	0.243524	0.384294	1	1	0.9913	0.988499	0.643519	1
-0.00892121	-1.21408	0.224728	0.224728	1	1	0.986795	0.963448	0.764074	1
0.00795302	1.01189	0.311597	0.469675	1	1	0.998249	0.976098	0.648503	1
0.012519	1.65354	0.098232	0.397405	1	1	0.82757	0.764859	0.323569	1
-0.00597288	-0.74632	0.45548	0.45548	1	1	0.999967	0.999321	0.992071	1
-0.0117617	-1.4175	0.156348	0.156348	1	1	0.944438	0.934141	0.752604	1
0.00233079	0.271952	0.785661	0.888929	1	1	1	0.961481	0.834765	1
0.00145884	0.17973	0.857366	0.903636	1	1	1	0.999942	0.98538	1
0.0175088	2.08991	0.0366341	0.138438	0.622779	0.586145	0.469785	0.449623	0.31139	1
0.0156163	1.96453	0.0494779	0.0494779	0.841124	0.742168	0.577956	0.532875	0.280375	0.964363
-0.00810811	-0.999462	0.317579	0.317579	1	1	0.99849	0.99525	0.963471	1
0.0261519	3.19079	0.00142033	0.00418906	0.0241456	0.0241456	0.0238732	0.0238732	0.0241456	0.08305
-0.0131992	-1.53706	0.124289	0.16918	1	1	0.895256	0.863413	0.704307	1
-0.0145411	-1.69278	0.090508	0.13131	1	1	0.800666	0.722086	0.307727	1
-0.00275067	-0.331108	0.740565	0.741436	1	1	1	0.998319	0.899258	1
0.00357962	0.431492	0.666114	0.714627	1	1	1	0.997946	0.871072	1
0.00460429	0.600452	0.548209	0.563164	1	1	0.999999	0.998069	0.762138	1
0.00076839	0.0973006	0.922488	0.922488	1	1	1	0.999996	0.993432	1
0.00605552	0.710628	0.47732	0.499499	1	1	0.999984	0.997088	0.863333	1
0.000979535	0.11609	0.907582	0.907582	1	1	1	0.999993	0.998903	1
-0.0140287	-1.65995	0.0969345	0.0969345	1	1	0.823304	0.804337	0.617418	1
-0.00354202	-0.425606	0.670398	0.670398	1	1	1	0.9997	0.946285	1
-0.0179917	-2.29953	0.0214819	0.165051	0.365192	0.343326	0.308693	0.29324	0.121731	0.418699
-0.0118046	-1.48369	0.137901	0.261592	1	1	0.919746	0.826092	0.334903	1
-0.0233579	-2.70706	0.00679202	0.0443373	0.115464	0.0950883	0.109399	0.0910023	0.0288661	0.0992864
-0.0182193	-2.13737	0.0325761	0.0844182	0.553794	0.488642	0.430511	0.391512	0.184598	0.634935
-0.00130101	-0.150793	0.88014	0.88014	1	1	1	0.999747	0.955518	1
-0.000660896	-0.0773195	0.93837	0.93837	1	1	1	0.999927	0.96838	1
0.00578752	0.665539	0.505711	0.542741	1	1	0.999994	0.996115	0.689244	1
0.0145639	1.6812	0.0927345	0.256843	1	1	0.808801	0.767718	0.525495	1
-0.00667046	-0.793994	0.427205	0.499499	1	1	0.999923	0.993363	0.681444	1
-0.0122069	-1.46768	0.142201	0.318101	1	1	0.926285	0.863852	0.474414	1
-0.012654	-1.54711	0.121846	0.121846	1	1	0.890176	0.857585	0.523271	1
-0.00182538	-0.219921	0.825934	0.825934	1	1	1	0.99984	0.976094	1
0.0178036	2.08991	0.036634	0.163254	0.622779	0.549511	0.469785	0.428693	0.158469	0.545063
0.0127752	1.51036	0.130962	0.283504	1	1	0.908028	0.859867	0.474123	1
0.00582691	0.674515	0.499989	0.645533	1	1	0.999992	0.993591	0.77271	1
-0.0049022	-0.569471	0.569041	0.569041	1	1	0.999999	0.999779	0.955616	1
0.00490858	0.59733	0.550292	0.719868	1	1	0.999999	0.99628	0.850451	1
0.0132339	1.58152	0.113769	0.167027	1	1	0.87168	0.836619	0.644693	1
-0.00317304	-0.373844	0.708523	0.75014	1	1	1	0.997896	0.92653	1
0.00689326	0.815878	0.414576	0.507548	1	1	0.999889	0.990759	0.70478	1
-0.0101499	-1.1869	0.235277	0.263105	1	1	0.989539	0.949184	0.571387	1
0.0138737	1.60591	0.108305	0.109622	1	1	0.857545	0.840243	0.762343	1
0.00796057	0.976019	0.329063	0.476848	1	1	0.998869	0.981515	0.663158	1
0.0158744	1.97339	0.0484603	0.190573	0.823825	0.775364	0.570209	0.54832	0.411912	1
0.00876438	1.01709	0.309121	0.41082	1	1	0.998139	0.985564	0.695166	1
0.00273726	0.313134	0.754181	0.800985	1	1	1	0.999803	0.931233	1
0.0116433	1.32597	0.184859	0.39092	1	1	0.969029	0.951827	0.505957	1
0.0145886	1.67369	0.0942027	0.0942027	1	1	0.813994	0.775746	0.533815	1
-0.00369942	-0.425683	0.670342	0.670342	1	1	1	0.999577	0.896653	1
0.00432614	0.500785	0.616526	0.741703	1	1	1	0.996908	0.781322	1
0.00265279	0.310466	0.756209	0.850177	1	1	1	0.998508	0.907221	1
-0.0271445	-3.26165	0.00110889	0.0117332	0.0188512	0.0188512	0.0186848	0.0186848	0.0188512	0.0648395
0.00538182	0.812448	0.416541	0.581824	1	1	0.999895	0.973277	0.544707	1
0.0132337	1.66335	0.0962524	0.168927	1	1	0.821021	0.801959	0.694118	1
0.0231697	3.07656	0.0020959	0.0020959	0.0356303	0.0335344	0.0350391	0.0330124	0.0178152	0.0612762
0.0190984	2.47839	0.013203	0.013203	0.224451	0.211248	0.202239	0.191565	0.112225	0.386005
0.00739498	0.955507	0.339329	0.381367	1	1	0.99913	0.993085	0.8135	1
-0.0119589	-1.65662	0.0976072	0.164388	1	1	0.825528	0.708427	0.276554	0.951221
-0.0023424	-0.279133	0.780145	0.806934	1	1	1	0.998696	0.942678	1
-0.00168346	-0.199813	0.841628	0.884854	1	1	1	0.9999	0.964177	1
-0.00282905	-0.341033	0.733081	0.799177	1	1	1	0.997545	0.830825	1
0.000652581	0.0785525	0.937389	0.939754	1	1	1	0.999892	0.989529	1
-0.00254777	-0.35739	0.720803	0.720803	1	1	1	0.999963	0.932271	1
-0.000780575	-0.100825	0.91969	0.940896	1	1	1	0.994442	0.91969	1
0.000283185	0.0439432	0.96495	0.976096	1	1	1	0.994292	0.96495	1
-0.00180062	-0.269878	0.787256	0.866898	1	1	1	0.998853	0.902367	1
-0.00571571	-0.731603	0.464416	0.618548	1	1	0.999975	0.99323	0.789508	1
4.80393e-05	0.00590772	0.995286	0.996148	1	1	1	0.996662	0.995286	1
0.00257195	0.352858	0.724197	0.76347	1	1	1	0.999923	0.861824	1
-0.00685584	-0.90657	0.364642	0.462001	1	1	0.999552	0.995673	0.667048	1
-0.0226932	-2.8375	0.00454987	0.047245	0.0773479	0.072798	0.0745955	0.0703658	0.0386739	0.133021
-0.0182105	-2.24156	0.0249972	0.0249972	0.424953	0.399956	0.349721	0.333049	0.147941	0.508852
0.0136011	1.77266	0.076295	0.183087	1	1	0.740543	0.670795	0.324254	1
0.00164216	0.211252	0.832692	0.837599	1	1	1	0.999216	0.999464	1
0.00937419	1.19579	0.231787	0.231787	1	1	0.988697	0.957755	0.65673	1
0.00958931	1.21309	0.225103	0.2589	1	1	0.986904	0.975348	0.773297	1
-0.016376	-2.21629	0.0266792	0.0266792	0.453546	0.400188	0.368531	0.333439	0.151182	0.519999
-0.0174122	-2.34991	0.0187846	0.0732319	0.319339	0.281769	0.275574	0.247572	0.106446	0.366127
-0.0128856	-1.81605	0.0693728	0.0693728	1	1	0.705431	0.683472	0.444851	1
-0.0106675	-1.45598	0.145409	0.265733	1	1	0.930834	0.905294	0.555991	1
0.00596383	0.760018	0.44725	0.52811	1	1	0.999958	0.992092	0.691204	1
0.000468191	0.0599952	0.95216	0.95216	1	1	1	0.999601	0.95216	1
0.00603271	0.811666	0.41699	0.523609	1	1	0.999896	0.98833	0.626515	1
-0.00138225	-0.185603	0.852757	0.917289	1	1	1	0.996808	0.917132	1
0.0103235	1.34964	0.177141	0.44568	1	1	0.963648	0.882894	0.386669	1
0.00808502	1.0548	0.291525	0.499499	1	1	0.997146	0.967967	0.550658	1
0.00424878	0.521294	0.602166	0.645987	1	1	1	0.998423	0.860306	1
0.0147908	1.81464	0.0695894	0.214499	1	0.974251	0.706594	0.635712	0.295755	1
0.00162847	0.210232	0.833488	0.8947	1	1	1	0.998162	0.94462	1
0.00906707	1.14588	0.251855	0.411844	1	1	0.992793	0.987124	0.607061	1
0.00615265	0.799979	0.42373	0.42373	1	1	0.999915	0.998659	0.825711	1
0.00568551	0.73481	0.462461	0.462461	1	1	0.999974	0.998477	0.906904	1
0.00556758	0.726528	0.467521	0.494568	1	1	0.999978	0.99883	0.707123	1
0.00547439	0.683254	0.494451	0.499499	1	1	0.999991	0.999066	0.853957	1
1.47035e-06	0.000193691	0.999845	0.999906	1	1	1	0.999845	0.999845	1
-0.000733162	-0.0956665	0.923786	0.923786	1	1	1	0.999741	0.923786	1
0.002351	0.290596	0.771362	0.771362	1	1	1	0.999855	0.941868	1
0.0109046	1.38453	0.166208	0.245354	1	1	0.954503	0.864595	0.403648	1
-0.00371893	-0.463014	0.643358	0.643358	1	1	1	0.999988	0.988931	1
-0.0161327	-1.9591	0.05011	0.05011	0.851869	0.851869	0.582702	0.582702	0.47412	1
-0.00146915	-0.17884	0.858065	0.858065	1	1	1	0.999928	0.911694	1
0.0103152	1.22243	0.221556	0.499499	1	1	0.985846	0.895034	0.418494	1
-0.00366603	-0.46297	0.643389	0.643389	1	1	1	0.999765	0.886629	1
-0.00819003	-1.01924	0.308097	0.308097	1	1	0.998091	0.987962	0.80052	1
0.0119613	1.4118	0.15802	0.15802	1	1	0.946281	0.910004	0.572736	1
-0.0175776	-2.42179	0.0154503	0.0490664	0.262656	0.233474	0.232568	0.209583	0.0875519	0.301139
0.00719164	0.846824	0.3971	0.3971	1	1	0.999816	0.993655	0.827107	1
0.00754383	0.879356	0.379215	0.499499	1	1	0.999698	0.992275	0.625477	1
0.00388416	0.485391	0.627402	0.645771	1	1	1	0.999003	0.81641	1
0.00419379	0.522981	0.600991	0.600991	1	1	1	0.999358	0.864331	1
-0.00469935	-0.576074	0.56457	0.62517	1	1	0.999999	0.998708	0.875045	1
-0.000410443	-0.050995	0.95933	0.964867	1	1	1	0.999412	0.962297	1
-0.0034935	-0.420449	0.67416	0.742841	1	1	1	0.993944	0.807763	1
-0.00620376	-0.759886	0.447329	0.521293	1	1	0.999958	0.992985	0.714343	1
0.00572331	0.713522	0.475528	0.475528	1	1	0.999983	0.99916	0.814253	1
0.00705142	0.86983	0.3844	0.599005	1	1	0.999738	0.979375	0.606762	1
0.0192353	2.33273	0.0196689	0.210129	0.334371	0.295034	0.286593	0.257679	0.111457	0.383363
0.0135291	1.63601	0.101847	0.101847	1	1	0.838952	0.724448	0.288567	0.992541
0.0206182	2.46252	0.013802	0.013802	0.234635	0.220832	0.210432	0.199381	0.0995237	0.342317
0.0139094	1.66613	0.0956978	0.16727	1	1	0.819145	0.700937	0.271144	0.932613
0.013596	1.63642	0.101762	0.335818	1	1	0.838693	0.800073	0.473972	1
0.00482102	0.570799	0.56814	0.56814	1	1	0.999999	0.999774	0.937623	1
0.00235682	0.309157	0.757204	0.771473	1	1	1	0.996826	0.80453	1
-0.00316997	-0.418884	0.675304	0.678013	1	1	1	0.999565	0.88309	1
-0.000920972	-0.115571	0.907994	0.930467	1	1	1	0.996533	0.907994	1
0.00244765	0.301069	0.763364	0.827395	1	1	1	0.997812	0.926942	1
0.00387473	0.46457	0.642243	0.680672	1	1	1	0.999171	0.805673	1
0.0049518	0.597109	0.550439	0.638862	1	1	0.999999	0.996289	0.736689	1
-0.0136467	-1.7241	0.0847001	0.0847001	1	1	0.777885	0.757331	0.686212	1
-0.00788605	-1.00133	0.316677	0.398047	1	1	0.998456	0.989636	0.800252	1
-0.00570599	-0.701265	0.483143	0.499499	1	1	0.999987	0.99842	0.788131	1
-0.00212354	-0.257931	0.796462	0.796462	1	1	1	0.999366	0.936551	1
-0.00365037	-0.491489	0.623084	0.674328	1	1	1	0.994632	0.756602	1
-0.00316011	-0.421824	0.673156	0.673156	1	1	1	0.999913	0.892357	1
0.00667984	0.833293	0.404686	0.502635	1	1	0.999852	0.990648	0.642143	1
-0.00131358	-0.162599	0.870835	0.878628	1	1	1	0.999809	0.924241	1
-0.00244262	-0.295823	0.767367	0.769098	1	1	1	0.998716	0.842432	1
-0.00608349	-0.72951	0.465696	0.499499	1	1	0.999976	0.996451	0.879647	1
-0.00866831	-1.18358	0.236589	0.481703	1	1	0.98984	0.932766	0.483498	1
-0.0159516	-2.16667	0.0302676	0.0416317	0.514549	0.454014	0.406962	0.369364	0.171516	0.589939
-0.000779162	-0.0951425	0.924202	0.941491	1	1	1	0.99624	0.963833	1
0.00127862	0.15326	0.878194	0.881658	1	1	1	0.997536	0.91131	1
-0.0112649	-1.49582	0.134712	0.134712	1	1	0.914546	0.885867	0.763369	1
-0.0088225	-1.15342	0.248745	0.248745	1	1	0.992266	0.98176	0.935422	1
0.00796157	0.961661	0.336228	0.446442	1	1	0.999057	0.986659	0.697569	1
0.00716016	0.883204	0.377133	0.445692	1	1	0.99968	0.99659	0.820135	1
-0.000120152	-0.0140506	0.98879	0.989659	1	1	1	0.999471	0.98879	1
-0.00634657	-0.768443	0.44223	0.499499	1	1	0.999951	0.994775	0.804222	1
-0.0052424	-0.631715	0.527578	0.527578	1	1	0.999997	0.999446	0.920073	1
0.0084365	1.03412	0.301087	0.346612	1	1	0.997734	0.985758	0.663521	1
0.00142111	0.18353	0.854384	0.854384	1	1	1	0.999995	0.952544	1
-0.00463342	-0.575056	0.565257	0.565257	1	1	0.999999	0.999914	0.924828	1
0.00635648	0.798777	0.424426	0.499499	1	1	0.999916	0.993067	0.74312	1
-0.0162765	-2.24022	0.0250837	0.0616674	0.426423	0.376255	0.350701	0.316859	0.12527	0.430871
0.00346594	0.409349	0.682286	0.682286	1	1	1	0.999673	0.862826	1
0.00374764	0.440302	0.659722	0.659722	1	1	1	0.999284	0.79829	1
-0.000878637	-0.110176	0.912271	0.912271	1	1	1	0.999961	0.961087	1
0.00583991	0.734205	0.46283	0.46283	1	1	0.999974	0.998925	0.982073	1
0.0019084	0.232749	0.815958	0.849636	1	1	1	0.998346	0.891887	1
0.0031307	0.381711	0.702679	0.724604	1	1	1	0.999795	0.929399	1
-0.00360155	-0.429646	0.667456	0.805315	1	1	1	0.995616	0.810483	1
-0.00779924	-0.955134	0.339518	0.413491	1	1	0.999134	0.991435	0.76713	1
-0.00282972	-0.35528	0.722382	0.768411	1	1	1	0.9986	0.815078	1
0.00469707	0.589327	0.555647	0.697788	1	1	0.999999	0.992302	0.692937	1
0.00480699	0.639034	0.522806	0.522806	1	1	0.999997	0.999033	0.771374	1
0.00197179	0.258969	0.795661	0.844978	1	1	1	0.997809	0.84539	1
0.00962613	1.24052	0.214795	0.450458	1	1	0.983605	0.95687	0.50432	1
0.000519335	0.0651414	0.948062	0.959466	1	1	1	0.999993	0.965832	1
0.0109019	1.3214	0.186377	0.322287	1	1	0.969995	0.944291	0.693815	1
0.00115239	0.138394	0.88993	0.898287	1	1	1	0.998186	0.94555	1
0.00385774	0.507769	0.611619	0.611619	1	1	1	0.999808	0.85711	1
0.00282683	0.376415	0.706611	0.706611	1	1	1	0.999849	0.960596	1
-0.0022693	-0.306583	0.759163	0.79685	1	1	1	0.999805	0.918719	1
-0.00501775	-0.675109	0.499612	0.518959	1	1	0.999992	0.997204	0.768827	1
-0.00203847	-0.264164	0.791656	0.791656	1	1	1	0.999936	0.970739	1
-0.00113329	-0.145167	0.88458	0.88458	1	1	1	0.99867	0.88458	1
-0.00810483	-1.02891	0.303529	0.432095	1	1	0.997865	0.981296	0.711136	1
-0.00823399	-1.05321	0.292253	0.421773	1	1	0.997195	0.977682	0.655524	1
-0.00628228	-0.769805	0.441422	0.441422	1	1	0.99995	0.998348	0.879521	1
-0.00527582	-0.656949	0.511219	0.536599	1	1	0.999995	0.996856	0.790066	1
-0.00456306	-0.587027	0.55719	0.55719	1	1	0.999999	0.99883	0.865634	1
0.000295152	0.0381278	0.969586	0.969586	1	1	1	0.999989	0.988779	1
0.0032849	0.409145	0.682437	0.773284	1	1	1	0.996492	0.798279	1
-0.000216319	-0.0267754	0.978639	0.983209	1	1	1	0.999544	0.984957	1
-0.00654161	-0.78568	0.432061	0.45406	1	1	0.999933	0.998017	0.858445	1
-0.00117774	-0.139318	0.8892	0.925284	1	1	1	0.999871	0.942682	1
-0.0059287	-0.791903	0.428423	0.499499	1	1	0.999926	0.993489	0.77207	1
-0.00870506	-1.15958	0.246227	0.410303	1	1	0.991814	0.959656	0.523233	1
-0.000605076	-0.0748678	0.94032	0.947696	1	1	1	0.997723	0.94032	1
0.000561696	0.0691976	0.944833	0.944833	1	1	1	0.999951	0.966046	1
-0.0104081	-1.38953	0.164683	0.164683	1	1	0.953067	0.932738	0.754551	1
-0.0126562	-1.67979	0.0930086	0.147882	1	1	0.809781	0.790275	0.772905	1
0.0068583	0.814319	0.415469	0.499499	1	1	0.999891	0.992863	0.716536	1
0.00933818	1.13681	0.255629	0.282322	1	1	0.993387	0.982194	0.729197	1
-0.00578699	-0.726233	0.467701	0.467701	1	1	0.999978	0.998174	0.904211	1
-0.0124202	-1.50623	0.132018	0.262238	1	1	0.909909	0.896207	0.688108	1
-0.00645241	-0.789659	0.429733	0.429733	1	1	0.999929	0.999325	0.972208	1
-0.0166747	-2.04531	0.0408331	0.0671596	0.694163	0.65333	0.507733	0.486776	0.347082	1
-0.0049403	-0.592976	0.553201	0.553201	1	1	0.999999	0.9985	0.742152	1
0.00628704	0.729773	0.465535	0.597593	1	1	0.999976	0.987542	0.719463	1
-0.00243345	-0.29674	0.766667	0.801544	1	1	1	0.997036	0.930953	1
0.00842228	0.993758	0.320349	0.402112	1	1	0.998591	0.985706	0.732284	1
-0.0225993	-2.75114	0.00594236	0.0102617	0.10102	0.0891353	0.0963574	0.0855214	0.0336733	0.115821
-0.00892565	-1.08033	0.280006	0.395595	1	1	0.996245	0.986028	0.71706	1
-0.00772211	-1.06549	0.286663	0.355523	1	1	0.996794	0.982641	0.812213	1
-0.014639	-2.07959	0.0375718	0.143335	0.638721	0.60115	0.478491	0.458132	0.319361	1
-0.00320951	-0.400072	0.689107	0.689107	1	1	1	0.999695	0.90114	1
0.00318009	0.399562	0.689482	0.782838	1	1	1	0.989187	0.781413	1
0.00165706	0.20309	0.839066	0.839066	1	1	1	0.999668	0.950941	1
0.00810294	0.965627	0.334239	0.382566	1	1	0.999008	0.994952	0.800234	1
0.00440975	0.526141	0.598794	0.598794	1	1	1	0.998568	0.82318	1
0.00823512	0.968351	0.332877	0.441521	1	1	0.998973	0.992229	0.651237	1
0.00504907	0.63154	0.527692	0.527692	1	1	0.999997	0.998919	0.983558	1
0.00144307	0.17928	0.857719	0.857719	1	1	1	0.999954	0.98768	1
0.00155266	0.188917	0.850159	0.850159	1	1	1	0.999976	0.982873	1
0.00166599	0.199841	0.841606	0.841606	1	1	1	0.999999	0.932385	1
-0.0114026	-1.37802	0.168207	0.168207	1	1	0.956322	0.924105	0.651285	1
-0.0014209	-0.168488	0.866201	0.882919	1	1	1	0.999778	0.938485	1
-0.0086173	-1.09127	0.275164	0.275164	1	1	0.995792	0.978968	0.779632	1
-0.00776715	-0.979302	0.327438	0.327438	1	1	0.998821	0.987263	0.795208	1
0.00356443	0.445457	0.655993	0.656931	1	1	1	0.998343	0.841442	1
0.00841805	1.06197	0.288257	0.288257	1	1	0.996913	0.991439	0.836378	1
0.000123696	0.0153261	0.987772	0.987772	1	1	1	0.999998	0.996354	1
0.00400298	0.493026	0.621998	0.621998	1	1	1	0.999857	0.932709	1
0.000470061	0.0577535	0.953945	0.953945	1	1	1	0.999802	0.953945	1
0.00296943	0.366973	0.713642	0.757378	1	1	1	0.996069	0.866565	1
0.000914504	0.110641	0.911902	0.911902	1	1	1	0.998862	0.914433	1
0.00323678	0.394689	0.693075	0.756193	1	1	1	0.997276	0.883333	1
-0.000295061	-0.0380286	0.969665	0.973507	1	1	1	0.999887	0.969665	1
-0.00197511	-0.255509	0.798332	0.798332	1	1	1	0.999933	0.984268	1
-0.0020023	-0.245738	0.805886	0.809984	1	1	1	0.999073	0.805886	1
0.0019029	0.23315	0.815646	0.828645	1	1	1	0.999698	0.973952	1
0.0021066	0.2601	0.794788	0.794788	1	1	1	0.999499	0.913288	1
-0.0054304	-0.657321	0.510979	0.574397	1	1	0.999995	0.997112	0.789696	1
-0.00537075	-0.641468	0.521224	0.521224	1	1	0.999996	0.998678	0.984533	1
-0.00681635	-0.823156	0.410426	0.410426	1	1	0.999874	0.994926	0.872155	1
-0.00600945	-0.720997	0.470917	0.470917	1	1	0.99998	0.999519	0.938487	1
-0.00350294	-0.426325	0.669874	0.730288	1	1	1	0.998706	0.948989	1
0.00220859	0.29092	0.771115	0.771115	1	1	1	0.999985	0.953963	1
0.00865007	1.14976	0.25025	0.262887	1	1	0.992526	0.982265	0.8748	1
0.00130145	0.161063	0.872045	0.872045	1	1	1	0.999569	0.916735	1
0.000119547	0.0150256	0.988012	0.988012	1	1	1	0.999856	0.999802	1
-0.00132226	-0.166108	0.868073	0.868654	1	1	1	0.999055	0.868073	1
8.66162e-05	0.0108033	0.99138	0.993866	1	1	1	0.998561	0.99138	1
-0.011443	-1.63774	0.101486	0.101486	1	1	0.837847	0.819532	0.807307	1
-0.00645981	-0.849947	0.395362	0.477144	1	1	0.999807	0.993469	0.658087	1
-0.0306718	-3.72577	0.000195079	0.0182446	0.00331634	0.00312126	0.00331117	0.0031167	0.00165817	0.00570337
-0.0146782	-1.74845	0.080397	0.0974502	1	1	0.759449	0.759449	0.608824	1
-0.000632094	-0.0791113	0.936945	0.936945	1	1	1	0.99996	0.991597	1
-0.0238762	-3.01179	0.00259933	0.0106163	0.0441887	0.0441887	0.0432816	0.0432816	0.0441887	0.151989
0.0102243	1.20879	0.226752	0.359704	1	1	0.987369	0.923583	0.481847	1
0.00837649	0.981436	0.326386	0.51392	1	1	0.998789	0.967801	0.554856	1
0.00274973	0.333585	0.738695	0.838115	1	1	1	0.998782	0.89823	1
0.00334484	0.402117	0.687601	0.753557	1	1	1	0.998876	0.818331	1
0.00243539	0.327052	0.743631	0.743631	1	1	1	0.99988	0.90653	1
0.00524376	0.682855	0.494704	0.60821	1	1	0.999991	0.987621	0.600711	1
0.00596967	0.771936	0.440159	0.440159	1	1	0.999948	0.998307	0.903752	1
-0.000798044	-0.101631	0.91905	0.924606	1	1	1	0.99803	0.91905	1
0.0103126	1.28174	0.199942	0.28466	1	1	0.977454	0.931221	0.566503	1
0.00476237	0.584295	0.559026	0.565743	1	1	0.999999	0.99857	0.889404	1
0.00775627	0.922905	0.356064	0.356064	1	1	0.999437	0.998643	0.83419	1
0.00227299	0.268841	0.788054	0.805466	1	1	1	0.997843	0.87467	1
0.0287195	3.38552	0.000711348	0.0193505	0.0120929	0.0113816	0.0120243	0.011321	0.00604646	0.0207971
0.0170575	2.00532	0.0449381	0.0692429	0.763948	0.629134	0.542348	0.474659	0.190987	0.65691
-0.0081849	-1.01034	0.31234	0.397238	1	1	0.998281	0.988819	0.746408	1
-0.00345688	-0.427907	0.668722	0.676097	1	1	1	0.999734	0.921801	1
-0.0128595	-1.49585	0.134702	0.134702	1	1	0.91453	0.885848	0.639214	1
-0.0168425	-1.9726	0.04855	0.0734338	0.82535	0.72825	0.570897	0.525988	0.275117	0.946278
0.0132305	1.57505	0.115255	0.115255	1	1	0.875289	0.84068	0.647647	1
0.0150982	1.8066	0.0708347	0.232511	1	1	0.713199	0.667804	0.401396	1
0.0154133	1.96759	0.0491246	0.0491246	0.835118	0.785993	0.575281	0.553339	0.417559	1
0.0123019	1.53072	0.12585	0.12585	1	1	0.898385	0.86702	0.592318	1
-0.0187781	-2.25471	0.0241585	0.161581	0.410695	0.386537	0.340146	0.323811	0.205348	0.706304
-0.011057	-1.33159	0.183007	0.361076	1	1	0.96781	0.891756	0.437955	1
-0.013539	-1.66446	0.0960307	0.178832	1	1	0.820273	0.756695	0.33979	1
-0.00269341	-0.330902	0.74072	0.783723	1	1	1	0.998828	0.859534	1
-0.0115913	-1.40476	0.160102	0.2585	1	1	0.948495	0.876769	0.453622	1
-0.00998539	-1.20444	0.228428	0.305527	1	1	0.987827	0.965653	0.776656	1
-0.00552216	-0.661609	0.508227	0.56731	1	1	0.999994	0.994837	0.719988	1
-0.0105607	-1.27671	0.201715	0.261002	1	1	0.978289	0.946537	0.584441	1
-0.00134794	-0.170962	0.864255	0.887817	1	1	1	0.999489	0.908594	1
-0.0131829	-1.69026	0.0909893	0.103373	1	1	0.802452	0.802452	0.793379	1
-0.0111934	-1.43567	0.151108	0.254824	1	1	0.938271	0.881127	0.476013	1
-0.00905921	-1.17006	0.241986	0.264973	1	1	0.990994	0.972723	0.822754	1
-0.015078	-1.76813	0.07705	0.318268	1	0.9246	0.744125	0.617934	0.218308	0.750883
-0.00510597	-0.592434	0.553564	0.55521	1	1	0.999999	0.997965	0.784216	1
-0.0128839	-1.49808	0.134123	0.423432	1	1	0.913553	0.763103	0.285012	0.980314
-0.0128322	-1.48563	0.137387	0.31469	1	1	0.918928	0.873694	0.506535	1
-0.00519636	-0.611537	0.540849	0.540849	1	1	0.999998	0.999093	0.927264	1
-0.00982084	-1.16354	0.244619	0.478093	1	1	0.991512	0.95431	0.506292	1
-0.005013	-0.585546	0.558185	0.558185	1	1	0.999999	0.998819	0.777535	1
0.0133302	1.57645	0.114933	0.114933	1	1	0.874514	0.819004	0.488464	1
-0.00439869	-0.548014	0.583686	0.679742	1	1	1	0.990131	0.763282	1
0.00609526	0.727321	0.467035	0.499499	1	1	0.999977	0.99653	0.831317	1
0.00429829	0.577463	0.563631	0.620308	1	1	0.999999	0.996303	0.737056	1
0.00387618	0.539218	0.58974	0.673481	1	1	1	0.995459	0.771199	1
0.0144438	1.85883	0.0630616	0.0794944	1	1	0.669564	0.647324	0.390035	1
-0.0131407	-1.83457	0.0665798	0.195106	1	0.798957	0.690035	0.562552	0.188643	0.648846
-0.00430314	-0.501559	0.615981	0.711611	1	1	1	0.993153	0.747977	1
-0.00171074	-0.198853	0.842379	0.842379	1	1	1	0.999826	0.959422	1
-0.00256994	-0.320802	0.748362	0.832767	1	1	1	0.98765	0.748362	1
-0.00444286	-0.568414	0.569758	0.651279	1	1	0.999999	0.99399	0.74707	1
-0.0111321	-1.32436	0.185394	0.390519	1	1	0.969373	0.924006	0.457115	1
0.000887278	0.109496	0.91281	0.934098	1	1	1	0.993154	0.919426	1
-0.00114272	-0.143291	0.886062	0.922958	1	1	1	0.998867	0.886062	1
-0.0012629	-0.163008	0.870513	0.891017	1	1	1	0.998837	0.92492	1
0.000487983	0.0619029	0.950641	0.950641	1	1	1	0.99999	0.967519	1
0.00910747	1.11716	0.263936	0.36557	1	1	0.994535	0.965639	0.61816	1
0.0187456	2.43837	0.0147593	0.0387421	0.250908	0.236149	0.22336	0.211725	0.125454	0.431506
0.00041944	0.0524931	0.958136	0.958136	1	1	1	0.999995	0.988434	1
0.00353969	0.476732	0.633556	0.633556	1	1	1	0.999881	0.985333	1
-0.00205598	-0.264565	0.791347	0.791347	1	1	1	0.999969	0.901456	1
0.00865617	1.08139	0.279534	0.431565	1	1	0.996203	0.972851	0.614022	1
0.00139369	0.167465	0.867005	0.896973	1	1	1	0.999652	0.892508	1
-0.0068708	-0.904731	0.365615	0.404087	1	1	0.999563	0.989443	0.776932	1
-0.00769207	-1.01552	0.309866	0.520709	1	1	0.998172	0.951558	0.478883	1
-0.00980866	-1.44533	0.148376	0.267096	1	1	0.934805	0.889753	0.439468	1
0.000192144	0.0266005	0.978779	0.985194	1	1	1	0.999819	0.978779	1
-0.00826943	-1.11261	0.265886	0.372637	1	1	0.994776	0.9755	0.70349	1
0.00331337	0.427179	0.669252	0.669252	1	1	1	0.99891	0.760047	1
-0.00772625	-0.9974	0.318578	0.621999	1	1	0.998527	0.899886	0.451319	1
-0.00527884	-0.665811	0.505537	0.619221	1	1	0.999994	0.996427	0.859413	1
-0.00598377	-0.781533	0.434496	0.57093	1	1	0.999938	0.979772	0.615535	1
-0.000905776	-0.112081	0.91076	0.944051	1	1	1	0.999968	0.977877	1
0.00239496	0.297753	0.765894	0.82264	1	1	1	0.999835	0.945203	1
0.00330291	0.40378	0.686377	0.686377	1	1	1	0.999906	0.930463	1
0.00430411	0.550666	0.581867	0.581867	1	1	1	0.998746	0.74874	1
0.00891315	1.12978	0.258577	0.492447	1	1	0.993818	0.969272	0.503178	1
-0.00173804	-0.206807	0.836162	0.836579	1	1	1	0.999573	0.946756	1
-0.0042386	-0.514979	0.606572	0.606572	1	1	1	0.999911	0.99958	1
-0.00727482	-0.951859	0.341176	0.499499	1	1	0.99917	0.986931	0.644444	1
-0.0121895	-1.60652	0.108171	0.228021	1	1	0.85718	0.746848	0.306484	1
-0.00443295	-0.600754	0.548008	0.612753	1	1	0.999999	0.998181	0.786012	1
0.000322501	0.0396957	0.968336	0.968336	1	1	1	0.999862	0.999605	1
-0.0136689	-1.75633	0.0790424	0.0790424	1	1	0.753354	0.753354	0.627401	1
-0.0104244	-1.31605	0.188167	0.328827	1	1	0.971098	0.945983	0.621417	1
0.0206003	2.42238	0.0154251	0.0154251	0.262227	0.262227	0.232234	0.232234	0.133062	0.457675
-0.00135592	-0.159159	0.873545	0.889593	1	1	1	0.99938	0.936665	1
-0.0126421	-1.5196	0.128622	0.128622	1	1	0.903724	0.903724	0.990985	1
-0.0105322	-1.24399	0.213515	0.213515	1	1	0.983145	0.978569	0.991541	1
0.00317767	0.376166	0.706796	0.706796	1	1	1	0.999859	0.874159	1
0.00442588	0.522613	0.601247	0.601247	1	1	1	0.999539	0.936677	1
-0.00833206	-0.977645	0.328258	0.447014	1	1	0.998845	0.987433	0.668503	1
-0.00770821	-0.922904	0.356064	0.356064	1	1	0.999437	0.994605	0.858206	1
-0.00443995	-0.521964	0.601699	0.660227	1	1	1	0.995871	0.70248	1
-0.00921792	-1.08457	0.278123	0.293062	1	1	0.996075	0.972261	0.675441	1
-0.00682688	-0.797918	0.424924	0.63842	1	1	0.999918	0.979199	0.656701	1
-0.00766417	-0.927544	0.353651	0.353651	1	1	0.9994	0.994684	0.857473	1
-0.00755221	-0.887632	0.374746	0.497572	1	1	0.999659	0.990868	0.707024	1
-0.0057091	-0.673323	0.500747	0.500747	1	1	0.999993	0.998972	0.63575	1
-0.00420779	-0.495888	0.619977	0.619977	1	1	1	0.999906	0.879956	1
0.00204959	0.242686	0.808251	0.808251	1	1	1	0.999772	0.95992	1
-0.00280415	-0.327576	0.743235	0.743235	1	1	1	0.999926	0.889026	1
-0.00226075	-0.273748	0.78428	0.78428	1	1	1	0.999785	0.839812	1
-0.00029583	-0.0354772	0.971699	0.971699	1	1	1	0.998816	0.971699	1
-0.00338482	-0.412563	0.67993	0.755554	1	1	1	0.999634	0.912334	1
-0.00102073	-0.122569	0.90245	0.90245	1	1	1	0.999647	0.984164	1
0.00268683	0.329229	0.741985	0.802993	1	1	1	0.999108	0.900982	1
-0.0108713	-1.3128	0.18926	0.18926	1	1	0.971752	0.957024	0.953065	1
-0.00289394	-0.345349	0.729834	0.762307	1	1	1	0.999682	0.90132	1
-0.0094929	-1.12432	0.260884	0.484554	1	1	0.994137	0.964039	0.524	1
-0.00819879	-0.991262	0.321565	0.321565	1	1	0.998633	0.993549	0.986698	1
-0.00618975	-0.775506	0.438047	0.438047	1	1	0.999944	0.998235	0.903828	1
-0.00928795	-1.14687	0.251446	0.251446	1	1	0.992726	0.982657	0.858593	1
0.000281025	0.0343505	0.972598	0.972598	1	1	1	0.999895	0.972598	1
-0.00312539	-0.39465	0.693104	0.802668	1	1	1	0.998355	0.841627	1
-0.00185286	-0.216086	0.828922	0.828922	1	1	1	0.999942	0.900925	1
0.00943453	1.1786	0.238566	0.403091	1	1	0.990278	0.971079	0.544327	1
-0.00192689	-0.236802	0.812812	0.81574	1	1	1	0.999929	0.96197	1
0.00360181	0.44247	0.658152	0.695909	1	1	1	0.996815	0.799185	1
-0.00197422	-0.242095	0.808708	0.830316	1	1	1	0.999581	0.916536	1
-0.00462824	-0.568896	0.569431	0.63012	1	1	0.999999	0.993131	0.701125	1
-0.000674866	-0.0816343	0.934938	0.954615	1	1	1	0.995767	0.981429	1
0.00989431	1.2387	0.215468	0.311535	1	1	0.983842	0.956947	0.610491	1
-0.00852925	-1.05855	0.289813	0.289813	1	1	0.997026	0.994104	0.980739	1
0.00509453	0.650338	0.515479	0.637146	1	1	0.999996	0.985025	0.649099	1
-0.00570515	-0.683538	0.494272	0.494272	1	1	0.999991	0.9996	0.989962	1
0.00780589	0.97787	0.328147	0.491175	1	1	0.998842	0.981261	0.637462	1
0.000368763	0.0452125	0.963938	0.973261	1	1	1	0.999232	0.963938	1
0.00220398	0.273492	0.784477	0.824656	1	1	1	0.997048	0.882562	1
-0.00866681	-1.01316	0.310994	0.499499	1	1	0.998223	0.97423	0.587433	1
0.0130269	1.64741	0.0994849	0.25395	1	1	0.831598	0.792334	0.481664	1
-0.000388098	-0.0475716	0.962058	0.962058	1	1	1	0.999934	0.993221	1
-0.00631983	-0.819385	0.412573	0.499499	1	1	0.999882	0.996324	0.779305	1
-0.00700775	-0.864527	0.387305	0.503299	1	1	0.999758	0.989069	0.658419	1
-0.0141294	-1.70476	0.0882503	0.0882503	1	1	0.792085	0.749888	0.500085	1
0.000973364	0.117654	0.906343	0.942434	1	1	1	0.998748	0.906343	1
0.00175453	0.212364	0.831825	0.831825	1	1	1	0.999434	0.942735	1
0.00589856	0.700735	0.483474	0.523479	1	1	0.999987	0.996702	0.747187	1
-0.00961281	-1.17931	0.238285	0.397673	1	1	0.990217	0.949914	0.537177	1
0.0028809	0.343747	0.731039	0.742884	1	1	1	0.999372	0.895814	1
-0.00384942	-0.480393	0.630951	0.739431	1	1	1	0.987665	0.707486	1
-0.0100233	-1.1898	0.234135	0.250583	1	1	0.98927	0.959278	0.663383	1
-0.00093712	-0.113727	0.909455	0.939431	1	1	1	0.99522	0.909455	1
-0.00197667	-0.240184	0.810189	0.86647	1	1	1	0.999433	0.979993	1
0.00206672	0.252471	0.800678	0.800678	1	1	1	0.999998	0.923439	1
-0.00795707	-0.974651	0.329741	0.499499	1	1	0.998888	0.984189	0.602541	1
-0.00542646	-0.6628	0.507463	0.719592	1	1	0.999994	0.941149	0.592841	1
0.00569456	0.786211	0.43175	0.437638	1	1	0.999933	0.998005	0.702521	1
-0.0062115	-0.763216	0.44534	0.582432	1	1	0.999955	0.991042	0.757079	1
-0.00726241	-0.895677	0.370432	0.517222	1	1	0.999617	0.979391	0.510451	1
-0.00516007	-0.633581	0.526359	0.579771	1	1	0.999997	0.99456	0.745676	1
-0.00162989	-0.203249	0.838942	0.838942	1	1	1	1	0.965553	1
0.00746777	0.971256	0.331429	0.437282	1	1	0.998935	0.99537	0.710423	1
0.00539917	0.674651	0.499903	0.499903	1	1	0.999992	0.998798	0.802958	1
-0.00942958	-1.18206	0.237191	0.282891	1	1	0.989975	0.933295	0.504031	1
-0.00239284	-0.295665	0.767488	0.782707	1	1	1	0.999774	0.907143	1
0.00283787	0.363383	0.716321	0.82696	1	1	1	0.998502	0.761092	1
0.00451075	0.549682	0.582541	0.582541	1	1	1	0.99842	0.807429	1
-0.0125333	-1.55714	0.119447	0.334706	1	1	0.884962	0.83151	0.404093	1
-0.000919511	-0.11791	0.90614	0.921775	1	1	1	0.993863	0.90614	1
0.00774789	1.06432	0.287192	0.287192	1	1	0.996834	0.975862	0.697467	1
-0.00623808	-0.857119	0.391386	0.391386	1	1	0.999784	0.998428	0.935529	1
-0.000629148	-0.0761012	0.939339	0.939339	1	1	1	0.999726	0.981167	1
-0.00683834	-0.90974	0.362967	0.422891	1	1	0.999531	0.995534	0.697091	1
-0.0011126	-0.156276	0.875816	0.875816	1	1	1	0.999824	0.876905	1
-0.00111653	-0.110878	0.911714	0.93267	1	1	1	0.999839	0.980384	1
0.00663021	0.657261	0.51102	0.51102	1	1	0.999995	0.999143	0.91028	1
0.00690338	0.676852	0.498507	0.659333	1	1	0.999992	0.968362	0.651894	1
-0.0101635	-0.997022	0.318765	0.426233	1	1	0.998534	0.985228	0.641708	1
0.011534	1.13928	0.254598	0.341336	1	1	0.993229	0.980164	0.771545	1
0.003583	0.350342	0.726086	0.726086	1	1	1	0.999943	0.887325	1
-1.50348e-05	-0.00149318	0.998809	0.998809	1	1	1	0.999966	0.998809	1
-0.0106726	-1.05306	0.292324	0.318399	1	1	0.9972	0.978857	0.663952	1
0.0112716	1.11259	0.265897	0.422599	1	1	0.994778	0.975505	0.623074	1
-0.00418353	-0.412076	0.680287	0.718886	1	1	1	0.996646	0.826063	1
-0.0147159	-1.45108	0.146771	0.146771	1	1	0.932685	0.907534	0.723196	1
-0.0195203	-1.92393	0.0543758	0.086195	0.924388	0.924388	0.613441	0.613441	0.358736	1
0.0166316	1.63642	0.101767	0.101767	1	1	0.838707	0.838707	0.840789	1
-0.00109261	-0.108152	0.913876	0.913876	1	1	1	0.999634	0.913876	1
0.00317552	0.311482	0.755437	0.770414	1	1	1	0.999905	0.942033	1
-0.00966509	-0.959914	0.337109	0.337109	1	1	0.999078	0.9928	0.857015	1
-0.00363394	-0.362058	0.717312	0.809135	1	1	1	0.999464	0.891392	1
0.0234	2.31643	0.0205438	0.0205438	0.349244	0.349244	0.297339	0.297339	0.349244	1
0.000151893	0.0149593	0.988065	0.988065	1	1	1	0.999966	0.988065	1
0.00412864	0.405489	0.685122	0.685122	1	1	1	0.999834	0.961005	1
-0.0026467	-0.258992	0.795644	0.833718	1	1	1	0.999116	0.904211	1
-0.00688821	-0.676688	0.498611	0.677097	1	1	0.999992	0.992034	0.770581	1
0.0010803	0.106398	0.915267	0.915267	1	1	1	0.999474	0.957803	1
-0.0033961	-0.332765	0.739315	0.739315	1	1	1	0.999936	0.943355	1
-0.00108649	-0.106561	0.915139	0.931966	1	1	1	0.999658	0.915139	1
-0.013427	-1.33094	0.183221	0.410886	1	1	0.967954	0.892068	0.434694	1
-0.00831228	-0.817216	0.413814	0.516596	1	1	0.999886	0.991888	0.644633	1
2.82267e-05	0.00282656	0.997745	0.997745	1	1	1	0.999951	0.997745	1
-0.00539289	-0.533385	0.593773	0.593773	1	1	1	0.999699	0.924416	1
-0.00774214	-0.764371	0.444654	0.561871	1	1	0.999955	0.990953	0.747612	1
-0.00430261	-0.423596	0.671864	0.777861	1	1	1	0.991998	0.761446	1
-0.00740379	-0.728595	0.466257	0.678746	1	1	0.999977	0.97688	0.660531	1
0.00852978	0.841272	0.400205	0.464343	1	1	0.999832	0.997832	0.826446	1
-0.00801085	-0.785499	0.432169	0.432169	1	1	0.999934	0.999362	0.854373	1
8.35003e-05	0.00824733	0.99342	0.99342	1	1	1	0.999899	0.99342	1
-0.00216333	-0.212391	0.831804	0.859953	1	1	1	0.999674	0.93253	1
0.000875056	0.0862951	0.931233	0.931233	1	1	1	0.999851	0.9873	1
0.0161166	1.60931	0.107563	0.307653	1	1	0.855516	0.796724	0.457143	1
-0.00766624	-0.753349	0.451248	0.633082	1	1	0.999963	0.972694	0.639268	1
0.00890688	0.886678	0.375262	0.375262	1	1	0.999664	0.997792	0.974704	1
-0.00528164	-0.517413	0.604873	0.693066	1	1	1	0.998496	0.872641	1
-0.00567425	-0.556614	0.577797	0.577797	1	1	1	0.999945	0.982399	1
0.00254954	0.248949	0.803403	0.803403	1	1	1	0.999951	0.970683	1
0.000630829	0.062917	0.949833	0.949833	1	1	1	0.999994	0.978876	1
-0.0173462	-1.7286	0.0838943	0.105334	1	1	0.774537	0.679895	0.285241	0.9811
-0.00181974	-0.179354	0.857662	0.85839	1	1	1	0.999784	0.972017	1
0.020799	2.04737	0.0406334	0.0406334	0.690768	0.674792	0.505988	0.497696	0.345384	1
0.00545049	0.534814	0.592784	0.599665	1	1	1	0.999244	0.98901	1
0.0030423	0.300098	0.764105	0.764105	1	1	1	0.999998	0.992242	1
-0.0123734	-1.21144	0.225739	0.252521	1	1	0.987085	0.953586	0.639594	1
0.00579858	0.569582	0.568967	0.657967	1	1	0.999999	0.99612	0.784728	1
-0.00662592	-0.646336	0.518069	0.691747	1	1	0.999996	0.987471	0.733931	1
0.0099246	0.988341	0.322997	0.407097	1	1	0.998682	0.99073	0.734822	1
-0.0212744	-2.09982	0.0357555	0.0357555	0.607844	0.572088	0.461505	0.441537	0.303922	1
0.00490271	0.484088	0.628328	0.729541	1	1	1	0.997409	0.82166	1
0.0160031	1.59611	0.110479	0.178258	1	1	0.863336	0.805828	0.469536	1
0.0133288	1.31943	0.187038	0.28037	1	1	0.970406	0.944921	0.655021	1
-0.00781971	-0.786636	0.431503	0.431503	1	1	0.999932	0.99846	0.839256	1
-0.0135155	-1.32766	0.184303	0.341114	1	1	0.968668	0.95291	0.61058	1
-0.0109112	-1.07121	0.284087	0.284087	1	1	0.996591	0.97468	0.689925	1
0.00481402	0.473946	0.635543	0.685743	1	1	1	0.999146	0.910045	1
0.00886687	0.875625	0.381243	0.381243	1	1	0.999714	0.996851	0.898504	1
-0.0038885	-0.386623	0.699039	0.735762	1	1	1	0.999776	0.98302	1
-0.00678931	-0.664723	0.506235	0.506235	1	1	0.999994	0.999139	0.803829	1
-0.000304243	-0.030063	0.976017	0.98105	1	1	1	0.999966	0.976017	1
-0.00249489	-0.247066	0.804859	0.804859	1	1	1	0.999982	0.912174	1
-0.0188626	-1.85689	0.0633403	0.265749	1	0.950104	0.671231	0.625262	0.282086	0.970248
0.00140691	0.139089	0.889381	0.889381	1	1	1	0.999771	0.893454	1
0.00750193	0.738938	0.459952	0.638863	1	1	0.999972	0.975192	0.651599	1
0.00152672	0.15073	0.88019	0.88019	1	1	1	0.999528	0.88019	1
-0.0162638	-1.6233	0.10454	0.10454	1	1	0.846967	0.806872	0.444295	1
-0.0216051	-2.11973	0.0340401	0.0340401	0.578681	0.544641	0.444985	0.425426	0.289341	0.995203
-0.0241276	-2.37569	0.0175243	0.0175243	0.297913	0.297913	0.259592	0.259592	0.297913	1
0.00367645	0.36315	0.716496	0.720903	1	1	1	0.999088	0.912509	1
-0.0177902	-1.75485	0.0792992	0.116076	1	1	0.754521	0.710414	0.449362	1
0.00887328	0.874914	0.38163	0.499499	1	1	0.999717	0.98711	0.720857	1
0.00626618	0.612757	0.540043	0.603736	1	1	0.999998	0.995766	0.742796	1
0.0118904	1.17964	0.238154	0.238154	1	1	0.990188	0.987121	0.914198	1
0.00439447	0.441778	0.658654	0.658654	1	1	1	0.999937	0.963588	1
-0.00119997	-0.116931	0.906915	0.920001	1	1	1	0.999986	0.989969	1
-0.00595861	-0.590802	0.554659	0.554659	1	1	0.999999	0.999693	0.923557	1
0.000257113	0.0251757	0.979915	0.979915	1	1	1	0.999329	0.979915	1
0.000813319	0.0802856	0.936011	0.950248	1	1	1	0.995905	0.967382	1
0.00782738	0.76976	0.44145	0.499499	1	1	0.99995	0.996768	0.794678	1
0.00944004	0.9337	0.350469	0.350469	1	1	0.999348	0.991318	0.851138	1
0.0111299	1.0856	0.277667	0.387782	1	1	0.996032	0.985426	0.716984	1
0.00530461	0.520486	0.60273	0.60273	1	1	1	0.999985	0.933063	1
-0.0128811	-1.2709	0.203778	0.203778	1	1	0.979223	0.973906	0.89564	1
-0.00194347	-0.192918	0.847025	0.881947	1	1	1	0.996677	0.873478	1
-0.020884	-2.06403	0.0390263	0.0390263	0.663446	0.663446	0.491728	0.491728	0.475483	1
0.00460498	0.456079	0.648338	0.69562	1	1	1	0.995351	0.787267	1
0.0117998	1.20257	0.229155	0.331137	1	1	0.98802	0.966071	0.659793	1
-0.0202566	-2.02637	0.0427388	0.0427388	0.726559	0.684017	0.524097	0.50285	0.363279	1
-0.010142	-1.0241	0.305798	0.370285	1	1	0.99798	0.991304	0.761108	1
-0.0149162	-1.47162	0.141137	0.279836	1	1	0.924715	0.881168	0.501459	1
0.0139162	1.37623	0.168764	0.168764	1	1	0.956817	0.948049	0.871072	1
0.0174322	1.71975	0.0854921	0.0854921	1	1	0.78113	0.760207	0.484456	1
0.0101494	1.00385	0.315461	0.371125	1	1	0.998409	0.984534	0.766119	1
-0.0127152	-1.2451	0.213109	0.457781	1	1	0.982996	0.940399	0.486379	1
0.0100664	1.01764	0.308859	0.427386	1	1	0.998127	0.982812	0.730225	1
-0.00940325	-0.934781	0.349911	0.349911	1	1	0.999338	0.998435	0.924126	1
-0.0110967	-1.09709	0.272616	0.272616	1	1	0.995533	0.988394	0.887052	1
-0.0104605	-1.05071	0.293405	0.293405	1	1	0.997272	0.996139	0.95662	1
0.00887223	0.875969	0.381056	0.491983	1	1	0.999713	0.994432	0.735428	1
0.00222888	0.223407	0.823221	0.851483	1	1	1	0.999726	0.874672	1
0.0111919	1.10301	0.270034	0.442066	1	1	0.995256	0.987677	0.572821	1
-0.00260798	-0.258023	0.796391	0.796391	1	1	1	0.999974	0.985336	1
-0.0136596	-1.34368	0.179066	0.320666	1	1	0.965067	0.906309	0.435234	1
-0.00570719	-0.561472	0.574482	0.574482	1	1	1	0.999962	0.91621	1
0.021427	2.10204	0.0355611	0.0355611	0.604539	0.604539	0.459656	0.459656	0.604539	1
0.027449	2.68764	0.00720131	0.00720131	0.122422	0.115221	0.115617	0.109202	0.0612112	0.210539
0.00706633	0.691835	0.489048	0.489048	1	1	0.999989	0.998787	0.847063	1
-0.00538011	-0.526882	0.598281	0.598281	1	1	1	0.999322	0.92939	1
0.00179683	0.177656	0.858995	0.858995	1	1	1	0.999992	0.926693	1
-0.00139375	-0.13769	0.890486	0.890486	1	1	1	0.999942	0.939255	1
-0.00761359	-0.748067	0.454428	0.454428	1	1	0.999966	0.998725	0.989097	1
-0.0269629	-2.6744	0.00749184	0.0107896	0.127361	0.127361	0.120007	0.120007	0.127361	0.438066
0.00681674	0.671467	0.50193	0.50193	1	1	0.999993	0.999142	0.938565	1
-0.0132453	-1.30695	0.191242	0.316132	1	1	0.972903	0.948778	0.715232	1
0.00241506	0.237562	0.812223	0.812223	1	1	1	0.999881	0.979276	1
0.00475261	0.479357	0.631689	0.631689	1	1	1	0.999843	0.958399	1
0.0083176	0.842371	0.399589	0.399589	1	1	0.999829	0.996345	0.882938	1
-0.0149458	-1.49988	0.133659	0.153976	1	1	0.91276	0.883765	0.588934	1
-0.00183351	-0.180361	0.856871	0.856871	1	1	1	0.999656	0.940571	1
-0.00276032	-0.273322	0.784608	0.784608	1	1	1	0.999827	0.850342	1
0.0147503	1.45013	0.147035	0.147035	1	1	0.933038	0.892096	0.624899	1
-0.0105885	-1.04229	0.297288	0.326224	1	1	0.997516	0.985501	0.818087	1
0.00266148	0.265586	0.790561	0.790561	1	1	1	0.99959	0.904116	1
-0.00933148	-0.940227	0.347111	0.347111	1	1	0.999288	0.994001	0.81779	1
0.0129721	1.27748	0.201447	0.360546	1	1	0.978164	0.96323	0.65251	1
0.0206967	2.03064	0.0423034	0.0423034	0.719158	0.719158	0.520405	0.520405	0.719158	1
-0.0054692	-0.535382	0.592391	0.592391	1	1	1	0.998928	0.863588	1
0.0223384	2.20942	0.0271556	0.042396	0.461645	0.43449	0.373765	0.356284	0.167468	0.576016
-0.0173175	-1.73571	0.0826286	0.203323	1	1	0.769183	0.748393	0.612018	1
-0.0104587	-1.04107	0.297855	0.387587	1	1	0.997549	0.989918	0.728939	1
-0.0315362	-3.09591	0.0019645	0.0893861	0.0333966	0.0333966	0.0328768	0.0328768	0.0333966	0.114869
-0.0039769	-0.40667	0.684254	0.716874	1	1	1	0.995311	0.775488	1
0.00294207	0.290917	0.771118	0.771118	1	1	1	0.999814	0.88044	1
-0.000828061	-0.0839979	0.933059	0.933059	1	1	1	0.999696	0.933059	1
0.00559592	0.551215	0.581491	0.581491	1	1	1	0.999971	0.919611	1
-0.000139779	-0.0137789	0.989007	0.99257	1	1	1	0.998706	0.989007	1
-0.0035587	-0.351359	0.725322	0.725322	1	1	1	0.999652	0.870497	1
-0.00401026	-0.393796	0.693736	0.693736	1	1	1	0.999907	0.965838	1
0.0176181	1.72202	0.0850793	0.0850793	1	1	0.779444	0.712016	0.361587	1
-0.0060844	-0.61951	0.535587	0.535587	1	1	0.999998	0.999899	0.913258	1
0.00140254	0.139074	0.889393	0.889393	1	1	1	0.999948	0.905876	1
-0.00263817	-0.25915	0.795522	0.795522	1	1	1	0.999915	0.932972	1
0.000643319	0.064104	0.948888	0.948888	1	1	1	0.999997	0.98949	1
0.000234891	0.0233219	0.981394	0.981394	1	1	1	1	0.996794	1
-0.00326845	-0.331748	0.740083	0.740083	1	1	1	0.999692	0.935802	1
-0.00180577	-0.179704	0.857387	0.857387	1	1	1	0.999652	0.857387	1
-0.00439264	-0.430327	0.666962	0.778362	1	1	1	0.987698	0.809882	1
-0.00929561	-0.918972	0.35812	0.375585	1	1	0.999467	0.99686	0.793169	1
-0.00918212	-0.903386	0.366331	0.366331	1	1	0.999572	0.993386	0.88966	1
-0.00922148	-0.906807	0.364519	0.559691	1	1	0.99955	0.96352	0.563347	1
0.0138289	1.36787	0.171367	0.171367	1	1	0.959059	0.930621	0.7034	1
-0.00250546	-0.24765	0.804408	0.837788	1	1	1	0.999912	0.942085	1
0.00244082	0.23971	0.810558	0.810558	1	1	1	0.999816	0.918632	1
-0.00661233	-0.648437	0.516709	0.516709	1	1	0.999996	0.999705	0.940688	1
9.34677e-05	0.00923648	0.992631	0.992631	1	1	1	0.99965	0.992631	1
0.00125231	0.122531	0.90248	0.909428	1	1	1	0.999647	0.95496	1
0.0103929	1.01878	0.308317	0.505649	1	1	0.998101	0.960345	0.478576	1
-0.00504293	-0.500953	0.616409	0.616409	1	1	1	0.99982	0.849028	1
-0.00994311	-0.984855	0.324706	0.324706	1	1	0.998737	0.997231	0.976582	1
-0.0119526	-1.19184	0.233336	0.299377	1	1	0.989078	0.975763	0.719841	1
-0.00315358	-0.308309	0.75785	0.75785	1	1	1	0.999662	0.987163	1
0.0035633	0.348287	0.727628	0.727628	1	1	1	0.999944	0.888929	1
0.00461949	0.453098	0.650483	0.721664	1	1	1	0.998177	0.895063	1
0.00457321	0.448315	0.65393	0.65393	1	1	1	0.999929	0.940652	1
0.000542284	0.0535603	0.957286	0.957286	1	1	1	0.999989	0.993964	1
0.00539003	0.527047	0.598167	0.598167	1	1	1	0.999787	0.782218	1
-0.0257044	-2.6545	0.00794816	0.0419259	0.135119	0.135119	0.126859	0.126859	0.135119	0.464748
0.00330136	0.327786	0.743077	0.743077	1	1	1	0.999628	0.842154	1
0.0246921	2.45781	0.0139861	0.0930805	0.237763	0.237763	0.212933	0.212933	0.237763	0.8178
0.0099251	0.9837	0.325273	0.350886	1	1	0.998755	0.980444	0.691206	1
-0.00054716	-0.0538003	0.957095	0.97224	1	1	1	0.999826	0.957095	1
-0.00429983	-0.424062	0.671525	0.806867	1	1	1	0.996675	0.815423	1
-0.00842953	-0.838489	0.401765	0.466188	1	1	0.999839	0.997239	0.694698	1
-0.000134369	-0.0132221	0.989451	0.989451	1	1	1	0.999996	0.989451	1
-0.0130139	-1.31976	0.186928	0.462045	1	1	0.970339	0.873734	0.397223	1
-0.00161422	-0.158569	0.87401	0.891092	1	1	1	0.99969	0.990544	1
-0.00262751	-0.256846	0.7973	0.7973	1	1	1	0.999765	0.892726	1
0.000151125	0.0148095	0.988184	0.988184	1	1	1	0.999836	0.988184	1
-0.0243382	-2.43411	0.0149363	0.0149363	0.253918	0.238981	0.225729	0.213989	0.126959	0.436682
-0.000747956	-0.0737247	0.94123	0.94123	1	1	1	0.999463	0.955798	1
0.0123195	1.23759	0.215882	0.413408	1	1	0.983987	0.933252	0.48367	1
-0.000905995	-0.0898029	0.928445	0.930195	1	1	1	0.999634	0.949313	1
-0.00106182	-0.103701	0.917407	0.917407	1	1	1	0.999632	0.96178	1
0.013714	1.36278	0.172967	0.172967	1	1	0.960382	0.942078	0.809847	1
0.00734404	0.727346	0.467021	0.480433	1	1	0.999977	0.998939	0.81596	1
0.00315319	0.308174	0.757953	0.804144	1	1	1	0.996436	0.805325	1
0.00248646	0.243752	0.807425	0.833532	1	1	1	0.997161	0.888616	1
-0.0040947	-0.401642	0.687951	0.687951	1	1	1	0.999814	0.918439	1
-0.00528612	-0.519189	0.603634	0.603634	1	1	1	0.999904	0.99072	1
0.000836967	0.0824634	0.934279	0.934279	1	1	1	0.999468	0.934279	1
0.000542365	0.0536477	0.957216	0.962913	1	1	1	0.999525	0.957216	1
-0.00279731	-0.275179	0.783181	0.783181	1	1	1	0.999904	0.988084	1
0.000229007	0.022347	0.982171	0.982171	1	1	1	0.999912	0.982171	1
0.00820599	0.807688	0.419279	0.419279	1	1	0.999903	0.99765	0.808421	1
0.00145838	0.143856	0.885616	0.900063	1	1	1	0.995742	0.885616	1
-0.000312605	-0.0307799	0.975445	0.978489	1	1	1	0.998572	0.975445	1
-0.00845705	-0.837997	0.402041	0.402041	1	1	0.99984	0.999142	0.937033	1
0.0141503	1.39107	0.164218	0.164218	1	1	0.952622	0.918848	0.590255	1
-0.00226281	-0.22313	0.823437	0.823437	1	1	1	0.99969	0.898143	1
-0.00013489	-0.0132843	0.989401	0.989401	1	1	1	0.99984	0.989401	1
-0.0127263	-1.25649	0.208952	0.357342	1	1	0.981403	0.968873	0.659769	1
-0.00708498	-0.704671	0.481022	0.481926	1	1	0.999986	0.999117	0.928837	1
-0.00876524	-0.864013	0.38759	0.426805	1	1	0.99976	0.998576	0.795365	1
0.0231293	2.26372	0.0236011	0.151763	0.401219	0.401219	0.33371	0.33371	0.26025	0.895142
-0.000997838	-0.0976851	0.922183	0.935691	1	1	1	0.99668	0.922183	1
-0.00327364	-0.374726	0.707867	0.707867	1	1	1	0.999974	0.971574	1
-0.0192783	-2.21874	0.0265116	0.0803737	0.450698	0.424186	0.36668	0.349433	0.225349	0.775099
0.0103489	1.18236	0.237074	0.499499	1	1	0.989949	0.921206	0.417792	1
-0.00867811	-0.991618	0.321392	0.382692	1	1	0.998627	0.982653	0.682958	1
0.00903731	1.03138	0.302369	0.38439	1	1	0.997804	0.981726	0.6536	1
0.00869346	0.987343	0.323482	0.323482	1	1	0.998698	0.990809	0.916533	1
0.0113111	1.28759	0.197898	0.479162	1	1	0.976455	0.88977	0.414041	1
-0.00509503	-0.580208	0.561779	0.576668	1	1	0.999999	0.99864	0.863052	1
0.0142189	1.61883	0.105494	0.276088	1	1	0.849716	0.831992	0.441232	1
0.00511599	0.58776	0.556698	0.556698	1	1	0.999999	0.999339	0.860758	1
-0.010685	-1.2229	0.221377	0.461614	1	1	0.985791	0.923262	0.470425	1
-0.00751279	-0.860394	0.389579	0.499499	1	1	0.999773	0.988233	0.627078	1
0.00894847	1.01834	0.308523	0.44517	1	1	0.998111	0.988051	0.694667	1
0.00498355	0.575677	0.564838	0.622838	1	1	0.999999	0.996949	0.800187	1
-0.0037136	-0.422989	0.672306	0.672306	1	1	1	0.998776	0.758263	1
-0.00737586	-0.846946	0.397032	0.440487	1	1	0.999816	0.99852	0.812535	1
-0.0121836	-1.39375	0.163402	0.335509	1	1	0.951829	0.859497	0.396833	1
0.0162919	1.85171	0.0640778	0.0678023	1	0.961168	0.675604	0.629664	0.277588	0.95478
0.00931697	1.06179	0.28834	0.28834	1	1	0.996919	0.98799	0.926627	1
0.0027151	0.307768	0.758261	0.788659	1	1	1	0.99869	0.805652	1
0.00732683	0.832705	0.405018	0.48865	1	1	0.999853	0.99444	0.759541	1
-0.00885499	-1.00523	0.314796	0.438306	1	1	0.998382	0.982752	0.668941	1
-0.00508278	-0.581584	0.560851	0.641134	1	1	0.999999	0.993825	0.681034	1
-0.0133426	-1.53851	0.123934	0.123934	1	1	0.89453	0.87961	0.885972	1
-0.00683415	-0.786613	0.431515	0.574203	1	1	0.999932	0.980812	0.59387	1
0.00350738	0.400474	0.68881	0.762423	1	1	1	0.999219	0.820973	1
0.00744527	0.850335	0.395146	0.613385	1	1	0.999806	0.970382	0.574581	1
-0.000346182	-0.0399509	0.968133	0.973639	1	1	1	0.99899	0.968133	1
-0.000723654	-0.0832256	0.933673	0.933673	1	1	1	0.999995	0.986822	1
-0.000680862	-0.079336	0.936766	0.936766	1	1	1	0.999814	0.964892	1
0.000298217	0.0339267	0.972936	0.972936	1	1	1	0.999985	0.982828	1
0.00411834	0.474416	0.635207	0.672967	1	1	1	0.999686	0.970853	1
0.0084881	0.984257	0.324997	0.475362	1	1	0.998746	0.980364	0.664467	1
-0.00347462	-0.399217	0.689736	0.739722	1	1	1	0.999108	0.977127	1
0.00403444	0.460756	0.644977	0.644977	1	1	1	0.999757	0.978631	1
-0.0100477	-1.14328	0.25293	0.25293	1	1	0.992967	0.983132	0.910429	1
-0.00542036	-0.619534	0.535569	0.535569	1	1	0.999998	0.999783	0.991577	1
0.0118179	1.35965	0.17395	0.177206	1	1	0.961175	0.931121	0.60984	1
-0.0138879	-1.58374	0.113263	0.262071	1	1	0.870427	0.763659	0.320911	1
0.0115046	1.32007	0.186822	0.421977	1	1	0.970272	0.947244	0.50167	1
-0.0156678	-1.77557	0.0758144	0.102241	1	1	0.738238	0.734031	0.644423	1
-0.00279758	-0.31767	0.750737	0.81424	1	1	1	0.993167	0.850835	1
-0.00629169	-0.716776	0.473518	0.499499	1	1	0.999982	0.998212	0.758087	1
0.00434806	0.499017	0.617771	0.617771	1	1	1	0.999933	0.987034	1
-0.0115379	-1.32128	0.186419	0.225397	1	1	0.970021	0.944331	0.628006	1
0.00956093	1.08961	0.275894	0.275894	1	1	0.995863	0.994287	0.935291	1
0.00401964	0.456576	0.647979	0.647979	1	1	1	0.999996	0.980506	1
0.00581431	0.659854	0.509353	0.628881	1	1	0.999994	0.985269	0.603245	1
0.00463377	0.527364	0.597945	0.600001	1	1	1	0.999317	0.937638	1
-0.00240962	-0.274003	0.784084	0.784084	1	1	1	0.998888	0.952102	1
0.0142655	1.62043	0.105151	0.23604	1	1	0.848732	0.811093	0.395751	1
0.00263018	0.299151	0.764827	0.844498	1	1	1	0.986993	0.866804	1
0.00973711	1.11956	0.26291	0.306557	1	1	0.994404	0.974281	0.709591	1
-0.0104343	-1.1888	0.23453	0.374343	1	1	0.989364	0.969021	0.628031	1
0.00716483	0.81791	0.413415	0.578778	1	1	0.999885	0.985983	0.60991	1
0.00309032	0.353692	0.723572	0.723572	1	1	1	0.999955	0.876963	1
0.00637244	0.731181	0.464674	0.464674	1	1	0.999976	0.998625	0.987432	1
0.00558733	0.664284	0.506514	0.506514	1	1	0.999994	0.999782	0.998932	1
-0.0242936	-2.79336	0.00521967	0.0403184	0.0887344	0.0887344	0.085124	0.085124	0.0554324	0.190663
-0.0203657	-2.32726	0.0199579	0.0959302	0.339285	0.279411	0.29016	0.245905	0.0848212	0.291747
-0.00977932	-1.12119	0.262215	0.499499	1	1	0.994314	0.945915	0.495295	1
0.00682356	0.782242	0.434079	0.499499	1	1	0.999937	0.995187	0.74856	1
0.000711286	0.0818294	0.934783	0.934783	1	1	1	0.999992	0.998007	1
0.00190572	0.218616	0.826951	0.826951	1	1	1	0.999684	0.826951	1
-0.00722349	-0.828222	0.407551	0.511103	1	1	0.999864	0.99506	0.629852	1
-0.00553234	-0.639616	0.522427	0.522427	1	1	0.999997	0.999604	0.798907	1
-0.0139987	-1.60244	0.109068	0.246352	1	1	0.859603	0.823124	0.416781	1
-0.00775748	-0.886701	0.375247	0.375247	1	1	0.999663	0.99855	0.942696	1
-0.00511873	-0.584863	0.558644	0.651389	1	1	0.999999	0.996738	0.846895	1
0.00292789	0.334147	0.738271	0.738271	1	1	1	0.999993	0.956156	1
-0.00871127	-1.01534	0.309954	0.309954	1	1	0.998176	0.988344	0.878203	1
-0.0110789	-1.25797	0.208412	0.208412	1	1	0.981186	0.952083	0.630774	1
-0.00888517	-1.0196	0.307927	0.338876	1	1	0.998083	0.987411	0.747823	1
0.0100434	1.15205	0.24931	0.24931	1	1	0.992365	0.957336	0.605468	1
-0.00551084	-0.634923	0.525483	0.525483	1	1	0.999997	0.998794	0.827042	1
0.0177179	2.02947	0.042419	0.186254	0.721123	0.721123	0.521388	0.521388	0.473869	1
0.0166603	1.89706	0.057829	0.057829	0.983092	0.983092	0.63675	0.63675	0.749326	1
-0.021528	-2.47123	0.0134704	0.0134704	0.228997	0.228997	0.205906	0.205906	0.228997	0.787648
0.00383854	0.459495	0.645882	0.695547	1	1	1	0.998014	0.784285	1
-0.00738773	-0.841296	0.400189	0.409937	1	1	0.999832	0.996385	0.717546	1
-0.00525968	-0.6003	0.548311	0.548311	1	1	0.999999	0.999217	0.895491	1
0.000101425	0.0115221	0.990807	0.991182	1	1	1	0.999879	0.990807	1
-0.000292009	-0.0332309	0.973491	0.973491	1	1	1	0.999985	0.989338	1
0.0034893	0.398019	0.690619	0.732228	1	1	1	0.999179	0.822739	1
0.013084	1.487	0.137025	0.337118	1	1	0.918348	0.888827	0.478177	1
0.00638109	0.726876	0.467307	0.467307	1	1	0.999978	0.999478	0.960117	1
0.00651291	0.743087	0.457435	0.457435	1	1	0.999969	0.998801	0.900789	1
-0.00933303	-1.07338	0.28311	0.362992	1	1	0.996511	0.992746	0.803868	1
0.0102935	1.18298	0.236828	0.45992	1	1	0.989894	0.960964	0.528334	1
-0.0152953	-1.7521	0.0797664	0.140571	1	1	0.75663	0.71261	0.452009	1
-0.009777	-1.11575	0.264539	0.264539	1	1	0.994611	0.981581	0.798464	1
0.00400941	0.4714	0.637358	0.637358	1	1	1	0.999628	0.833469	1
-0.0154767	-1.78552	0.0741865	0.0820212	1	1	0.730289	0.708676	0.444673	1
-0.0121693	-1.39436	0.163218	0.163218	1	1	0.951649	0.917477	0.693677	1
-0.00336937	-0.386546	0.699095	0.759244	1	1	1	0.999777	0.96574	1
0.00610025	0.700049	0.483902	0.624524	1	1	0.999987	0.985614	0.675328	1
0.000276474	0.0318978	0.974554	0.977969	1	1	1	0.998778	0.974554	1
-0.00858456	-0.976755	0.328698	0.445854	1	1	0.998858	0.98965	0.73088	1
-0.00221883	-0.251599	0.801353	0.801353	1	1	1	0.999876	0.912842	1
-0.0042556	-0.497443	0.61888	0.777487	1	1	1	0.970017	0.65756	1
-0.00473433	-0.546214	0.584923	0.584923	1	1	1	0.999937	0.93373	1
-0.00957143	-1.1014	0.270732	0.270732	1	1	0.995333	0.987966	0.833329	1
0.000163243	0.0190368	0.984812	0.987466	1	1	1	0.999483	0.984812	1
-0.00533762	-0.608962	0.542554	0.542554	1	1	0.999998	0.999123	0.978285	1
0.00319028	0.368849	0.712243	0.712243	1	1	1	0.999986	0.890325	1
-0.00115428	-0.132846	0.894316	0.894316	1	1	1	0.999462	0.95021	1
0.00161713	0.185111	0.853144	0.856858	1	1	1	0.999809	0.934342	1
-0.0150569	-1.72615	0.0843301	0.0843301	1	1	0.776354	0.755757	0.716806	1
0.00493077	0.568442	0.569739	0.569739	1	1	0.999999	0.999987	0.987148	1
0.00437825	0.501311	0.616156	0.746107	1	1	1	0.996442	0.805742	1
0.0132537	1.51131	0.130721	0.130721	1	1	0.907593	0.893697	0.935796	1
-0.0047523	-0.544285	0.586249	0.611463	1	1	1	0.999141	0.861481	1
0.00282132	0.321986	0.747466	0.797012	1	1	1	0.999812	0.953766	1
-0.00263786	-0.301126	0.763321	0.763321	1	1	1	0.999926	0.988834	1
0.0128515	1.47257	0.140877	0.182043	1	1	0.924326	0.897474	0.603251	1
0.00350775	0.398794	0.690048	0.690048	1	1	1	0.999974	0.99542	1
-0.0128458	-1.48057	0.138731	0.138731	1	1	0.921049	0.893566	0.786145	1
0.0117211	1.33765	0.18102	0.266225	1	1	0.966454	0.908951	0.512891	1
0.00198441	0.231542	0.816895	0.821126	1	1	1	0.999416	0.949867	1
-0.00120097	-0.138243	0.890049	0.895129	1	1	1	0.999768	0.930102	1
-0.00671151	-0.770471	0.441027	0.499499	1	1	0.999949	0.997829	0.757553	1
0.00520277	0.605251	0.545017	0.545017	1	1	0.999998	0.999741	0.957615	1
-0.0139905	-1.59316	0.111134	0.111134	1	1	0.865037	0.848162	0.711238	1
-0.00918956	-1.04441	0.296304	0.296304	1	1	0.997456	0.985256	0.820508	1
-0.00240154	-0.27357	0.784417	0.812287	1	1	1	0.997692	0.889006	1
0.00497459	0.566048	0.571365	0.595981	1	1	0.999999	0.997201	0.809434	1
-0.0106905	-1.21763	0.223375	0.267835	1	1	0.986398	0.977449	0.62557	1
-0.00570298	-0.655186	0.512353	0.512353	1	1	0.999995	0.99924	0.894246	1
0.00218282	0.252375	0.800753	0.817438	1	1	1	0.997708	0.8508	1
0.00831875	0.951528	0.341344	0.341344	1	1	0.999174	0.993333	0.816168	1
0.0117422	1.34292	0.179307	0.179307	1	1	0.96524	0.937117	0.641308	1
-0.00762913	-0.872067	0.383179	0.388819	1	1	0.999729	0.998129	0.876432	1
0.00818486	0.944877	0.344729	0.499499	1	1	0.999243	0.979365	0.651155	1
-0.0102804	-1.18329	0.236703	0.378096	1	1	0.989866	0.960887	0.658442	1
-0.00270788	-0.311373	0.755519	0.755519	1	1	1	0.999503	0.883984	1
-0.016086	-1.83299	0.0668138	0.223597	1	1	0.691354	0.669255	0.564643	1
0.00282188	0.328764	0.742336	0.7874	1	1	1	0.998494	0.901408	1
0.000257895	0.0291792	0.976722	0.979649	1	1	1	0.999458	0.988206	1
0.00530186	0.610345	0.541638	0.541638	1	1	0.999998	0.999961	0.962115	1
0.00330891	0.379871	0.704044	0.704044	1	1	1	0.999516	0.920673	1
-0.00260849	-0.298676	0.76519	0.848799	1	1	1	0.999256	0.813014	1
0.00287862	0.327961	0.742944	0.742944	1	1	1	0.999851	0.889898	1
0.00180419	0.204466	0.837991	0.837991	1	1	1	0.999913	0.93067	1
0.0149562	1.69939	0.0892566	0.0892566	1	1	0.795952	0.775954	0.589503	1
-0.00616203	-0.732382	0.463941	0.463941	1	1	0.999975	0.99895	0.913711	1
0.00244121	0.281658	0.778208	0.778208	1	1	1	0.999994	0.9825	1
0.0012421	0.141472	0.887498	0.887498	1	1	1	0.999655	0.901177	1
0.00661335	0.764871	0.444354	0.452012	1	1	0.999954	0.99814	0.925938	1
-0.00515765	-0.592096	0.553791	0.647458	1	1	0.999999	0.996478	0.809615	1
0.0118578	1.39588	0.162762	0.162762	1	1	0.951199	0.919545	0.691739	1
-0.0031984	-0.371108	0.71056	0.71056	1	1	1	0.999942	0.941257	1
0.00233863	0.265429	0.790681	0.790681	1	1	1	0.998152	0.790681	1
0.000634357	0.072871	0.941909	0.941909	1	1	1	0.999804	0.969474	1
-0.00558713	-0.636129	0.524697	0.524697	1	1	0.999997	0.998762	0.83359	1
0.000403073	0.0461004	0.963231	0.963231	1	1	1	0.99991	0.963231	1
0.00926838	1.06725	0.285866	0.329965	1	1	0.996732	0.982406	0.72471	1
0.00482967	0.561015	0.574791	0.574791	1	1	1	0.999918	0.851103	1
0.00597392	0.679005	0.49714	0.49714	1	1	0.999992	0.999373	0.832146	1
-0.0064445	-0.734195	0.462836	0.499499	1	1	0.999974	0.997283	0.843465	1
0.00075394	0.0860452	0.931431	0.931431	1	1	1	0.999978	0.981687	1
0.00484224	0.559945	0.575521	0.575521	1	1	1	0.999924	0.912017	1
0.0166846	1.92213	0.0545993	0.0545993	0.928188	0.873589	0.614991	0.592756	0.347082	1
-0.00512966	-0.586843	0.557314	0.682803	1	1	0.999999	0.982228	0.618977	1
-0.0017226	-0.196143	0.844499	0.844499	1	1	1	0.999999	0.954595	1
-0.00163443	-0.18828	0.850658	0.850658	1	1	1	0.999966	0.986162	1
0.00146828	0.166635	0.867659	0.867659	1	1	1	0.999988	0.944878	1
-0.00193368	-0.219999	0.825873	0.825873	1	1	1	0.99987	0.87749	1
0.0048905	0.558402	0.576574	0.576574	1	1	1	0.999847	0.953744	1
0.00236157	0.271897	0.785703	0.785703	1	1	1	0.999934	0.958948	1
0.00726035	0.826954	0.40827	0.485095	1	1	0.999866	0.996473	0.800483	1
0.00438871	0.49946	0.617459	0.617459	1	1	1	0.998641	0.807447	1
-0.0183671	-2.15703	0.0310114	0.189848	0.527193	0.527193	0.414647	0.414647	0.306982	1
-0.003606	-0.412039	0.680314	0.782109	1	1	1	0.994299	0.797225	1
0.00407229	0.461023	0.644786	0.644786	1	1	1	0.999673	0.908162	1
0.0133982	1.53942	0.123713	0.123713	1	1	0.894077	0.879123	0.62055	1
0.00485115	0.553711	0.579781	0.579781	1	1	1	0.999028	0.976442	1
-0.000746433	-0.0850372	0.932232	0.933427	1	1	1	0.99963	0.932232	1
-0.00414461	-0.476298	0.633866	0.633866	1	1	1	0.999257	0.897977	1
0.00052773	0.0598099	0.952307	0.956224	1	1	1	0.999702	0.955217	1
0.00370748	0.430968	0.666495	0.710515	1	1	1	0.998624	0.902481	1
0.00288658	0.32859	0.742468	0.785408	1	1	1	0.999586	0.877126	1
0.00135258	0.154136	0.877503	0.877503	1	1	1	0.999422	0.932347	1
0.00426076	0.486888	0.626341	0.635923	1	1	1	0.998794	0.76744	1
-0.00896407	-1.02516	0.305297	0.305297	1	1	0.997956	0.995764	0.870636	1
0.00326152	0.373171	0.709023	0.724644	1	1	1	0.997142	0.860957	1
-0.00360696	-0.417387	0.676398	0.676398	1	1	1	0.999841	0.973377	1
0.00726271	0.835974	0.403176	0.499499	1	1	0.999845	0.990392	0.761555	1
0.00271648	0.308809	0.757469	0.757469	1	1	1	0.999973	0.951755	1
-0.002454	-0.279759	0.779664	0.808805	1	1	1	0.998456	0.883619	1
0.00869127	1.00089	0.316889	0.406252	1	1	0.998464	0.984885	0.769588	1
-0.00300411	-0.341924	0.732411	0.765611	1	1	1	0.995741	0.778186	1
-0.00346959	-0.393812	0.693723	0.767142	1	1	1	0.997305	0.855948	1
-0.00051525	-0.0585905	0.953279	0.953279	1	1	1	0.999992	0.953279	1
0.00799834	0.907978	0.363897	0.363897	1	1	0.999543	0.993101	0.863165	1
-0.00445647	-0.512744	0.608134	0.608134	1	1	1	0.999069	0.939844	1
-0.00104934	-0.120364	0.904196	0.904196	1	1	1	0.999998	0.970551	1
-0.00260822	-0.297507	0.766081	0.7906	1	1	1	0.9993	0.905071	1
0.000804864	0.0912248	0.927315	0.939393	1	1	1	0.99957	0.930824	1
0.00498854	0.572424	0.567039	0.579011	1	1	0.999999	0.998464	0.837632	1
0.00550277	0.628084	0.529953	0.584321	1	1	0.999997	0.997617	0.868285	1
0.00902988	1.02921	0.303388	0.342514	1	1	0.997858	0.990903	0.796429	1
0.00328442	0.378817	0.704827	0.750315	1	1	1	0.997759	0.891433	1
0.0114583	1.3104	0.190071	0.301686	1	1	0.972228	0.947729	0.688173	1
0.00560186	0.644592	0.519197	0.519197	1	1	0.999996	0.999683	0.896015	1
-0.00687096	-0.790059	0.429499	0.429499	1	1	0.999928	0.999074	0.932586	1
-0.00903758	-1.04421	0.296398	0.475609	1	1	0.997462	0.986252	0.567463	1
-0.000753944	-0.086099	0.931388	0.931388	1	1	1	0.999833	0.931388	1
-0.0067601	-0.775248	0.438199	0.438199	1	1	0.999945	0.999295	0.890741	1
0.0123175	1.40163	0.161035	0.161035	1	1	0.949459	0.939757	0.803732	1
-0.00251022	-0.284934	0.775697	0.775697	1	1	1	0.999359	0.843397	1
0.0099708	1.07723	0.281389	0.468338	1	1	0.996366	0.975642	0.596562	1
0.00226644	0.251244	0.801628	0.86205	1	1	1	0.987442	0.851729	1
0.0113269	1.23844	0.215563	0.465463	1	1	0.983875	0.930794	0.475795	1
0.00732908	0.804754	0.420969	0.583331	1	1	0.999908	0.976525	0.550498	1
0.0021203	0.229147	0.818756	0.875503	1	1	1	0.997715	0.923266	1
-0.0051593	-0.577112	0.563869	0.563869	1	1	0.999999	0.999269	0.958577	1
0.00522565	0.575732	0.564801	0.692346	1	1	0.999999	0.986167	0.68583	1
0.00107454	0.119652	0.90476	0.935323	1	1	1	0.991998	0.943602	1
-0.0144577	-1.5721	0.11594	0.31859	1	1	0.876919	0.798505	0.394195	1
-0.0135266	-1.48432	0.137736	0.256244	1	1	0.919484	0.874408	0.555361	1
-0.014131	-1.61043	0.107317	0.162268	1	1	0.854838	0.817838	0.60813	1
-0.0101774	-1.17618	0.239533	0.239533	1	1	0.990486	0.978366	0.774597	1
-0.0184732	-1.98798	0.046824	0.160321	0.796008	0.749184	0.55747	0.535731	0.329398	1
-0.0206059	-2.23785	0.0252388	0.051245	0.42906	0.42906	0.352455	0.352455	0.42906	1
-0.01679	-1.85785	0.0632011	0.142403	1	1	0.670399	0.648163	0.450209	1
-0.0222571	-2.41211	0.0158673	0.105053	0.269745	0.253877	0.238075	0.225791	0.134872	0.4639
