0	0	0	0	0	0	0	0	0	0
-0.00855275	-1.40786	0.159182	0.159182	1	1	0.947527	0.925779	0.757878	1
-0.00552312	-1.31495	0.188537	0.188537	1	1	0.971321	0.946326	0.801282	1
0.0140228	2.05599	0.0397919	0.0851934	0.676463	0.557087	0.498569	0.433611	0.169116	0.581683
0.0128508	2.04685	0.0406811	0.079833	0.691579	0.569535	0.506405	0.44091	0.172895	0.59468
-0.00759772	-1.32073	0.186601	0.243453	1	1	0.970135	0.944506	0.793056	1
-0.00471071	-1.21659	0.223769	0.223769	1	1	0.986515	0.962857	0.760815	1
-0.0122509	-1.60555	0.108382	0.285284	1	1	0.857754	0.792884	0.368498	1
-0.00625057	-1.57847	0.114467	0.269724	1	1	0.873386	0.817666	0.400892	1
-0.0120188	-1.83028	0.0672167	0.0933048	1	0.873817	0.693611	0.595284	0.228537	0.786064
-0.00610436	-1.81106	0.0701402	0.123513	1	0.911823	0.709533	0.611468	0.238477	0.820253
-0.00342499	-0.602702	0.546711	0.726573	1	1	0.999999	0.958767	0.663864	1
-0.00215948	-0.387258	0.698568	0.81566	1	1	1	0.99925	0.931134	1
0.00957084	1.41283	0.157715	0.339091	1	1	0.945949	0.909546	0.554893	1
0.00874745	1.27972	0.200652	0.233854	1	1	0.977792	0.914867	0.487297	1
0.00198026	0.307585	0.7584	0.7584	1	1	1	0.999801	0.969605	1
0.00607589	0.956084	0.339037	0.451803	1	1	0.999123	0.991503	0.738294	1
0.0010902	0.153507	0.878	0.878	1	1	1	0.99844	0.932875	1
-0.00873335	-1.23795	0.215745	0.397475	1	1	0.983939	0.955056	0.588955	1
-0.00113132	-0.153754	0.877805	0.877805	1	1	1	0.999934	0.932667	1
-0.0135263	-1.86992	0.0615042	0.268648	1	0.922563	0.660101	0.614091	0.343913	1
0.0143155	1.8576	0.0632343	0.0632343	1	1	0.670597	0.648362	0.537491	1
0.0128672	1.64245	0.100507	0.10172	1	1	0.834819	0.816362	0.761106	1
-0.0124638	-1.70785	0.0876747	0.116373	1	1	0.789842	0.723244	0.368532	1
-0.0153844	-2.11181	0.0347107	0.0347107	0.590082	0.555371	0.451499	0.431775	0.295041	1
0.00552382	0.886861	0.37516	0.499499	1	1	0.999663	0.985482	0.664403	1
-0.00929441	-1.6347	0.102123	0.154126	1	1	0.83979	0.801273	0.523159	1
-0.00996275	-1.76349	0.0778277	0.0778277	1	1	0.747765	0.726477	0.661536	1
-0.00572984	-0.979119	0.327529	0.518448	1	1	0.998824	0.9626	0.556798	1
-0.00499796	-0.846736	0.397149	0.499499	1	1	0.999817	0.989483	0.720955	1
-0.00171133	-0.244839	0.806583	0.806583	1	1	1	0.999968	0.887629	1
0.00569235	0.805587	0.420487	0.420487	1	1	0.999906	0.998943	0.909115	1
0.00805685	1.15731	0.247155	0.287745	1	1	0.991983	0.982115	0.826454	1
0.00725315	1.04836	0.294478	0.294478	1	1	0.997341	0.989269	0.904218	1
0.0101265	1.30098	0.193273	0.359703	1	1	0.974037	0.938702	0.604569	1
0.00101194	0.130037	0.896538	0.896538	1	1	1	1	0.975012	1
0.00489512	0.639755	0.522336	0.624279	1	1	0.999996	0.994326	0.807247	1
-9.58244e-05	-0.01238	0.990123	0.990123	1	1	1	0.999981	0.990123	1
-0.00744916	-1.14295	0.25307	0.279666	1	1	0.992989	0.983525	0.78808	1
-0.00769142	-1.16067	0.245785	0.37021	1	1	0.991732	0.980407	0.616973	1
-0.000756448	-0.113593	0.909561	0.909561	1	1	1	0.999993	0.980525	1
-0.0124656	-1.86042	0.0628349	0.0628349	1	0.942523	0.668202	0.622217	0.356064	1
-0.00760988	-1.03437	0.30097	0.342148	1	1	0.997728	0.993348	0.835351	1
-0.0127703	-1.7275	0.0840881	0.0993634	1	1	0.775347	0.732203	0.476499	1
0.00560363	0.768812	0.442011	0.499499	1	1	0.999951	0.994756	0.834909	1
0.00325919	0.459576	0.645823	0.645823	1	1	1	0.999881	0.912808	1
-0.0010469	-0.145944	0.883966	0.883966	1	1	1	0.999991	0.988689	1
-0.00714719	-0.970514	0.331798	0.338032	1	1	0.998945	0.992077	0.752665	1
0.00120802	0.176669	0.85977	0.85977	1	1	1	0.999888	0.949185	1
0.00117129	0.168871	0.865899	0.865899	1	1	1	0.999886	0.941947	1
-0.00605159	-0.784245	0.432902	0.589915	1	1	0.999935	0.989303	0.735933	1
-0.00723722	-0.995576	0.319464	0.319464	1	1	0.99856	0.99543	0.986543	1
0.00365527	0.485219	0.627524	0.755932	1	1	1	0.983464	0.680511	1
0.00332769	0.441229	0.65905	0.670839	1	1	1	0.998452	0.762538	1
0.0101472	1.42293	0.154765	0.217473	1	1	0.942639	0.932136	0.697942	1
0.00328946	0.459264	0.646048	0.646048	1	1	1	0.998826	0.915234	1
-0.0124276	-1.66686	0.0955514	0.109701	1	1	0.818646	0.799487	0.558497	1
-0.0009948	-0.138174	0.890104	0.908744	1	1	1	0.998673	0.954494	1
0.0010141	0.146032	0.883897	0.895249	1	1	1	0.999776	0.98207	1
-0.00773585	-1.09592	0.273123	0.343878	1	1	0.995586	0.991646	0.763445	1
0.00193257	0.252797	0.800427	0.826845	1	1	1	0.999864	0.985853	1
-0.00155345	-0.202104	0.839836	0.865497	1	1	1	0.996676	0.892326	1
-0.00580971	-0.764579	0.444528	0.444528	1	1	0.999954	0.999269	0.871101	1
-0.0064969	-0.843615	0.398891	0.531904	1	1	0.999825	0.984563	0.616468	1
-0.0012804	-0.170873	0.864324	0.864324	1	1	1	0.99882	0.918345	1
-0.0146084	-1.92682	0.054011	0.219557	0.918186	0.864175	0.610898	0.588682	0.451884	1
-0.00420279	-0.546804	0.584517	0.584517	1	1	1	0.998355	0.72194	1
-0.0158997	-2.10857	0.0349898	0.0349898	0.594827	0.559837	0.454189	0.434399	0.297413	1
-0.016319	-2.38375	0.0171429	0.1459	0.291429	0.274286	0.25469	0.241691	0.102402	0.352216
0.000332033	0.0487878	0.961089	0.967608	1	1	1	0.999646	0.961089	1
-0.00697367	-0.953914	0.340134	0.442537	1	1	0.999147	0.993039	0.758516	1
0.0062979	0.911336	0.362125	0.362125	1	1	0.999521	0.997106	0.996035	1
0.00529597	0.710415	0.477452	0.477452	1	1	0.999984	0.998482	0.82549	1
-0.00188825	-0.256854	0.797293	0.797293	1	1	1	0.99939	0.920484	1
-0.00669684	-0.900379	0.367925	0.367925	1	1	0.99959	0.995933	0.912212	1
-0.00363023	-0.483942	0.62843	0.62843	1	1	1	0.999981	0.870011	1
0.00640906	0.850646	0.394972	0.499499	1	1	0.999805	0.989645	0.746058	1
0.00272617	0.360309	0.718618	0.718618	1	1	1	0.999992	0.901914	1
-0.00373491	-0.633186	0.526617	0.526617	1	1	0.999997	0.999873	0.979519	1
-0.000698663	-0.117205	0.906698	0.906698	1	1	1	0.999965	0.938432	1
-0.000311638	-0.0470818	0.962448	0.962448	1	1	1	0.999946	0.962448	1
0.00393607	0.579682	0.562133	0.562133	1	1	0.999999	0.99894	0.827431	1
0.00762547	1.05041	0.293536	0.293536	1	1	0.99728	0.990166	0.831685	1
0.00484235	0.664637	0.506287	0.506287	1	1	0.999994	0.999245	0.999248	1
-0.00890482	-1.51722	0.129222	0.129222	1	1	0.904845	0.855886	0.52231	1
-0.00832489	-1.40967	0.158647	0.158647	1	1	0.946957	0.910938	0.670806	1
-0.00681493	-1.09669	0.272783	0.272783	1	1	0.995551	0.978124	0.752691	1
-0.00904981	-1.4606	0.144134	0.252621	1	1	0.929058	0.886842	0.437136	1
-0.00810053	-1.09754	0.272413	0.354116	1	1	0.995512	0.993832	0.80055	1
-0.00532877	-0.747697	0.454648	0.474362	1	1	0.999967	0.998236	0.840575	1
-0.0153879	-2.47628	0.0132809	0.0443536	0.225776	0.225776	0.203309	0.203309	0.198638	0.683227
-0.012673	-1.97548	0.0482224	0.0731285	0.81978	0.771558	0.568378	0.54651	0.409168	1
0.00195814	0.290204	0.771662	0.771662	1	1	1	0.999891	0.936229	1
-0.00813576	-1.21458	0.224534	0.261966	1	1	0.986739	0.963329	0.650254	1
-0.00930809	-1.26143	0.207165	0.207165	1	1	0.980675	0.969257	0.666696	1
0.00353747	0.476114	0.633997	0.658781	1	1	1	0.997483	0.769853	1
-0.0060103	-0.976195	0.328975	0.328975	1	1	0.998866	0.991666	0.840384	1
-0.00455819	-0.749621	0.453488	0.453488	1	1	0.999965	0.999612	0.924952	1
-0.000921758	-0.131432	0.895434	0.895434	1	1	1	0.999989	0.981493	1
0.00501645	0.718714	0.472322	0.524493	1	1	0.999981	0.997212	0.780778	1
0.00907256	1.36816	0.171271	0.225959	1	1	0.958978	0.940271	0.659216	1
0.0114555	1.70796	0.0876538	0.197488	1	1	0.789761	0.769562	0.540897	1
-0.00409982	-0.572285	0.567133	0.595575	1	1	0.999999	0.998679	0.803438	1
0.00100097	0.143218	0.886119	0.886119	1	1	1	0.999995	0.941631	1
-0.00969646	-1.35583	0.175162	0.175162	1	1	0.962133	0.933639	0.677721	1
-0.00849301	-1.17728	0.239093	0.367335	1	1	0.990392	0.962332	0.677431	1
-0.00328465	-0.450404	0.652422	0.751762	1	1	1	0.997689	0.798973	1
-0.0026111	-0.350323	0.726099	0.760948	1	1	1	0.998005	0.822912	1
-0.0040426	-0.618935	0.535963	0.535963	1	1	0.999998	0.999785	0.976991	1
-0.00037075	-0.0565877	0.954874	0.954874	1	1	1	0.999715	0.954874	1
-0.00218462	-0.307305	0.758613	0.776386	1	1	1	0.99888	0.921173	1
0.00337781	0.483923	0.628444	0.724271	1	1	1	0.999022	0.85646	1
-0.00208402	-0.305175	0.760235	0.760235	1	1	1	0.999977	0.975769	1
0.000867179	0.130695	0.896017	0.896663	1	1	1	0.999949	0.952019	1
0.00309277	0.441419	0.658912	0.658912	1	1	1	0.99978	0.935128	1
0.0027297	0.404482	0.685861	0.735723	1	1	1	0.999302	0.922625	1
0.0121228	1.73533	0.082692	0.239863	1	1	0.769454	0.748671	0.481989	1
0.00954877	1.39857	0.161951	0.328414	1	1	0.950389	0.915711	0.565019	1
0.00188924	0.257488	0.796804	0.796804	1	1	1	0.999984	0.960185	1
-0.00446004	-0.612611	0.540138	0.540138	1	1	0.999998	0.99908	0.889486	1
0.00527009	0.749584	0.453511	0.663805	1	1	0.999965	0.973363	0.642473	1
0.000249381	0.0361095	0.971195	0.972411	1	1	1	0.999711	0.971195	1
0.00423109	0.583276	0.559711	0.707712	1	1	0.999999	0.985523	0.651087	1
0.0115667	1.65707	0.0975146	0.310056	1	1	0.825223	0.736535	0.33155	1
0.0110959	1.49289	0.135476	0.265813	1	1	0.915821	0.88737	0.643567	1
0.00968214	1.33683	0.181289	0.344736	1	1	0.96664	0.940386	0.641043	1
0.0163742	2.09803	0.0359099	0.253529	0.610468	0.574558	0.462969	0.442966	0.244049	0.839418
0.0149688	1.95142	0.0510157	0.186422	0.867266	0.816251	0.589414	0.567342	0.321863	1
0.0010045	0.127355	0.89866	0.911972	1	1	1	0.999912	0.931221	1
-0.00490026	-0.629608	0.528956	0.556964	1	1	0.999997	0.997576	0.834228	1
-0.0129315	-2.01497	0.0439164	0.160889	0.746579	0.746579	0.533953	0.533953	0.533922	1
-0.0148945	-2.29532	0.0217211	0.0217211	0.369259	0.347538	0.311561	0.296275	0.18463	0.635044
0.00605717	0.934621	0.349991	0.499499	1	1	0.99934	0.979285	0.661094	1
-0.00498591	-0.783891	0.43311	0.499499	1	1	0.999936	0.995929	0.818096	1
0.00333639	0.48417	0.628268	0.628268	1	1	1	0.999458	0.86533	1
0.00313957	0.458112	0.646875	0.711382	1	1	1	0.997908	0.845913	1
-0.00924428	-1.33349	0.182379	0.283427	1	1	0.967388	0.927025	0.56206	1
-0.00378662	-0.512749	0.60813	0.60813	1	1	1	0.998157	0.820579	1
-0.000188319	-0.0257017	0.979495	0.979495	1	1	1	0.999737	0.979495	1
-0.00284177	-0.400176	0.68903	0.68903	1	1	1	0.99967	0.976125	1
0.00583286	0.831159	0.40589	0.40589	1	1	0.999857	0.998851	0.762116	1
-0.0039352	-0.589266	0.555687	0.555687	1	1	0.999999	0.999867	0.973302	1
-0.0044112	-0.578604	0.562861	0.653337	1	1	0.999999	0.996409	0.797386	1
-0.000884131	-0.131741	0.89519	0.89519	1	1	1	0.999723	0.89519	1
-0.013764	-1.88453	0.0595022	0.0595022	1	1	0.647562	0.647562	0.501395	1
-0.00503144	-0.618691	0.536125	0.536125	1	1	0.999998	0.998241	0.828919	1
-0.0152053	-2.14343	0.0320858	0.032406	0.545458	0.513373	0.425584	0.406542	0.245197	0.843369
0.000938546	0.127928	0.898207	0.933705	1	1	1	0.999688	0.967678	1
-0.00298861	-0.375258	0.707471	0.707471	1	1	1	0.999507	0.795932	1
-0.000563817	-0.0764782	0.939039	0.939039	1	1	1	0.998537	0.939039	1
-0.00189102	-0.263202	0.792397	0.847125	1	1	1	0.999614	0.958977	1
0.000679857	0.0887044	0.929317	0.929317	1	1	1	0.999896	0.929317	1
-0.00183691	-0.255614	0.79825	0.833717	1	1	1	0.991464	0.79825	1
-0.00144329	-0.210772	0.833067	0.918476	1	1	1	0.995811	0.849477	1
0.000948804	0.132202	0.894826	0.930142	1	1	1	0.997756	0.926421	1
-0.00258694	-0.379465	0.704345	0.826412	1	1	1	0.992359	0.855276	1
-0.00345192	-0.4982	0.618346	0.820254	1	1	1	0.94904	0.656993	1
-0.00540193	-0.735772	0.461875	0.604967	1	1	0.999973	0.977415	0.654322	1
-0.00756422	-1.08598	0.277495	0.384627	1	1	0.996016	0.961238	0.589676	1
-0.0101067	-1.39689	0.162456	0.31137	1	1	0.950895	0.880851	0.460292	1
-0.00770786	-1.05878	0.289707	0.473058	1	1	0.997018	0.976195	0.529448	1
-0.00628705	-0.866319	0.386322	0.427269	1	1	0.999752	0.992425	0.771625	1
-0.00856061	-1.17757	0.238978	0.396509	1	1	0.990367	0.950413	0.580376	1
-0.0128029	-1.67015	0.0948984	0.359259	1	1	0.816408	0.697749	0.266177	0.915528
-0.0153181	-2.09992	0.0357436	0.11179	0.607642	0.571898	0.461392	0.441427	0.303821	1
0.00549402	0.852147	0.394139	0.499499	1	1	0.9998	0.993108	0.744484	1
0.0120861	1.75608	0.0790836	0.0790836	1	1	0.753542	0.657341	0.268884	0.924841
0.00167139	0.229068	0.818817	0.847223	1	1	1	0.999026	0.877337	1
-0.00285507	-0.369895	0.711463	0.774009	1	1	1	0.991503	0.75593	1
-0.00798329	-1.28378	0.19923	0.474763	1	1	0.977111	0.891587	0.423363	1
-0.00654993	-0.984536	0.324859	0.324859	1	1	0.998742	0.986716	0.72793	1
0.00464902	0.75128	0.45249	0.499499	1	1	0.999964	0.995974	0.854703	1
-0.00499159	-0.78245	0.433956	0.592322	1	1	0.999937	0.989461	0.737725	1
-0.0127352	-1.92549	0.0541765	0.214428	0.921001	0.704295	0.612054	0.515235	0.169713	0.583737
-0.00383523	-0.670688	0.502424	0.502424	1	1	0.999993	0.999537	0.981219	1
-0.000134516	-0.0183683	0.985345	0.985345	1	1	1	0.999998	0.985345	1
-0.00889288	-1.5015	0.133237	0.133237	1	1	0.912035	0.912035	0.847752	1
0.00181563	0.30216	0.762532	0.762532	1	1	1	0.999944	0.99418	1
0.0047032	0.668356	0.503911	0.503911	1	1	0.999993	0.999531	0.901231	1
-0.00189834	-0.284997	0.775649	0.818362	1	1	1	0.998722	0.879068	1
-0.00219651	-0.300347	0.763915	0.830737	1	1	1	0.999805	0.937444	1
-0.0137846	-2.0129	0.0441337	0.0852323	0.750273	0.662006	0.53575	0.491891	0.250091	0.860201
-0.00191426	-0.264314	0.79154	0.822577	1	1	1	0.999165	0.934419	1
0.00506278	0.644217	0.51944	0.617585	1	1	0.999996	0.994081	0.732833	1
0.00142171	0.240698	0.809791	0.809791	1	1	1	0.999916	0.971022	1
-0.00061665	-0.0931757	0.925765	0.925765	1	1	1	0.999854	0.971538	1
0.00673064	1.10505	0.269145	0.451263	1	1	0.995157	0.956518	0.571933	1
-0.00731475	-1.17205	0.241185	0.418059	1	1	0.990831	0.95972	0.574568	1
0.00749412	1.24506	0.21312	0.320168	1	1	0.983	0.943649	0.561037	1
0.00186243	0.307921	0.758145	0.807741	1	1	1	0.996578	0.920604	1
-0.00314251	-0.576677	0.564162	0.581049	1	1	0.999999	0.998698	0.882593	1
-0.0092845	-1.33992	0.180282	0.180282	1	1	0.965936	0.937852	0.612957	1
0.00269909	0.48111	0.630442	0.630442	1	1	1	0.999243	0.893126	1
2.03557e-05	0.00315776	0.99748	0.997881	1	1	1	0.999953	0.99748	1
0.00608098	0.826737	0.408392	0.532507	1	1	0.999867	0.984994	0.694267	1
-0.000673429	-0.116798	0.907021	0.921059	1	1	1	0.995738	0.96371	1
-0.00333707	-0.440502	0.659577	0.674298	1	1	1	0.998484	0.806398	1
0.00286388	0.413848	0.678988	0.702392	1	1	1	0.999649	0.926575	1
-0.000547405	-0.0783468	0.937553	0.942009	1	1	1	0.999987	0.996643	1
-0.00114291	-0.148402	0.882027	0.882027	1	1	1	0.999319	0.882085	1
-0.00293477	-0.480667	0.630756	0.729694	1	1	1	0.99911	0.881452	1
-0.00845259	-1.31068	0.189976	0.296342	1	1	0.972173	0.920205	0.538265	1
0.000189783	0.0316482	0.974753	0.974753	1	1	1	0.999912	0.998179	1
0.00531719	0.809817	0.418051	0.476445	1	1	0.999899	0.996424	0.835804	1
-0.00605213	-0.915677	0.359843	0.535527	1	1	0.999491	0.976228	0.556122	1
-0.00295596	-0.522419	0.601383	0.654137	1	1	1	0.99638	0.762885	1
-0.0117503	-1.6103	0.107343	0.255982	1	1	0.854909	0.744013	0.304137	1
-0.00622803	-1.05577	0.291082	0.291082	1	1	0.997115	0.995931	0.986308	1
0.00164443	0.286008	0.774873	0.785226	1	1	1	0.999297	0.872542	1
0.00902896	1.29062	0.196844	0.225904	1	1	0.975923	0.963708	0.735024	1
-0.00241872	-0.359267	0.719397	0.816815	1	1	1	0.999141	0.856222	1
0.00241943	0.337995	0.735369	0.787655	1	1	1	0.998702	0.832675	1
-0.00643123	-0.913405	0.361037	0.499499	1	1	0.999507	0.982247	0.681958	1
0.00594167	0.814189	0.415543	0.508146	1	1	0.999892	0.990802	0.660316	1
0.00182316	0.235425	0.81388	0.861495	1	1	1	0.996294	0.864748	1
-0.000456376	-0.0744566	0.940648	0.960805	1	1	1	0.998322	0.943241	1
0.0115485	1.73714	0.082372	0.27892	1	1	0.768083	0.6726	0.233387	0.802748
0.00390136	0.638912	0.522884	0.522884	1	1	0.999997	0.999389	0.958904	1
-0.0105715	-1.76067	0.0783035	0.138839	1	1	0.749968	0.680676	0.33279	1
0.00914247	1.3463	0.178217	0.324285	1	1	0.964447	0.928022	0.601276	1
0.00279378	0.453031	0.65053	0.701326	1	1	1	0.993138	0.782667	1
0.0021733	0.408771	0.682711	0.682711	1	1	1	0.999941	0.916263	1
-0.00746351	-1.09561	0.273259	0.273259	1	1	0.9956	0.984226	0.81289	1
0.000726667	0.131309	0.895532	0.916361	1	1	1	0.999425	0.938989	1
-0.0081717	-1.26709	0.205133	0.424737	1	1	0.979816	0.936389	0.536005	1
0.0083732	1.18415	0.236363	0.236363	1	1	0.989789	0.948506	0.574024	1
0.00169616	0.291458	0.770703	0.786363	1	1	1	0.996572	0.873463	1
-0.0063902	-0.784931	0.4325	0.474718	1	1	0.999934	0.996535	0.801913	1
-0.00506886	-0.650882	0.515127	0.515127	1	1	0.999995	0.998519	0.865421	1
0.00082223	0.100827	0.919688	0.923689	1	1	1	0.999793	0.977169	1
-0.00324411	-0.39883	0.690021	0.726728	1	1	1	0.998283	0.787971	1
-0.00589532	-0.736937	0.461166	0.461166	1	1	0.999973	0.999401	0.918867	1
-0.0104866	-1.35574	0.175191	0.292781	1	1	0.962155	0.944371	0.584483	1
-0.00610417	-0.755281	0.450086	0.611716	1	1	0.999962	0.989348	0.695587	1
-0.0184588	-2.27822	0.02272	0.161112	0.38624	0.38624	0.323414	0.323414	0.275128	0.946317
-0.00395009	-0.488906	0.624911	0.646602	1	1	1	0.998955	0.847976	1
-0.0154896	-1.9012	0.057285	0.057285	0.973844	0.916559	0.633168	0.610877	0.486922	1
0.00772554	0.955873	0.339143	0.34929	1	1	0.999125	0.99697	0.859056	1
-0.00710005	-0.870439	0.384067	0.485361	1	1	0.999736	0.99516	0.754682	1
-0.0202185	-2.51948	0.0117577	0.0363913	0.199881	0.176365	0.182141	0.162564	0.0666269	0.229167
-0.00725956	-0.886754	0.375218	0.450133	1	1	0.999663	0.990937	0.797339	1
-0.0134705	-1.69891	0.0893451	0.124797	1	1	0.796289	0.754355	0.506289	1
-0.0116611	-1.48474	0.137622	0.137622	1	1	0.919302	0.906424	0.802694	1
-0.0010539	-0.131471	0.895404	0.895404	1	1	1	0.999651	0.991241	1
-0.00227448	-0.291414	0.770736	0.770736	1	1	1	0.999098	0.90525	1
0.000747746	0.0921953	0.926543	0.93627	1	1	1	0.999775	0.974655	1
-0.00202883	-0.25705	0.797142	0.836107	1	1	1	0.999753	0.903427	1
0.000693541	0.0856617	0.931736	0.936231	1	1	1	0.99768	0.97456	1
-0.0106527	-1.36161	0.173331	0.253727	1	1	0.960678	0.898145	0.43686	1
-0.00349807	-0.446596	0.65517	0.65517	1	1	1	0.999662	0.818962	1
-0.0106963	-1.32988	0.183568	0.183568	1	1	0.968184	0.952269	0.956423	1
-0.0068398	-0.888736	0.374152	0.494223	1	1	0.999653	0.990781	0.717779	1
-0.0123415	-1.64926	0.0991043	0.0991043	1	1	0.830384	0.811725	0.825624	1
5.61055e-05	0.00716773	0.994281	0.994864	1	1	1	0.999769	0.994281	1
-0.00861914	-1.09924	0.271672	0.444571	1	1	0.995434	0.97772	0.626317	1
-0.008956	-1.15908	0.246432	0.301976	1	1	0.991851	0.966467	0.698225	1
0.00353235	0.427276	0.669181	0.681184	1	1	1	0.998782	0.915778	1
-0.0113696	-1.41201	0.157958	0.390989	1	1	0.946213	0.893011	0.464079	1
-0.00290255	-0.35573	0.722045	0.773202	1	1	1	0.990589	0.818318	1
-0.00743346	-0.956641	0.338756	0.484731	1	1	0.999117	0.987933	0.670944	1
-0.00118128	-0.143546	0.88586	0.892226	1	1	1	0.999674	0.901128	1
-0.00609622	-0.747339	0.454864	0.499499	1	1	0.999967	0.995749	0.699092	1
-0.00576156	-0.718682	0.472342	0.486398	1	1	0.999981	0.998896	0.828414	1
-0.0101077	-1.30396	0.192255	0.192255	1	1	0.973475	0.922858	0.544723	1
-0.00958641	-1.18453	0.236214	0.236214	1	1	0.989755	0.982438	0.870795	1
-0.0110449	-1.36848	0.171171	0.301712	1	1	0.958894	0.927805	0.63622	1
-0.000490163	-0.0608237	0.9515	0.955698	1	1	1	0.999432	0.9515	1
-0.00591086	-0.726957	0.467257	0.467257	1	1	0.999978	0.999616	0.890832	1
-0.00189668	-0.232986	0.815774	0.815774	1	1	1	0.998976	0.977572	1
-0.00961066	-1.17395	0.240426	0.240426	1	1	0.990674	0.971983	0.636813	1
-0.0198821	-2.47888	0.0131846	0.015255	0.224139	0.19777	0.201986	0.18052	0.074713	0.256979
-0.00168247	-0.206103	0.836712	0.891398	1	1	1	0.999985	0.976414	1
-0.00798914	-1.00438	0.315202	0.315202	1	1	0.998398	0.995013	0.925984	1
-0.00989649	-1.2577	0.208509	0.350286	1	1	0.981225	0.962135	0.619835	1
-0.0143307	-1.79396	0.0728291	0.0728291	1	1	0.723487	0.657591	0.309524	1
-0.00941838	-1.20636	0.227687	0.227687	1	1	0.987627	0.979256	0.999562	1
-0.000153868	-0.0188866	0.984932	0.984932	1	1	1	0.998755	0.984932	1
0.00476064	0.599697	0.548712	0.586805	1	1	0.999999	0.996092	0.717547	1
-0.0105001	-1.30475	0.191987	0.296005	1	1	0.973324	0.92255	0.543963	1
-0.00985236	-1.26096	0.207334	0.209682	1	1	0.980745	0.951228	0.66563	1
0.000324752	0.0414002	0.966977	0.967044	1	1	1	0.999996	0.999284	1
-0.006165	-0.755991	0.44966	0.44966	1	1	0.999961	0.997451	0.923679	1
-0.00692733	-0.899025	0.368646	0.499499	1	1	0.999598	0.984061	0.636914	1
-0.0129875	-1.72937	0.0837521	0.189734	1	1	0.773941	0.773941	0.704929	1
-0.00487535	-0.624277	0.53245	0.53245	1	1	0.999998	0.998932	0.823522	1
-0.00474129	-0.612198	0.540411	0.540411	1	1	0.999998	0.999398	0.867337	1
0.00731011	0.93883	0.347825	0.486763	1	1	0.999301	0.990922	0.678226	1
0.00642738	0.777006	0.437161	0.437161	1	1	0.999943	0.998989	0.997391	1
-0.0155522	-1.92465	0.0542821	0.0828205	0.922795	0.868513	0.612789	0.590564	0.461398	1
0.00492844	0.580197	0.561787	0.561787	1	1	0.999999	0.999739	0.96303	1
0.00793283	0.929178	0.352805	0.405569	1	1	0.999387	0.991656	0.772976	1
-0.00173327	-0.205572	0.837127	0.906474	1	1	1	0.995554	0.872073	1
-0.0038401	-0.454915	0.649174	0.771354	1	1	1	0.963312	0.723267	1
-0.0162627	-1.94805	0.0514183	0.301514	0.874111	0.719856	0.592366	0.52242	0.218528	0.751638
-0.0104411	-1.24115	0.214561	0.584536	1	1	0.983522	0.815589	0.331594	1
-0.00110076	-0.127255	0.89874	0.926142	1	1	1	0.999435	0.915404	1
-0.00548065	-0.633595	0.52635	0.73949	1	1	0.999997	0.973291	0.63914	1
-0.00338065	-0.427512	0.66901	0.66901	1	1	1	0.99989	0.985518	1
-0.0107144	-1.37634	0.168727	0.168727	1	1	0.956784	0.948012	0.691119	1
-0.00922046	-1.11927	0.263033	0.499499	1	1	0.99442	0.947149	0.496841	1
-0.0179878	-2.20147	0.0277106	0.0277106	0.471079	0.471079	0.37981	0.37981	0.263407	0.906001
0.00146402	0.173046	0.862616	0.862616	1	1	1	0.999751	0.977632	1
-0.00470151	-0.54984	0.582433	0.582433	1	1	1	0.999123	0.707836	1
0.00642118	0.949488	0.34238	0.499499	1	1	0.999195	0.976998	0.646718	1
0.00818173	1.07592	0.281972	0.41141	1	1	0.996416	0.973845	0.624783	1
0.0067774	0.851216	0.394656	0.42531	1	1	0.999803	0.993393	0.838644	1
-0.000804929	-0.103964	0.917199	0.917199	1	1	1	0.999989	0.955929	1
-0.00287464	-0.36011	0.718768	0.736823	1	1	1	0.999756	0.942051	1
0.00951928	1.16041	0.245892	0.245892	1	1	0.991752	0.980766	0.900618	1
-0.0106443	-1.49953	0.133748	0.241643	1	1	0.912913	0.821461	0.378951	1
0.00209486	0.263667	0.792038	0.852796	1	1	1	0.998254	0.961761	1
-0.0019531	-0.242727	0.808218	0.808218	1	1	1	0.999963	0.984371	1
-0.00126743	-0.164529	0.869316	0.869316	1	1	1	0.999875	0.93343	1
-0.00304079	-0.393974	0.693603	0.693603	1	1	1	0.999976	0.98363	1
0.00587634	0.766107	0.443618	0.499499	1	1	0.999953	0.995832	0.829991	1
0.00191865	0.25288	0.800363	0.846258	1	1	1	0.999987	0.985729	1
0.00250906	0.321953	0.74749	0.823457	1	1	1	0.999709	0.95892	1
0.00430684	0.552483	0.580622	0.625629	1	1	1	0.999043	0.922066	1
0.00126902	0.164495	0.869343	0.869343	1	1	1	0.998554	0.923677	1
0.000608325	0.079494	0.93664	0.96394	1	1	1	0.997772	0.93664	1
-0.00857682	-1.06511	0.286835	0.371319	1	1	0.996807	0.975943	0.696598	1
-0.00293824	-0.36691	0.713688	0.713688	1	1	1	0.999833	0.933285	1
-0.00122158	-0.1504	0.88045	0.890944	1	1	1	0.999882	0.88045	1
0.0024311	0.298488	0.765333	0.773769	1	1	1	0.999991	0.990189	1
0.00462044	0.568713	0.569555	0.662207	1	1	0.999999	0.997262	0.880222	1
-0.00022621	-0.0278367	0.977793	0.977793	1	1	1	0.999987	0.977793	1
-0.00685296	-0.887626	0.374749	0.374749	1	1	0.999659	0.99643	0.888736	1
-0.00496665	-0.660095	0.509198	0.509198	1	1	0.999994	0.999602	0.824509	1
-0.00755862	-0.928652	0.353077	0.499499	1	1	0.999391	0.984974	0.666923	1
-0.0100569	-1.24026	0.214887	0.388964	1	1	0.983638	0.956936	0.549644	1
0.0018573	0.223185	0.823393	0.823393	1	1	1	0.999968	0.982887	1
-0.00626091	-0.76197	0.446084	0.446084	1	1	0.999956	0.998494	0.873641	1
0.00606854	0.781079	0.434762	0.434762	1	1	0.999939	0.996963	0.896669	1
0.00350033	0.448781	0.653593	0.653593	1	1	1	0.999618	0.888289	1
0.00147108	0.180395	0.856843	0.862199	1	1	1	0.999595	0.856843	1
-0.00617494	-0.76036	0.447045	0.447045	1	1	0.999958	0.999183	0.982067	1
0.00546608	0.708231	0.478807	0.675096	1	1	0.999985	0.985483	0.67831	1
0.0045907	0.594462	0.552208	0.580923	1	1	0.999999	0.996746	0.853412	1
-0.00185138	-0.229209	0.818708	0.837895	1	1	1	0.997935	0.889069	1
-0.000573485	-0.0717718	0.942784	0.960011	1	1	1	0.998896	0.983364	1
-0.0046939	-0.582152	0.560469	0.638181	1	1	0.999999	0.9928	0.745841	1
0.00975083	1.21055	0.226077	0.401406	1	1	0.987181	0.954761	0.593113	1
-0.0140927	-1.94315	0.0520074	0.195177	0.884127	0.832119	0.596648	0.57452	0.442063	1
-0.0075313	-1.04564	0.295734	0.428944	1	1	0.997421	0.982057	0.649076	1
-0.00317394	-0.386438	0.699175	0.767167	1	1	1	0.999259	0.866858	1
0.00394558	0.481028	0.6305	0.6305	1	1	1	0.999653	0.892837	1
-0.00320473	-0.406005	0.684742	0.752969	1	1	1	0.997827	0.825991	1
-0.000819025	-0.104666	0.916641	0.916641	1	1	1	0.999993	0.985376	1
0.0136604	1.64568	0.0998395	0.0998395	1	1	0.832722	0.793558	0.565757	1
0.00879215	1.05532	0.291287	0.342499	1	1	0.997129	0.988621	0.74256	1
0.0121918	1.52996	0.126038	0.173655	1	1	0.898754	0.826457	0.363121	1
0.00308634	0.375792	0.707074	0.814833	1	1	1	0.999192	0.840338	1
-0.00813309	-1.09995	0.271364	0.344768	1	1	0.995401	0.983683	0.796618	1
-0.0110147	-1.38895	0.164858	0.268038	1	1	0.953234	0.870911	0.371978	1
-0.00430969	-0.593623	0.552769	0.552769	1	1	0.999999	0.999629	0.971385	1
-0.00142356	-0.193194	0.846809	0.846809	1	1	1	0.99988	0.899734	1
-0.011846	-1.58997	0.111853	0.226587	1	1	0.86688	0.786054	0.3803	1
0.0126876	1.81955	0.0688375	0.141192	1	0.826051	0.702537	0.575082	0.19504	0.670849
-0.0118888	-1.45522	0.14562	0.207703	1	1	0.931123	0.908493	0.496824	1
-0.0101992	-1.23976	0.215074	0.215074	1	1	0.983704	0.957068	0.648405	1
-0.00422227	-0.538808	0.590023	0.651099	1	1	1	0.995251	0.830761	1
0.00251708	0.321189	0.748069	0.790756	1	1	1	0.998435	0.794824	1
-0.00632995	-0.831916	0.405463	0.569282	1	1	0.999855	0.970361	0.530221	1
-0.00641075	-0.811777	0.416926	0.552888	1	1	0.999896	0.980849	0.548725	1
0.0126553	1.7395	0.0819569	0.247206	1	1	0.766293	0.722702	0.309936	1
0.0140899	1.97121	0.0487084	0.0784237	0.828042	0.681917	0.57211	0.50296	0.207011	0.712024
-0.00366406	-0.487898	0.625626	0.788137	1	1	1	0.997247	0.830097	1
-0.00505355	-0.646185	0.518164	0.689279	1	1	0.999996	0.974029	0.677599	1
0.00860569	1.2135	0.224948	0.464856	1	1	0.986859	0.955953	0.450527	1
0.00745927	1.01932	0.308061	0.330333	1	1	0.998089	0.987955	0.788565	1
0.00435331	0.606603	0.544119	0.544119	1	1	0.999998	0.99915	0.937762	1
0.000449491	0.0607244	0.951579	0.959438	1	1	1	0.996184	0.951579	1
-0.0104224	-1.36654	0.17178	0.449388	1	1	0.959405	0.892394	0.41718	1
-0.00700167	-0.89634	0.370078	0.39782	1	1	0.999613	0.996737	0.795284	1
-0.00467947	-0.651177	0.514937	0.514937	1	1	0.999995	0.999472	0.882165	1
-0.00116863	-0.162457	0.870947	0.870947	1	1	1	0.999972	0.920471	1
0.00472497	0.688794	0.490958	0.519921	1	1	0.99999	0.996688	0.834629	1
0.0083606	1.19918	0.230465	0.42677	1	1	0.988362	0.956874	0.582234	1
0.000187386	0.0259778	0.979275	0.982828	1	1	1	0.99957	0.979275	1
0.00117744	0.159581	0.873212	0.907058	1	1	1	0.998312	0.873212	1
-0.0169282	-2.25761	0.0239772	0.0239772	0.407612	0.359658	0.338059	0.305137	0.135871	0.467335
-0.014999	-2.02474	0.0429031	0.0564527	0.729353	0.643546	0.525484	0.481989	0.243118	0.836215
-0.0190118	-2.55518	0.010618	0.010618	0.180507	0.159271	0.165958	0.14796	0.0601689	0.206954
-0.0122643	-1.65756	0.0974172	0.236286	1	1	0.824902	0.761867	0.414023	1
0.00282265	0.39286	0.694426	0.694426	1	1	1	0.999834	0.892117	1
0.00384264	0.534891	0.592729	0.592729	1	1	1	0.999243	0.908138	1
-0.0121217	-1.6636	0.0962023	0.232822	1	1	0.820852	0.757341	0.341134	1
-0.0157197	-2.11498	0.0344394	0.0344394	0.585471	0.516592	0.448873	0.408857	0.195157	0.671252
-0.00657884	-0.860471	0.389536	0.499499	1	1	0.999773	0.988226	0.735791	1
-0.0105703	-1.34126	0.179846	0.203577	1	1	0.965627	0.937694	0.669844	1
0.0122411	1.7153	0.0862997	0.0862997	1	1	0.784392	0.717348	0.366774	1
0.00412338	0.566972	0.570738	0.570738	1	1	0.999999	0.998856	0.886875	1
-0.00386675	-0.518497	0.604115	0.604115	1	1	1	0.999579	0.946767	1
-0.00590312	-0.771158	0.440619	0.440619	1	1	0.999949	0.998322	0.818073	1
0.00628404	0.913476	0.360999	0.495587	1	1	0.999506	0.991182	0.643519	1
0.0027612	0.38967	0.696783	0.696783	1	1	1	0.999085	0.847657	1
-0.0140847	-1.85553	0.0635302	0.184917	1	0.952954	0.672362	0.6264	0.360005	1
-0.00685748	-0.937892	0.348307	0.631219	1	1	0.99931	0.950077	0.502702	1
-0.00261762	-0.338938	0.734658	0.734658	1	1	1	0.999897	0.992071	1
0.000324183	0.0404823	0.967709	0.967709	1	1	1	0.999975	0.97264	1
-0.00586106	-0.708495	0.478644	0.715975	1	1	0.999984	0.961481	0.625919	1
0.013208	1.68628	0.091753	0.256007	1	1	0.805254	0.713812	0.31196	1
-0.00335746	-0.415346	0.677892	0.7684	1	1	1	0.992457	0.72026	1
-0.017984	-2.3443	0.0190694	0.0190694	0.32418	0.30511	0.27914	0.265127	0.16209	0.557516
0.00154091	0.196985	0.843841	0.843841	1	1	1	0.999971	0.963471	1
-0.00594951	-0.752382	0.451827	0.499499	1	1	0.999964	0.995531	0.798106	1
-0.00447201	-0.539068	0.589844	0.629674	1	1	1	0.999199	0.941427	1
-0.00583159	-0.70237	0.482454	0.531243	1	1	0.999986	0.995299	0.726049	1
-0.0106442	-1.3276	0.18432	0.185851	1	1	0.968679	0.942286	0.689615	1
-0.00145541	-0.181726	0.855799	0.877613	1	1	1	0.997946	0.958897	1
-0.000215425	-0.029113	0.976775	0.977637	1	1	1	0.998069	0.976775	1
0.000703164	0.0922603	0.926492	0.926492	1	1	1	0.999996	0.993432	1
-0.00233659	-0.284103	0.776333	0.787183	1	1	1	0.999828	0.863333	1
-0.000275947	-0.0339088	0.97295	0.97295	1	1	1	0.999993	0.998903	1
-0.00912579	-1.11933	0.263009	0.263009	1	1	0.994417	0.986053	0.975112	1
-0.0103767	-1.29266	0.19614	0.19614	1	1	0.975562	0.952953	0.833593	1
0.0113851	1.50816	0.131523	0.362538	1	1	0.909031	0.861127	0.38486	1
0.00777957	1.01285	0.311142	0.443451	1	1	0.998229	0.97594	0.648031	1
0.00359764	0.432072	0.665692	0.748229	1	1	1	0.989075	0.764421	1
-0.000547374	-0.0664791	0.946997	0.957195	1	1	1	0.995597	0.946997	1
0.00046489	0.0557795	0.955518	0.955518	1	1	1	0.999747	0.955518	1
-0.00464845	-0.563481	0.573112	0.573112	1	1	0.999999	0.999918	0.930059	1
-0.00508426	-0.605768	0.544673	0.579572	1	1	0.999998	0.996115	0.689244	1
0.0005586	0.0668384	0.946711	0.964043	1	1	1	0.998301	0.946711	1
-0.00626551	-0.77331	0.439345	0.510739	1	1	0.999947	0.993363	0.681444	1
-0.00548874	-0.683408	0.494354	0.642014	1	1	0.999991	0.973082	0.600287	1
0.003502	0.443828	0.65717	0.65717	1	1	1	0.999935	0.925873	1
-0.00441927	-0.552128	0.580864	0.580864	1	1	1	0.999297	0.976094	1
-0.00162213	-0.197114	0.84374	0.895378	1	1	1	0.99928	0.899913	1
-0.0172954	-2.11716	0.0342543	0.132753	0.582324	0.54807	0.447074	0.427462	0.291162	1
-0.0139009	-1.6667	0.0955851	0.255722	1	1	0.818761	0.778428	0.475843	1
-0.0198889	-2.39428	0.0166592	0.0166592	0.283206	0.249887	0.24843	0.222749	0.0944019	0.3247
0.0025626	0.323357	0.746427	0.846064	1	1	1	0.998938	0.906375	1
-0.000434474	-0.0537872	0.957105	0.962516	1	1	1	0.999921	0.966928	1
-0.0197166	-2.40767	0.0160605	0.0402812	0.273028	0.273028	0.240614	0.240614	0.273028	0.939095
-0.0133283	-1.63507	0.102045	0.184182	1	1	0.839555	0.777942	0.339487	1
-0.0147794	-1.78949	0.0735462	0.0915615	1	1	0.7271	0.682052	0.416762	1
0.00541585	0.649217	0.516203	0.517763	1	1	0.999996	0.997972	0.797768	1
-0.0128677	-1.63495	0.102069	0.233403	1	1	0.839627	0.753306	0.347034	1
-0.00791043	-1.01808	0.308647	0.499499	1	1	0.998117	0.98265	0.575021	1
-0.0011554	-0.138824	0.88959	0.910618	1	1	1	0.999001	0.985582	1
-0.000627707	-0.0744699	0.940637	0.952197	1	1	1	0.999803	0.941776	1
-0.00912525	-1.076	0.281934	0.486294	1	1	0.996413	0.963555	0.505957	1
-0.00489649	-0.582337	0.560344	0.560344	1	1	0.999999	0.99938	0.914989	1
-0.00280382	-0.333949	0.73842	0.73842	1	1	1	0.999577	0.896653	1
-0.00860428	-1.03113	0.30249	0.497362	1	1	0.99781	0.977346	0.575915	1
0.0131445	1.59708	0.110259	0.331215	1	1	0.862759	0.810427	0.451187	1
0.00469908	0.585542	0.558188	0.650945	1	1	0.999999	0.99255	0.676067	1
-0.00102774	-0.160664	0.87236	0.913276	1	1	1	0.973277	0.87236	1
-0.00819783	-1.06737	0.285813	0.37736	1	1	0.996728	0.986093	0.694118	1
-0.00731697	-1.0062	0.314325	0.314325	1	1	0.998363	0.9892	0.762421	1
-0.00398353	-0.535674	0.592188	0.592188	1	1	1	0.999683	0.910479	1
-0.00550931	-0.737085	0.461076	0.499499	1	1	0.999973	0.998071	0.8135	1
0.0134948	1.93668	0.0527936	0.104052	0.897491	0.686317	0.602297	0.50594	0.179498	0.617394
-0.0119206	-1.47086	0.141338	0.19784	1	1	0.925015	0.898298	0.800918	1
-0.00849917	-1.04356	0.296695	0.449445	1	1	0.99748	0.979175	0.603426	1
-0.00742146	-0.925908	0.354501	0.489736	1	1	0.999414	0.987441	0.690142	1
0.000719864	0.0896572	0.92856	0.931257	1	1	1	0.999892	0.989529	1
0.000499879	0.0727009	0.942045	0.942045	1	1	1	0.999963	0.942045	1
-0.00525935	-0.703944	0.481473	0.604696	1	1	0.999986	0.994442	0.684184	1
0.0130191	2.09397	0.0362709	0.153354	0.616605	0.544063	0.466377	0.425454	0.181043	0.622706
0.0168132	2.61018	0.00905394	0.105042	0.153917	0.135809	0.143258	0.127531	0.0513057	0.176469
-0.00390619	-0.518141	0.604363	0.724363	1	1	1	0.998483	0.867531	1
-0.00648814	-0.826406	0.40858	0.499499	1	1	0.999867	0.995988	0.728082	1
0.00709638	1.00888	0.313041	0.389572	1	1	0.99831	0.994788	0.809343	1
0.011241	1.54059	0.123426	0.211313	1	1	0.893487	0.841861	0.524561	1
0.00438398	0.567682	0.570255	0.691388	1	1	0.999999	0.993701	0.807861	1
0.00279002	0.355371	0.722314	0.722314	1	1	1	0.998892	0.926911	1
-0.00821303	-1.10938	0.267277	0.404743	1	1	0.994942	0.976052	0.675556	1
-0.00944633	-1.25961	0.20782	0.221664	1	1	0.980945	0.969636	0.75124	1
-0.0102671	-1.35815	0.174425	0.174425	1	1	0.961553	0.917238	0.593046	1
-0.00409352	-0.536894	0.591345	0.617302	1	1	1	0.997186	0.773297	1
0.000938042	0.13156	0.895333	0.895333	1	1	1	0.999432	0.982199	1
0.00241537	0.33782	0.735501	0.796763	1	1	1	0.994845	0.78147	1
0.00376465	0.55	0.582323	0.582323	1	1	1	0.999613	0.904444	1
-0.000375305	-0.05308	0.957668	0.967635	1	1	1	0.998702	0.957668	1
-0.0171119	-2.25778	0.0239665	0.0609139	0.407431	0.359498	0.337936	0.305022	0.125783	0.432638
-0.0156067	-2.07096	0.0383709	0.0383709	0.652305	0.575563	0.485803	0.443949	0.217435	0.747879
-0.0242349	-3.37693	0.000733908	0.00797103	0.0124764	0.0117425	0.0124034	0.0116781	0.00623821	0.0214567
-0.0205241	-2.85488	0.00430821	0.110205	0.0732395	0.0646231	0.0707688	0.0627102	0.0244132	0.0839704
0.00814239	1.10338	0.26987	0.532964	1	1	0.995238	0.919239	0.457788	1
0.00902839	1.22077	0.222183	0.434492	1	1	0.986039	0.950962	0.550658	1
-0.0143913	-1.831	0.0671108	0.106665	1	1	0.693019	0.647263	0.345016	1
-0.0147404	-1.87435	0.0608923	0.199797	1	0.913384	0.656314	0.610299	0.295755	1
-0.00977665	-1.30848	0.19072	0.410058	1	1	0.972605	0.8795	0.405281	1
-0.0023527	-0.308368	0.757804	0.82521	1	1	1	0.999167	0.878043	1
0.00074879	0.101018	0.919537	0.919537	1	1	1	0.999274	0.95045	1
-0.00262984	-0.352381	0.724555	0.724555	1	1	1	0.999478	0.906904	1
-0.00507508	-0.686025	0.492703	0.518939	1	1	0.99999	0.99883	0.707123	1
-0.00353706	-0.457378	0.647402	0.65124	1	1	1	0.999522	0.853957	1
0.00815882	1.11321	0.265628	0.499499	1	1	0.994745	0.937878	0.459035	1
0.00565086	0.76442	0.444623	0.444623	1	1	0.999955	0.997208	0.902229	1
-0.0038169	-0.488257	0.625371	0.625371	1	1	1	0.999855	0.941868	1
-0.00240841	-0.316787	0.751408	0.790386	1	1	1	0.999751	0.886326	1
0.00475705	0.613396	0.539619	0.539619	1	1	0.999998	0.999943	0.988931	1
0.0014869	0.187092	0.85159	0.85159	1	1	1	0.999985	0.970896	1
-0.0101216	-1.27564	0.202093	0.202093	1	1	0.978463	0.946865	0.687117	1
-0.0133677	-1.64144	0.100717	0.364548	1	1	0.835472	0.748433	0.290678	0.999803
-0.00206045	-0.269528	0.787525	0.787525	1	1	1	0.999908	0.886629	1
0.00230743	0.297364	0.76619	0.76619	1	1	1	0.999716	0.921255	1
-0.0112604	-1.37723	0.168452	0.168452	1	1	0.95654	0.910004	0.572736	1
0.0121264	1.73069	0.0835174	0.159593	1	1	0.772955	0.648852	0.236633	0.81391
-0.00800053	-0.976296	0.328925	0.328925	1	1	0.998865	0.98757	0.798819	1
-0.00689981	-0.833232	0.40472	0.522265	1	1	0.999852	0.992275	0.625477	1
0.00227521	0.29449	0.768385	0.780345	1	1	1	0.999319	0.81641	1
0.00109051	0.140731	0.888084	0.888084	1	1	1	0.999358	0.970734	1
-0.00399353	-0.507248	0.611984	0.667072	1	1	1	0.998708	0.875045	1
-0.00184071	-0.236915	0.812724	0.837858	1	1	1	0.999412	0.921088	1
0.00694485	0.865369	0.386843	0.499499	1	1	0.999755	0.98775	0.730704	1
0.00579925	0.735202	0.462222	0.534915	1	1	0.999974	0.992985	0.714343	1
-0.000270978	-0.0349894	0.972088	0.972088	1	1	1	0.999521	0.972088	1
0.000836156	0.106787	0.914958	0.948528	1	1	1	0.996884	0.921552	1
0.00427362	0.537232	0.591111	0.772865	1	1	1	0.99404	0.772991	1
0.00342454	0.429168	0.667804	0.667804	1	1	1	0.999468	0.917206	1
0.000827272	0.102365	0.918468	0.918468	1	1	1	0.99988	0.955803	1
-0.000263797	-0.032717	0.973901	0.978365	1	1	1	0.999962	0.999942	1
-0.00679547	-0.847314	0.396827	0.618233	1	1	0.999815	0.98248	0.674605	1
-0.00074086	-0.0908759	0.927592	0.927592	1	1	1	0.999924	0.941832	1
0.000751846	0.102089	0.918687	0.923591	1	1	1	0.996826	0.918687	1
0.00200855	0.274729	0.783526	0.785393	1	1	1	0.999565	0.951424	1
0.011121	1.44594	0.148203	0.274968	1	1	0.93458	0.865896	0.411784	1
0.0132051	1.68196	0.0925874	0.223186	1	1	0.808274	0.717211	0.314797	1
-0.00302195	-0.375366	0.707391	0.739494	1	1	1	0.999171	0.805673	1
0.00329679	0.411964	0.680368	0.746105	1	1	1	0.996289	0.826162	1
-0.0115837	-1.51574	0.129596	0.129596	1	1	0.905539	0.875316	0.686212	1
-0.0066058	-0.86827	0.385253	0.46367	1	1	0.999744	0.99433	0.800252	1
-0.00638793	-0.813742	0.415799	0.433283	1	1	0.999892	0.99842	0.788131	1
0.00337182	0.424346	0.671316	0.671316	1	1	1	0.999366	0.936551	1
0.001659	0.231488	0.816937	0.843109	1	1	1	0.994632	0.867996	1
0.00306659	0.424056	0.671528	0.671528	1	1	1	0.999913	0.892357	1
0.00371144	0.479645	0.631484	0.699603	1	1	1	0.990648	0.715681	1
-0.00177849	-0.228157	0.819526	0.83033	1	1	1	0.999809	0.924241	1
0.00209126	0.262578	0.792877	0.794428	1	1	1	0.998716	0.842432	1
-0.0127875	-1.58909	0.112051	0.14131	1	1	0.867384	0.810578	0.476218	1
0.0155327	2.1965	0.0280639	0.191673	0.477087	0.449023	0.383631	0.365834	0.238543	0.820482
0.00793426	1.11555	0.264626	0.294222	1	1	0.994622	0.97715	0.642662	1
0.000358303	0.045345	0.963833	0.972095	1	1	1	0.99624	0.963833	1
-0.00495617	-0.616031	0.537879	0.549592	1	1	0.999998	0.997536	0.739396	1
0.00712676	0.980422	0.326885	0.326885	1	1	0.998805	0.991349	0.869754	1
0.0030077	0.407557	0.683602	0.683602	1	1	1	0.999687	0.935422	1
-0.0121896	-1.52352	0.127638	0.227747	1	1	0.90186	0.887501	0.697569	1
-0.00294562	-0.375782	0.707082	0.745577	1	1	1	0.999868	0.988858	1
-0.00424053	-0.513955	0.607287	0.635446	1	1	1	0.996692	0.860323	1
-0.00880909	-1.10632	0.268596	0.330957	1	1	0.995095	0.976564	0.749162	1
-0.01197	-1.4932	0.135395	0.135395	1	1	0.915686	0.869549	0.408436	1
-0.00819345	-1.04003	0.298334	0.343864	1	1	0.997578	0.985758	0.663521	1
0.00044488	0.0595134	0.952544	0.952544	1	1	1	0.999995	0.952544	1
-0.000105733	-0.0135958	0.989153	0.989153	1	1	1	0.999914	0.989153	1
-0.0102783	-1.3365	0.181397	0.25854	1	1	0.966715	0.95033	0.671465	1
0.0121273	1.72915	0.0837918	0.149191	1	1	0.774108	0.650111	0.23741	0.816585
-0.0114355	-1.39979	0.161585	0.161585	1	1	0.950019	0.928898	0.862826	1
-0.00938093	-1.14118	0.253803	0.253803	1	1	0.993105	0.985341	0.79829	1
-0.00472528	-0.61385	0.539319	0.539319	1	1	0.999998	0.999569	0.961087	1
0.00274544	0.357238	0.720916	0.720916	1	1	1	0.999868	0.982073	1
-0.0070564	-0.891921	0.372442	0.467533	1	1	0.999637	0.990526	0.739001	1
-0.00528329	-0.667256	0.504613	0.537983	1	1	0.999993	0.996373	0.857843	1
0.00429894	0.530958	0.595452	0.760675	1	1	1	0.995616	0.785896	1
0.00424948	0.538688	0.590106	0.644643	1	1	1	0.995257	0.823688	1
-0.0033248	-0.43231	0.665519	0.720122	1	1	1	0.9986	0.815078	1
-0.00446639	-0.580114	0.561842	0.702285	1	1	0.999999	0.992302	0.692937	1
0.0134737	1.8557	0.0635054	0.0635054	1	1	0.672214	0.649987	0.539796	1
0.00840309	1.14329	0.252929	0.388022	1	1	0.992967	0.977421	0.653362	1
0.00449693	0.600714	0.548035	0.714783	1	1	0.999999	0.996148	0.846963	1
-0.00224509	-0.291758	0.770474	0.819931	1	1	1	0.999966	0.965832	1
-0.00807848	-1.01455	0.31033	0.447297	1	1	0.998193	0.98842	0.693815	1
-0.00506359	-0.629531	0.529006	0.560935	1	1	0.999997	0.998186	0.798733	1
0.000657886	0.0896711	0.928549	0.928549	1	1	1	0.999808	0.965235	1
0.00194762	0.268683	0.788175	0.788175	1	1	1	0.999849	0.960596	1
0.00431961	0.60479	0.545323	0.61158	1	1	0.999998	0.995983	0.842772	1
0.00905918	1.26343	0.206444	0.227439	1	1	0.980374	0.950511	0.594496	1
0.000952759	0.127987	0.89816	0.89816	1	1	1	0.999936	0.970739	1
0.0038233	0.507607	0.611732	0.611732	1	1	1	0.99867	0.851805	1
-0.011992	-1.57641	0.114942	0.228732	1	1	0.874535	0.81903	0.488503	1
-0.0117185	-1.55176	0.120731	0.236568	1	1	0.88778	0.834916	0.477327	1
-0.0148299	-1.88234	0.0597992	0.0597992	1	0.896988	0.64945	0.60344	0.338862	1
-0.00959739	-1.23748	0.215918	0.244409	1	1	0.983999	0.957665	0.734122	1
-0.00183944	-0.245378	0.806165	0.806165	1	1	1	0.999518	0.878237	1
-0.000105061	-0.0140641	0.988779	0.988779	1	1	1	0.999989	0.988779	1
-0.0102447	-1.32233	0.186068	0.351827	1	1	0.969801	0.931191	0.461901	1
-0.0114714	-1.47142	0.141187	0.247448	1	1	0.92479	0.881265	0.600046	1
-0.00452606	-0.563726	0.572945	0.591152	1	1	0.999999	0.998894	0.858445	1
-0.0108083	-1.32492	0.185207	0.372477	1	1	0.969253	0.930239	0.506665	1
0.0153893	2.13064	0.0331271	0.0692485	0.563161	0.496907	0.435999	0.39669	0.18772	0.645674
0.00688776	0.951027	0.341598	0.499499	1	1	0.999179	0.97675	0.645241	1
-0.00121872	-0.156192	0.875882	0.891144	1	1	1	0.997723	0.930625	1
-0.00421885	-0.538252	0.590407	0.590407	1	1	1	0.999587	0.966046	1
0.0030078	0.41612	0.677325	0.677325	1	1	1	0.999962	0.973313	1
0.00123395	0.16983	0.865145	0.883682	1	1	1	0.999629	0.926494	1
-0.0174605	-2.14668	0.0318268	0.0750619	0.541056	0.541056	0.422965	0.422965	0.541056	1
-0.0119728	-1.50844	0.131452	0.153703	1	1	0.908905	0.879245	0.729197	1
-0.00393144	-0.511318	0.609132	0.609132	1	1	1	0.998821	0.904211	1
0.000211913	0.0266265	0.978758	0.984188	1	1	1	0.99986	0.978758	1
-0.00393589	-0.498997	0.617785	0.617785	1	1	1	0.99999	0.972208	1
-0.00898011	-1.14137	0.253726	0.306981	1	1	0.993093	0.960017	0.616193	1
0.00511896	0.635961	0.524806	0.524806	1	1	0.999997	0.9985	0.742152	1
0.0098675	1.18549	0.235832	0.391172	1	1	0.989667	0.960348	0.631128	1
0.00446533	0.563448	0.573134	0.633177	1	1	0.999999	0.994427	0.810519	1
-0.000950215	-0.116209	0.907487	0.921949	1	1	1	0.994518	0.922978	1
-0.0100505	-1.26856	0.204608	0.236549	1	1	0.979588	0.935882	0.579722	1
-0.00809455	-1.01472	0.310247	0.424912	1	1	0.99819	0.987436	0.71706	1
0.00345173	0.493293	0.621809	0.668827	1	1	1	0.99858	0.880896	1
-0.00652163	-0.959531	0.337299	0.499499	1	1	0.999083	0.982918	0.63712	1
0.0083463	1.0785	0.28082	0.28082	1	1	0.996317	0.980855	0.795656	1
0.000890431	0.115969	0.907678	0.93624	1	1	1	0.989187	0.907678	1
0.00323254	0.410384	0.681527	0.681527	1	1	1	0.999668	0.949383	1
-0.00187833	-0.232048	0.816503	0.833798	1	1	1	0.99831	0.867534	1
0.0026671	0.329829	0.741532	0.741532	1	1	1	0.998568	0.82318	1
0.00354477	0.432069	0.665694	0.731296	1	1	1	0.992946	0.7073	1
-0.00905087	-1.17164	0.24135	0.24135	1	1	0.990865	0.979079	0.983558	1
-0.0114113	-1.46765	0.142209	0.142209	1	1	0.926297	0.863868	0.483511	1
0.000706463	0.0889308	0.929137	0.929137	1	1	1	0.999976	0.982873	1
-0.00160786	-0.199617	0.841782	0.841782	1	1	1	0.999999	0.932385	1
0.0104363	1.30602	0.191554	0.191554	1	1	0.973081	0.936983	0.651285	1
0.0103261	1.26756	0.204966	0.267897	1	1	0.979744	0.9493	0.696885	1
0.00198314	0.25998	0.794881	0.794881	1	1	1	0.998901	0.866622	1
0.00186132	0.242969	0.808031	0.808031	1	1	1	0.999652	0.953768	1
-0.00212019	-0.274361	0.783809	0.784424	1	1	1	0.998343	0.841442	1
-0.00478311	-0.62471	0.532166	0.532166	1	1	0.999998	0.998778	0.836378	1
-3.56031e-05	-0.00456921	0.996354	0.996354	1	1	1	0.999998	0.996354	1
-0.00197321	-0.251811	0.801189	0.801189	1	1	1	0.999857	0.932709	1
0.0101486	1.29065	0.196834	0.196834	1	1	0.975918	0.942128	0.669236	1
0.0152622	1.95214	0.0509302	0.100319	0.865814	0.662093	0.588786	0.493154	0.173163	0.595603
0.0171508	2.14809	0.0317148	0.0317148	0.539152	0.475722	0.42183	0.383335	0.148922	0.512226
0.0116493	1.47172	0.141108	0.246981	1	1	0.924672	0.861579	0.479766	1
0.0057945	0.773261	0.439374	0.499499	1	1	0.999947	0.995083	0.797967	1
0.00591133	0.792279	0.428204	0.428204	1	1	0.999925	0.999099	0.907895	1
0.00377616	0.479945	0.63127	0.638634	1	1	1	0.999073	0.805886	1
-0.00283254	-0.359581	0.719163	0.738524	1	1	1	0.999655	0.973952	1
0.00520911	0.666485	0.505106	0.505106	1	1	0.999994	0.998219	0.913288	1
0.00630487	0.790392	0.429305	0.499499	1	1	0.999928	0.997112	0.785811	1
0.0195756	2.42036	0.0155111	0.0155111	0.26369	0.217156	0.233374	0.196564	0.0659224	0.226743
0.00979732	1.22442	0.220802	0.220802	1	1	0.985612	0.949908	0.625607	1
0.00340146	0.422555	0.672623	0.672623	1	1	1	0.999786	0.938487	1
0.00662445	0.835082	0.403678	0.499499	1	1	0.999848	0.992652	0.762503	1
-0.0104964	-1.4325	0.152011	0.152011	1	1	0.939378	0.900582	0.646047	1
-0.00162146	-0.223251	0.823341	0.8279	1	1	1	0.999108	0.8748	1
0.0213346	2.73248	0.00628947	0.00628947	0.106921	0.106921	0.101707	0.101707	0.106921	0.36776
0.0123163	1.6021	0.109144	0.109144	1	1	0.859805	0.823349	0.61848	1
0.0107438	1.39788	0.162159	0.164032	1	1	0.950597	0.929624	0.813321	1
-0.00494736	-0.638992	0.522833	0.64931	1	1	0.999997	0.977086	0.683704	1
-0.00245486	-0.364135	0.715759	0.715759	1	1	1	0.999881	0.881051	1
-0.00587568	-0.800997	0.42314	0.502882	1	1	0.999913	0.993469	0.658087	1
0.00516014	0.649575	0.515972	0.680624	1	1	0.999996	0.984846	0.674732	1
0.0108744	1.34367	0.179066	0.202781	1	1	0.965067	0.940319	0.608824	1
-0.00038608	-0.0500765	0.960062	0.960062	1	1	1	0.99996	0.991597	1
0.00327586	0.428052	0.668616	0.716478	1	1	1	0.99518	0.811891	1
-0.00138019	-0.168944	0.865842	0.898138	1	1	1	0.999957	0.968795	1
0.00912845	1.10707	0.268273	0.461547	1	1	0.995058	0.967801	0.554856	1
-0.00206431	-0.259574	0.795194	0.873687	1	1	1	0.998782	0.89823	1
0.00188247	0.234519	0.814583	0.854719	1	1	1	0.998876	0.865495	1
-0.00471587	-0.656788	0.511322	0.511322	1	1	0.999995	0.999223	0.90653	1
-0.00357076	-0.482187	0.629677	0.717362	1	1	1	0.987621	0.669032	1
-0.0143547	-1.92316	0.0544695	0.0544695	0.925981	0.817042	0.614092	0.568349	0.249221	0.857209
-0.021766	-2.87307	0.0040678	0.00747182	0.0691525	0.0691525	0.0669473	0.0669473	0.0363925	0.125174
0.0051928	0.669091	0.503443	0.576492	1	1	0.999993	0.994866	0.778048	1
0.00718556	0.9136	0.360934	0.369175	1	1	0.999505	0.991168	0.766985	1
0.00424679	0.523759	0.60045	0.60045	1	1	1	0.999679	0.83419	1
-0.00294922	-0.361509	0.717722	0.740516	1	1	1	0.997843	0.871519	1
-0.00374976	-0.457714	0.647161	0.751838	1	1	1	0.984501	0.785839	1
-0.00142992	-0.174013	0.861857	0.874723	1	1	1	0.99995	0.996299	1
0.00370597	0.473757	0.635676	0.691394	1	1	1	0.999148	0.912883	1
0.013722	1.76061	0.0783144	0.0856204	1	1	0.750019	0.728778	0.516411	1
0.0132851	1.60285	0.108979	0.108979	1	1	0.859365	0.842164	0.639214	1
0.00774645	0.940993	0.346716	0.393123	1	1	0.999281	0.993957	0.754128	1
0.00215678	0.266148	0.790127	0.790127	1	1	1	0.999909	0.942554	1
0.000720542	0.0893497	0.928805	0.952913	1	1	1	0.999853	0.928805	1
0.000715035	0.0945908	0.92464	0.92464	1	1	1	0.999902	0.941624	1
0.0024041	0.310213	0.756401	0.756401	1	1	1	0.999993	0.94556	1
0.0113743	1.41375	0.157445	0.3801	1	1	0.945653	0.848091	0.368499	1
0.0216082	2.69426	0.00705847	0.064621	0.119994	0.105877	0.113451	0.100802	0.039998	0.137575
0.022608	2.87927	0.00398869	0.0200484	0.0678078	0.0638191	0.0656866	0.061945	0.0339039	0.116614
0.0230001	2.92742	0.00342042	0.0151819	0.0581472	0.0581472	0.056583	0.056583	0.0503944	0.173334
-0.00668369	-0.839506	0.401192	0.499499	1	1	0.999836	0.993856	0.701761	1
-0.00500099	-0.625025	0.531959	0.594912	1	1	0.999998	0.997031	0.822119	1
0.0113074	1.4053	0.159942	0.224371	1	1	0.948328	0.852972	0.388431	1
0.0111424	1.39702	0.162419	0.218719	1	1	0.950858	0.92409	0.584441	1
0.0112253	1.47422	0.140433	0.223827	1	1	0.923659	0.878334	0.453249	1
0.00226843	0.301364	0.763139	0.771511	1	1	1	0.998278	0.864891	1
0.0120679	1.60317	0.108908	0.203529	1	1	0.859174	0.8169	0.46286	1
0.010611	1.41984	0.155664	0.17616	1	1	0.943668	0.906414	0.661573	1
0.00279408	0.3395	0.734235	0.848027	1	1	1	0.997679	0.864742	1
0.00407322	0.490106	0.624063	0.625502	1	1	1	0.997965	0.816082	1
-0.00933594	-1.12411	0.260977	0.548067	1	1	0.99415	0.87504	0.369717	1
-0.00392966	-0.471577	0.637232	0.74961	1	1	1	0.997721	0.902746	1
0.00748146	0.910811	0.362402	0.362402	1	1	0.999524	0.99292	0.778038	1
0.00191952	0.235564	0.813773	0.885803	1	1	1	0.997318	0.847777	1
-0.0175526	-2.12598	0.0335131	0.0335131	0.569722	0.569722	0.439815	0.439815	0.197399	0.678964
-0.00893609	-1.09558	0.27327	0.27327	1	1	0.995601	0.978299	0.774264	1
-0.0134631	-1.73738	0.0823301	0.190627	1	1	0.767903	0.724388	0.351185	1
-0.0140526	-1.73678	0.082436	0.106859	1	1	0.768357	0.700146	0.350353	1
0.00182766	0.254479	0.799128	0.827179	1	1	1	0.996303	0.849073	1
0.00835115	1.20289	0.22903	0.347221	1	1	0.987987	0.953258	0.556216	1
-0.00991594	-1.32215	0.186128	0.212272	1	1	0.969838	0.915535	0.527362	1
0.0141893	2.05198	0.0401806	0.147295	0.68307	0.562528	0.502008	0.436812	0.146958	0.505468
-0.0159078	-1.92056	0.0547966	0.156898	0.931542	0.931542	0.616355	0.616355	0.55733	1
-0.0132835	-1.59874	0.109889	0.109889	1	1	0.861786	0.825553	0.445677	1
-0.00423064	-0.546502	0.584725	0.719064	1	1	1	0.98765	0.710991	1
-0.00272052	-0.360164	0.718727	0.774577	1	1	1	0.99399	0.814557	1
0.000588166	0.0725323	0.942179	0.96249	1	1	1	0.98071	0.942179	1
-0.00426172	-0.544749	0.58593	0.680791	1	1	1	0.993154	0.711487	1
0.0153361	1.99196	0.0463847	0.178838	0.788539	0.69577	0.55399	0.509546	0.262846	0.904074
0.0136442	1.8227	0.0683583	0.125511	1	1	0.699924	0.654273	0.35492	1
-0.00375787	-0.494303	0.621096	0.621096	1	1	1	0.999939	0.967519	1
-0.00521131	-0.662246	0.507818	0.591705	1	1	0.999994	0.991583	0.66407	1
0.00389939	0.525989	0.5989	0.655683	1	1	1	0.99578	0.710842	1
0.00129646	0.168243	0.866393	0.866393	1	1	1	0.999995	0.988434	1
0.00309575	0.432174	0.665618	0.665618	1	1	1	0.999881	0.985333	1
-0.00447454	-0.596938	0.550553	0.550553	1	1	0.999999	0.999969	0.901456	1
-0.00197473	-0.255785	0.798119	0.852413	1	1	1	0.999159	0.969144	1
0.00134722	0.16781	0.866734	0.896763	1	1	1	0.999652	0.892508	1
0.00232688	0.317292	0.751024	0.769821	1	1	1	0.999876	0.916837	1
0.00887904	1.21406	0.224736	0.4426	1	1	0.986798	0.939194	0.478883	1
0.00876015	1.33784	0.180957	0.304304	1	1	0.96641	0.900261	0.439468	1
0.0111444	1.59857	0.109927	0.264771	1	1	0.861886	0.804133	0.467188	1
0.00469718	0.654873	0.512555	0.59975	1	1	0.999995	0.993461	0.70349	1
0.00346692	0.462688	0.643591	0.643591	1	1	1	0.99891	0.760047	1
-0.0113466	-1.518	0.129024	0.453044	1	1	0.904477	0.781188	0.28156	0.968442
-0.00242971	-0.317259	0.751049	0.812812	1	1	1	0.999762	0.918337	1
0.00647738	0.876343	0.38085	0.525149	1	1	0.999711	0.979772	0.609588	1
-0.000216463	-0.0277307	0.977877	0.986147	1	1	1	0.999968	0.977877	1
0.00991707	1.27772	0.201357	0.336115	1	1	0.978122	0.9657	0.698355	1
0.0146249	1.85258	0.0639518	0.0639518	1	0.959277	0.674861	0.628915	0.362394	1
-0.0101646	-1.3471	0.177957	0.177957	1	1	0.964256	0.936461	0.613092	1
-0.0167708	-2.20047	0.0277808	0.181254	0.472274	0.444493	0.380571	0.362871	0.236137	0.812205
0.00443557	0.546536	0.584702	0.585671	1	1	1	0.99799	0.845815	1
0.000809072	0.101979	0.918774	0.918774	1	1	1	0.999998	0.99958	1
0.025615	3.47593	0.000509793	0.0136744	0.00866648	0.00866648	0.00863122	0.00863122	0.00866648	0.0298088
0.0127547	1.74115	0.0816671	0.191386	1	1	0.765036	0.669629	0.277668	0.955055
0.00184795	0.259246	0.795447	0.827102	1	1	1	0.998923	0.867529	1
0.00317048	0.404172	0.686089	0.686089	1	1	1	0.999794	0.999605	1
0.00486756	0.648449	0.516699	0.516699	1	1	0.999996	0.999838	0.971268	1
0.00737064	0.96479	0.334657	0.474079	1	1	0.999019	0.992677	0.621417	1
0.0151357	1.84556	0.0649657	0.0649657	1	0.974486	0.680796	0.634899	0.368139	1
0.0113979	1.38645	0.165619	0.226567	1	1	0.953953	0.920731	0.577541	1
0.00194068	0.241912	0.80885	0.80885	1	1	1	0.999985	0.990985	1
-0.00170678	-0.208899	0.834529	0.834529	1	1	1	0.999973	0.991541	1
-0.00236847	-0.290655	0.771317	0.771317	1	1	1	0.999859	0.874159	1
0.0125703	1.53868	0.123894	0.123894	1	1	0.894448	0.879521	0.629051	1
-0.00465623	-0.566337	0.571169	0.65958	1	1	0.999999	0.993781	0.788758	1
0.0109303	1.35671	0.174884	0.174884	1	1	0.961915	0.932203	0.743257	1
0.00496809	0.606278	0.544335	0.609625	1	1	0.999998	0.995871	0.70248	1
-0.00104806	-0.128021	0.898133	0.901228	1	1	1	0.998943	0.919414	1
-0.000902757	-0.109489	0.912815	0.948588	1	1	1	0.998726	0.969866	1
0.00521713	0.65461	0.512724	0.512724	1	1	0.999995	0.998451	0.968479	1
0.00942544	1.14949	0.250364	0.379717	1	1	0.992545	0.977518	0.659313	1
0.00430521	0.526776	0.598353	0.598353	1	1	1	0.998972	0.63575	1
0.00223821	0.273515	0.784459	0.784459	1	1	1	0.999906	0.879956	1
0.00256601	0.314973	0.752784	0.752784	1	1	1	0.999772	0.95992	1
0.00131948	0.160009	0.872875	0.872875	1	1	1	0.999965	0.889026	1
-0.00359483	-0.450987	0.652002	0.652002	1	1	1	0.999785	0.839812	1
-0.0012224	-0.152145	0.879073	0.879073	1	1	1	0.998816	0.934015	1
-0.0103215	-1.30666	0.191338	0.324129	1	1	0.972958	0.903297	0.464677	1
0.00637937	0.794991	0.426625	0.426625	1	1	0.999922	0.996159	0.89727	1
-0.0133083	-1.6924	0.0905794	0.199702	1	1	0.800932	0.781105	0.594505	1
0.00675705	0.846308	0.397388	0.397388	1	1	0.999818	0.998958	0.953065	1
0.00622657	0.771055	0.44068	0.499499	1	1	0.999949	0.994643	0.832396	1
-0.00582287	-0.715448	0.474338	0.656464	1	1	0.999982	0.98891	0.733067	1
0.00554653	0.695245	0.486907	0.486907	1	1	0.999988	0.999351	0.986698	1
-0.00420876	-0.54713	0.584293	0.584293	1	1	1	0.999108	0.903828	1
0.00505658	0.647417	0.517367	0.517367	1	1	0.999996	0.998556	0.858593	1
0.00410563	0.520405	0.602785	0.602785	1	1	1	0.999263	0.931577	1
-0.0120231	-1.57473	0.11533	0.31871	1	1	0.875468	0.796691	0.392122	1
0.00470222	0.568386	0.569777	0.569777	1	1	0.999999	0.999495	0.900925	1
-0.00390521	-0.5062	0.61272	0.719515	1	1	1	0.995392	0.801249	1
0.00751131	0.955771	0.339195	0.346945	1	1	0.999127	0.993068	0.930432	1
0.00457015	0.58261	0.56016	0.606805	1	1	0.999999	0.996815	0.799185	1
-0.00675747	-0.860431	0.389558	0.446282	1	1	0.999773	0.995614	0.771963	1
0.0120307	1.53417	0.124998	0.194075	1	1	0.896688	0.823755	0.339308	1
-0.000185375	-0.023278	0.981429	0.987052	1	1	1	0.995767	0.981429	1
-0.00846932	-1.09892	0.271813	0.369287	1	1	0.995449	0.969474	0.660118	1
-0.00400186	-0.514686	0.606776	0.606776	1	1	1	0.999775	0.980739	1
-0.0108491	-1.43723	0.150664	0.297219	1	1	0.937719	0.880316	0.512256	1
0.00645279	0.801545	0.422822	0.422822	1	1	0.999912	0.999545	0.989962	1
-0.0152767	-1.98705	0.0469256	0.161845	0.797736	0.773599	0.558272	0.54695	0.281092	0.966829
0.00101707	0.129314	0.89711	0.923627	1	1	1	0.999232	0.95318	1
0.0023036	0.296433	0.766901	0.810217	1	1	1	0.997048	0.882562	1
0.0158575	1.92331	0.0544497	0.199885	0.925645	0.871195	0.613954	0.591724	0.462822	1
-0.0103739	-1.36103	0.173514	0.345936	1	1	0.960826	0.916042	0.505519	1
-0.006036	-0.767896	0.442555	0.442555	1	1	0.999952	0.997103	0.940429	1
-0.0062532	-0.840715	0.400514	0.488399	1	1	0.999833	0.996324	0.779305	1
-0.000979881	-0.125436	0.900179	0.922637	1	1	1	0.998978	0.95644	1
-0.00527643	-0.66031	0.50906	0.50906	1	1	0.999994	0.998343	0.721238	1
0.0112834	1.41509	0.157053	0.385115	1	1	0.945223	0.847314	0.336725	1
0.000535464	0.067219	0.946408	0.946408	1	1	1	0.999434	0.987395	1
-0.00346411	-0.427003	0.66938	0.697446	1	1	1	0.998694	0.935721	1
0.00176071	0.224084	0.822693	0.87232	1	1	1	0.99914	0.940918	1
0.00788436	0.97521	0.329464	0.352043	1	1	0.99888	0.987679	0.800126	1
0.00417357	0.540157	0.589093	0.708415	1	1	1	0.987665	0.707486	1
-0.00135208	-0.166325	0.867902	0.872397	1	1	1	0.998778	0.981509	1
-0.00167951	-0.211499	0.832499	0.887624	1	1	1	0.99522	0.88453	1
-0.00351182	-0.44271	0.657978	0.756619	1	1	1	0.999433	0.875683	1
-0.00637842	-0.808509	0.418804	0.418804	1	1	0.999901	0.997152	0.889958	1
0.00805515	1.02309	0.306272	0.478423	1	1	0.998004	0.984189	0.602541	1
-0.00809888	-1.02711	0.304377	0.577986	1	1	0.997909	0.91938	0.431201	1
-0.0151758	-2.17295	0.0297919	0.0319391	0.506462	0.417087	0.401997	0.3452	0.126616	0.435501
0.00120868	0.154005	0.877607	0.911657	1	1	1	0.999135	0.932457	1
-0.00137759	-0.176193	0.860143	0.898624	1	1	1	0.979391	0.860143	1
0.0089726	1.1425	0.253254	0.318044	1	1	0.993019	0.977548	0.745676	1
0.00100573	0.130086	0.8965	0.8965	1	1	1	1	0.965553	1
-0.00891226	-1.20209	0.229339	0.33635	1	1	0.988069	0.979911	0.710423	1
0.000184114	0.0238978	0.980934	0.980934	1	1	1	0.998798	0.980934	1
-0.0013813	-0.179531	0.857522	0.870442	1	1	1	0.999907	0.973757	1
0.000683907	0.0876226	0.930177	0.934859	1	1	1	0.999774	0.988313	1
-0.00869752	-1.15679	0.247368	0.486499	1	1	0.992022	0.956106	0.494224	1
0.00766007	0.967466	0.333319	0.333319	1	1	0.998985	0.989995	0.807429	1
0.0117761	1.51902	0.128768	0.346674	1	1	0.904	0.833376	0.404093	1
-0.00284795	-0.378588	0.704997	0.752538	1	1	1	0.993863	0.798996	1
-0.00104162	-0.14837	0.882052	0.882052	1	1	1	0.998613	0.882052	1
-0.00487922	-0.694745	0.48722	0.48722	1	1	0.999988	0.999355	0.935529	1
-0.00490604	-0.615453	0.53826	0.53826	1	1	0.999998	0.999726	0.897008	1
0.00369097	0.509237	0.61059	0.653718	1	1	1	0.995534	0.74143	1
-0.00334638	-0.48773	0.625745	0.625745	1	1	1	0.998972	0.876905	1
-0.00203215	-0.20968	0.83392	0.873063	1	1	1	0.999839	0.980384	1
0.00241513	0.248334	0.803879	0.803879	1	1	1	0.99971	0.957515	1
-0.0110735	-1.12724	0.259653	0.462847	1	1	0.993969	0.963374	0.536608	1
-0.00737048	-0.750486	0.45297	0.549231	1	1	0.999965	0.989532	0.641708	1
0.00129042	0.132149	0.894868	0.912114	1	1	1	0.999709	0.894868	1
-0.00319556	-0.324416	0.745626	0.745626	1	1	1	0.999943	0.887325	1
-0.00570845	-0.587789	0.55668	0.55668	1	1	0.999999	0.999651	0.842568	1
-0.0130578	-1.33499	0.181892	0.205918	1	1	0.967056	0.939834	0.663952	1
0.00845619	0.864926	0.387089	0.533011	1	1	0.999757	0.98391	0.623074	1
0.00494554	0.505663	0.613098	0.65871	1	1	1	0.996646	0.807846	1
0.00190251	0.194732	0.845605	0.845605	1	1	1	0.999185	0.861603	1
-0.0172303	-1.75847	0.0786815	0.116819	1	1	0.751706	0.722446	0.358736	1
0.0102253	1.04345	0.296749	0.296749	1	1	0.997483	0.985535	0.840789	1
-0.0162867	-1.6717	0.094597	0.094597	1	1	0.815366	0.774769	0.53605	1
0.0144734	1.47253	0.14089	0.167704	1	1	0.924347	0.897499	0.556374	1
0.0081595	0.840274	0.400764	0.400764	1	1	0.999834	0.996422	0.857015	1
0.00402257	0.416017	0.677402	0.781366	1	1	1	0.999464	0.891392	1
-0.00104436	-0.107215	0.91462	0.91462	1	1	1	0.999382	0.968254	1
0.00398966	0.407803	0.683422	0.683422	1	1	1	0.999944	0.988065	1
-0.00751646	-0.766131	0.443606	0.443606	1	1	0.999953	0.998418	0.961005	1
-0.00400187	-0.406511	0.684371	0.741768	1	1	1	0.999116	0.904211	1
-0.0121556	-1.23973	0.215087	0.445516	1	1	0.983708	0.930332	0.489993	1
0.00404123	0.413122	0.679521	0.679521	1	1	1	0.999474	0.849906	1
0.00377383	0.384024	0.700964	0.700964	1	1	1	0.999936	0.943355	1
-0.00208312	-0.211898	0.832188	0.865196	1	1	1	0.999658	0.8842	1
-0.0091193	-0.938152	0.348176	0.562149	1	1	0.999308	0.967413	0.591899	1
-0.0224433	-2.28749	0.0221761	0.0694581	0.376995	0.332642	0.316984	0.285653	0.125665	0.432231
0.00548678	0.569694	0.568891	0.568891	1	1	0.999999	0.999904	0.968056	1
0.00147996	0.151856	0.879301	0.879301	1	1	1	0.99995	0.924416	1
-0.0186584	-1.91234	0.0558446	0.146728	0.949359	0.893514	0.623523	0.601255	0.248152	0.853533
0.0121429	1.24025	0.214896	0.408818	1	1	0.983641	0.945156	0.527925	1
-0.0116403	-1.18792	0.234875	0.499499	1	1	0.989445	0.910135	0.384664	1
-0.00243156	-0.248647	0.803636	0.828779	1	1	1	0.999103	0.880048	1
0.00927828	0.943973	0.345194	0.345194	1	1	0.999252	0.998033	0.854373	1
0.00397579	0.407723	0.683481	0.683481	1	1	1	0.999899	0.922274	1
-0.0149339	-1.52181	0.128072	0.206181	1	1	0.902686	0.806905	0.362869	1
0.00521281	0.53301	0.594032	0.594032	1	1	1	0.9997	0.9873	1
-0.00735479	-0.76195	0.446098	0.629082	1	1	0.999957	0.983282	0.60351	1
-0.0114115	-1.16256	0.245022	0.461304	1	1	0.991588	0.957979	0.520214	1
-0.00990408	-1.02168	0.306942	0.306942	1	1	0.998036	0.994101	0.974704	1
0.0113728	1.1554	0.247937	0.37812	1	1	0.992124	0.956469	0.602132	1
-0.00341853	-0.347938	0.72789	0.72789	1	1	1	0.999945	0.982399	1
0.00304323	0.308376	0.757799	0.757799	1	1	1	0.999951	0.970683	1
-0.00155283	-0.160562	0.87244	0.87244	1	1	1	0.999994	0.978876	1
0.00941327	0.972052	0.331035	0.362434	1	1	0.998924	0.987993	0.803942	1
0.0146942	1.50198	0.133115	0.135132	1	1	0.911825	0.895774	0.607306	1
0.0076114	0.777254	0.437017	0.437017	1	1	0.999943	0.998199	0.986481	1
-0.0135892	-1.38345	0.166539	0.174547	1	1	0.95481	0.934946	0.8576	1
-0.00178836	-0.182871	0.854901	0.854901	1	1	1	0.999998	0.992242	1
-0.00704865	-0.714924	0.474663	0.499499	1	1	0.999982	0.996953	0.870591	1
-0.0206006	-2.09809	0.0359083	0.10295	0.610441	0.610441	0.462954	0.462954	0.603947	1
0.0128902	1.30453	0.192067	0.423576	1	1	0.973369	0.922642	0.511862	1
-0.0006296	-0.0650796	0.948111	0.956466	1	1	1	0.998855	0.948422	1
-0.000199597	-0.0204379	0.983694	0.983694	1	1	1	0.999967	0.983694	1
0.000837405	0.0858019	0.931625	0.951136	1	1	1	0.997409	0.931625	1
0.0074698	0.772894	0.439593	0.514489	1	1	0.999947	0.992949	0.747308	1
0.0158813	1.62934	0.103255	0.182524	1	1	0.84319	0.825134	0.655021	1
-0.00466482	-0.486796	0.626407	0.626407	1	1	1	0.999766	0.839256	1
-0.000495197	-0.0504434	0.95977	0.971147	1	1	1	0.999984	0.95977	1
-0.00337629	-0.343669	0.731098	0.731098	1	1	1	0.999147	0.887762	1
-0.00971946	-0.993611	0.320423	0.396269	1	1	0.998594	0.990298	0.739835	1
-0.00292938	-0.299944	0.764223	0.764223	1	1	1	0.999506	0.927985	1
0.00103643	0.106948	0.914831	0.925625	1	1	1	0.999776	0.989283	1
-0.00153137	-0.155619	0.876335	0.876335	1	1	1	0.999139	0.909519	1
-0.010147	-1.03872	0.298947	0.411834	1	1	0.997614	0.990052	0.741826	1
0.00250283	0.257026	0.797161	0.797161	1	1	1	0.999982	0.912174	1
0.023288	2.37869	0.0173826	0.153982	0.295505	0.295505	0.257775	0.257775	0.282086	0.970248
-0.0145075	-1.48982	0.136286	0.136286	1	1	0.91715	0.902347	0.772286	1
-0.025586	-2.61476	0.00893483	0.0968173	0.151892	0.151892	0.141505	0.141505	0.0554271	0.190645
-0.0153105	-1.56998	0.116433	0.116433	1	1	0.878081	0.862015	0.581667	1
0.0206695	2.13939	0.0324145	0.0324145	0.551047	0.551047	0.428891	0.428891	0.340897	1
0.0064987	0.66145	0.508331	0.508331	1	1	0.999994	0.9998	0.994284	1
0.000394406	0.0402589	0.967887	0.967887	1	1	1	0.99978	0.967887	1
-0.0101805	-1.04363	0.296666	0.304574	1	1	0.997478	0.970378	0.630415	1
0.0192637	1.97227	0.0485907	0.077371	0.826042	0.826042	0.571209	0.571209	0.449362	1
0.00170069	0.174063	0.861817	0.893128	1	1	1	0.99995	0.976803	1
-0.00671967	-0.682476	0.494945	0.563203	1	1	0.999991	0.995766	0.742796	1
-0.00145168	-0.149588	0.881091	0.881091	1	1	1	0.999976	0.960996	1
-0.00749543	-0.781633	0.434439	0.434439	1	1	0.999938	0.998929	0.963588	1
0.0151446	1.53144	0.125674	0.1884	1	1	0.898036	0.866617	0.55527	1
0.00645215	0.663723	0.506874	0.506874	1	1	0.999994	0.999581	0.923557	1
0.00376321	0.382068	0.702415	0.702415	1	1	1	0.999329	0.829338	1
-0.0163186	-1.6709	0.0947554	0.19411	1	1	0.815914	0.775359	0.536947	1
-0.00763125	-0.778258	0.436425	0.494775	1	1	0.999942	0.996768	0.794678	1
0.00551056	0.565137	0.571986	0.571986	1	1	0.999999	0.999243	0.883978	1
0.00306268	0.309936	0.756613	0.80524	1	1	1	0.999781	0.892011	1
-0.00366014	-0.372313	0.709663	0.709663	1	1	1	0.999985	0.933063	1
-0.00358678	-0.366891	0.713704	0.713704	1	1	1	0.999795	0.914692	1
0.00330727	0.340591	0.733415	0.793187	1	1	1	0.996677	0.831203	1
0.000646613	0.0662952	0.947143	0.947143	1	1	1	0.999987	0.947143	1
0.00519987	0.534252	0.593173	0.646738	1	1	1	0.995351	0.775687	1
0.00328836	0.347149	0.728482	0.779061	1	1	1	0.99774	0.857838	1
-0.0197542	-2.05143	0.0402363	0.0402363	0.684017	0.684017	0.502499	0.502499	0.363279	1
-0.00348156	-0.364551	0.71545	0.749778	1	1	1	0.998194	0.810844	1
-0.000412255	-0.0422098	0.966332	0.975271	1	1	1	0.999951	0.990092	1
-0.00276812	-0.284016	0.776401	0.776401	1	1	1	0.999757	0.879921	1
0.00516218	0.528766	0.596973	0.596973	1	1	1	0.999719	0.987954	1
-0.0133218	-1.36675	0.171718	0.223348	1	1	0.959353	0.928469	0.620702	1
0.0032293	0.328488	0.742546	0.844693	1	1	1	0.998902	0.841002	1
0.00862544	0.904846	0.365556	0.480373	1	1	0.999563	0.989434	0.730225	1
-0.00226263	-0.233462	0.815405	0.815405	1	1	1	0.999972	0.924126	1
0.00497652	0.510806	0.609492	0.609492	1	1	1	0.999918	0.887052	1
-0.00243934	-0.254302	0.799265	0.799265	1	1	1	0.999935	0.95662	1
-0.00381937	-0.391693	0.695289	0.75864	1	1	1	0.998743	0.852219	1
0.00981892	1.02048	0.307512	0.392439	1	1	0.998064	0.986752	0.716189	1
0.00224569	0.229629	0.818382	0.872853	1	1	1	0.999802	0.965925	1
0.000454921	0.0466658	0.96278	0.96278	1	1	1	0.999974	0.985336	1
0.00398595	0.406612	0.684297	0.763776	1	1	1	0.996864	0.89485	1
0.00343544	0.350782	0.725755	0.725755	1	1	1	0.999962	0.91621	1
-0.0103869	-1.05642	0.290789	0.290789	1	1	0.997095	0.988516	0.935831	1
0.00316161	0.32107	0.74816	0.74816	1	1	1	0.999901	0.928807	1
-0.0089645	-0.910475	0.362581	0.362581	1	1	0.999527	0.992942	0.847063	1
-0.00244413	-0.248342	0.803872	0.803872	1	1	1	0.999918	0.92939	1
0.00337003	0.345911	0.729413	0.729413	1	1	1	0.999992	0.926693	1
0.0114126	1.1696	0.242173	0.242173	1	1	0.991032	0.952656	0.588135	1
-0.00112641	-0.114773	0.908626	0.908626	1	1	1	0.999994	0.989097	1
-0.00386136	-0.396926	0.691426	0.705126	1	1	1	0.999137	0.812085	1
0.00281641	0.287824	0.773484	0.773484	1	1	1	0.999969	0.938565	1
-0.000681948	-0.0698315	0.944328	0.957284	1	1	1	0.999862	0.944328	1
-0.00317292	-0.324121	0.74585	0.74585	1	1	1	0.999881	0.979276	1
0.0155552	1.62516	0.104142	0.104142	1	1	0.845807	0.78554	0.442605	1
-0.00258125	-0.27121	0.786232	0.786232	1	1	1	0.999892	0.988046	1
-0.00145816	-0.151675	0.879445	0.885367	1	1	1	0.99945	0.93441	1
-0.00734333	-0.749739	0.45342	0.45342	1	1	0.999965	0.997629	0.91252	1
-0.0168193	-1.72629	0.0843086	0.0843086	1	1	0.776264	0.755665	0.474534	1
-0.00450247	-0.459253	0.646057	0.646057	1	1	1	0.999969	0.928968	1
0.00376598	0.38419	0.700841	0.717444	1	1	1	0.999786	0.942191	1
-0.00116267	-0.120465	0.904116	0.904116	1	1	1	0.99959	0.904116	1
-0.00323355	-0.338245	0.735181	0.735181	1	1	1	0.999616	0.81779	1
0.00939234	0.96031	0.336909	0.491878	1	1	0.999074	0.989103	0.65251	1
0.00643393	0.654734	0.512646	0.512646	1	1	0.999995	0.999059	0.831289	1
0.00495565	0.503608	0.614542	0.614542	1	1	1	0.998928	0.863588	1
-0.0101366	-1.04104	0.297869	0.338892	1	1	0.99755	0.985644	0.843961	1
0.0121974	1.26857	0.204606	0.352485	1	1	0.979588	0.949	0.612018	1
-0.00170112	-0.175744	0.860497	0.884036	1	1	1	0.994817	0.914278	1
-0.000581805	-0.0592046	0.95279	0.974083	1	1	1	0.999492	0.95279	1
0.00829803	0.879924	0.37891	0.432659	1	1	0.999695	0.995195	0.714896	1
-0.00544633	-0.558625	0.576423	0.576423	1	1	1	0.999814	0.88044	1
-0.00834583	-0.878441	0.379713	0.379713	1	1	0.999702	0.991568	0.806891	1
-0.00233483	-0.238595	0.811422	0.811422	1	1	1	0.999988	0.919611	1
0.00681382	0.697144	0.48572	0.637537	1	1	0.999988	0.995107	0.825724	1
-0.00330183	-0.338338	0.735111	0.735111	1	1	1	0.999652	0.870497	1
0.000277652	0.0282946	0.977427	0.977427	1	1	1	0.999907	0.977427	1
0.00675086	0.685188	0.493232	0.493232	1	1	0.99999	0.99901	0.859998	1
0.00524391	0.554036	0.579559	0.579559	1	1	1	0.999899	0.913258	1
-0.00764555	-0.786233	0.431739	0.431739	1	1	0.999933	0.998222	0.905876	1
-0.00557043	-0.567747	0.570212	0.570212	1	1	0.999999	0.999809	0.932972	1
-0.00345612	-0.356972	0.721116	0.721116	1	1	1	0.999997	0.98949	1
-0.0177916	-1.83346	0.0667468	0.0667468	1	1	0.690977	0.690977	0.467613	1
0.00142648	0.150014	0.880755	0.880755	1	1	1	0.999692	0.935802	1
0.0100175	1.03305	0.301593	0.301593	1	1	0.997762	0.996796	0.857387	1
-0.00880498	-0.894261	0.371192	0.558625	1	1	0.999624	0.975557	0.625785	1
-0.00730376	-0.748996	0.453868	0.470187	1	1	0.999966	0.99764	0.793169	1
0.00436777	0.44599	0.655609	0.655609	1	1	1	0.999932	0.970784	1
-0.0102818	-1.0498	0.293822	0.499499	1	1	0.997299	0.96352	0.532811	1
-0.0110594	-1.13574	0.256077	0.256077	1	1	0.993454	0.97127	0.7034	1
-0.00327945	-0.336294	0.736652	0.78101	1	1	1	0.999912	0.942085	1
0.00787769	0.802985	0.421992	0.421992	1	1	0.99991	0.999196	0.918632	1
-0.0122958	-1.25027	0.211215	0.211215	1	1	0.982287	0.963907	0.732628	1
0.00565281	0.579433	0.562303	0.562303	1	1	0.999999	0.99965	0.87837	1
0.00749016	0.760752	0.446813	0.480006	1	1	0.999957	0.998573	0.882153	1
0.010725	1.09106	0.275256	0.475938	1	1	0.995801	0.96002	0.478576	1
-0.00602238	-0.620316	0.535056	0.535056	1	1	0.999998	0.999751	0.849028	1
-0.0108062	-1.10996	0.267027	0.267027	1	1	0.994913	0.993059	0.976582	1
-0.0148695	-1.53707	0.12429	0.18078	1	1	0.895257	0.88039	0.719841	1
0.0119545	1.21384	0.22482	0.22482	1	1	0.986822	0.97807	0.936393	1
0.00282477	0.28641	0.774567	0.774567	1	1	1	0.999944	0.888929	1
0.0119434	1.21552	0.224179	0.339243	1	1	0.986636	0.952451	0.635173	1
0.00215261	0.21904	0.826621	0.826621	1	1	1	0.999929	0.940652	1
-0.00617958	-0.632874	0.526822	0.526822	1	1	0.999997	0.999437	0.993964	1
-0.00271865	-0.276084	0.782486	0.782486	1	1	1	0.999787	0.80632	1
0.00272333	0.292092	0.770219	0.822867	1	1	1	0.991263	0.818358	1
0.00386038	0.398131	0.690537	0.690537	1	1	1	0.999628	0.842154	1
-0.00120205	-0.12426	0.90111	0.932333	1	1	1	0.997782	0.95743	1
-0.00252542	-0.259984	0.794879	0.805254	1	1	1	0.999829	0.943505	1
-0.00962093	-0.982072	0.326075	0.525293	1	1	0.99878	0.979958	0.503934	1
0.00493668	0.504858	0.613663	0.771014	1	1	1	0.996675	0.815423	1
-0.00158229	-0.16312	0.870425	0.887268	1	1	1	0.997239	0.887111	1
-0.00154485	-0.157864	0.874566	0.874566	1	1	1	0.999996	0.989451	1
0.0017377	0.182963	0.854829	0.918785	1	1	1	0.999589	0.871403	1
-0.00163929	-0.167076	0.867312	0.885289	1	1	1	0.99969	0.990544	1
0.00699701	0.710275	0.477541	0.477541	1	1	0.999984	0.999586	0.892726	1
0.00228773	0.23266	0.816027	0.816027	1	1	1	0.999836	0.9711	1
-0.00353361	-0.366729	0.713824	0.713824	1	1	1	0.999854	0.998099	1
-0.00420513	-0.429865	0.667298	0.667298	1	1	1	0.999463	0.82375	1
0.000230439	0.0240167	0.98084	0.987336	1	1	1	0.990276	0.98084	1
-0.0147709	-1.518	0.129027	0.138681	1	1	0.904483	0.874087	0.635679	1
0.00838289	0.849982	0.395344	0.395344	1	1	0.999807	0.99605	0.907729	1
0.00309698	0.318912	0.749796	0.749796	1	1	1	0.998901	0.849769	1
0.00676965	0.696083	0.486384	0.499499	1	1	0.999988	0.998939	0.81596	1
0.0117148	1.18837	0.2347	0.338938	1	1	0.989404	0.981908	0.758162	1
-0.00417975	-0.425374	0.670568	0.713786	1	1	1	0.997161	0.814261	1
-0.00826756	-0.841368	0.400151	0.400151	1	1	0.999831	0.996788	0.918439	1
-0.00276742	-0.282046	0.777911	0.777911	1	1	1	0.999999	0.99072	1
0.00618343	0.631283	0.527862	0.527862	1	1	0.999997	0.998593	0.897365	1
0.00931794	0.956234	0.338964	0.407224	1	1	0.999121	0.984069	0.720299	1
0.0149387	1.52509	0.12725	0.12725	1	1	0.901115	0.901115	0.813612	1
-0.00354167	-0.358721	0.719807	0.719807	1	1	1	0.999912	0.982171	1
-0.000663673	-0.0678459	0.945909	0.945909	1	1	1	0.999901	0.991335	1
0.00838	0.857463	0.391198	0.454139	1	1	0.999783	0.995742	0.770948	1
0.00964192	0.984347	0.324955	0.388539	1	1	0.998745	0.99592	0.786714	1
0.00141021	0.144979	0.884729	0.884729	1	1	1	0.999964	0.937033	1
0.000103376	0.0105515	0.991581	0.991581	1	1	1	0.999658	0.991581	1
0.00791427	0.809826	0.418049	0.418049	1	1	0.999899	0.998853	0.898143	1
0.0014374	0.146912	0.883203	0.883203	1	1	1	0.99984	0.938403	1
-0.001196	-0.122462	0.902535	0.928517	1	1	1	0.999513	0.977937	1
-0.00155803	-0.160696	0.872335	0.872595	1	1	1	0.999966	0.999092	1
-0.00125055	-0.12782	0.898292	0.906414	1	1	1	0.998576	0.898292	1
0.0213119	2.16214	0.0306176	0.170991	0.520499	0.489882	0.41059	0.391974	0.26025	0.895142
0.0123777	1.25707	0.208742	0.299124	1	1	0.981319	0.970162	0.725528	1
-0.00522379	-0.620047	0.535232	0.535232	1	1	0.999998	0.999953	0.971574	1
-0.000272257	-0.0324698	0.974098	0.979585	1	1	1	0.999639	0.974098	1
-0.0135744	-1.61098	0.107194	0.357536	1	1	0.854497	0.770996	0.364459	1
-0.0154112	-1.82793	0.0675691	0.107584	1	1	0.695573	0.695573	0.455674	1
-0.00861557	-1.02034	0.307577	0.389502	1	1	0.998067	0.981726	0.6536	1
-0.0061112	-0.719828	0.471637	0.471637	1	1	0.999981	0.998304	0.983247	1
-0.0160727	-1.89539	0.0580501	0.297563	0.986852	0.870752	0.638197	0.592228	0.328951	1
-0.0129989	-1.53362	0.125134	0.140057	1	1	0.896959	0.882221	0.785825	1
0.00932357	1.10093	0.270935	0.458866	1	1	0.995355	0.957571	0.506645	1
0.00318053	0.379029	0.704669	0.704669	1	1	1	0.999339	0.860758	1
-0.00571018	-0.67718	0.498297	0.683517	1	1	0.999992	0.984053	0.70592	1
0.00349474	0.414675	0.678383	0.744835	1	1	1	0.994896	0.823751	1
0.00763808	0.900681	0.367765	0.499499	1	1	0.999588	0.991507	0.694667	1
-0.00355321	-0.425831	0.670234	0.715999	1	1	1	0.996949	0.829645	1
0.00424509	0.50106	0.616332	0.616332	1	1	1	0.998776	0.758263	1
0.00930434	1.10678	0.268397	0.313446	1	1	0.995072	0.993264	0.812535	1
-0.00035692	-0.0423672	0.966206	0.976644	1	1	1	0.999568	0.973761	1
-0.00187979	-0.221412	0.824773	0.827131	1	1	1	0.999122	0.914944	1
-0.00693999	-0.820815	0.411758	0.411758	1	1	0.999879	0.998283	0.926627	1
-0.00989601	-1.16368	0.244561	0.310818	1	1	0.991501	0.987088	0.71878	1
-0.00543793	-0.641358	0.521295	0.593798	1	1	0.999996	0.99444	0.805638	1
-0.0093463	-1.10059	0.271084	0.396114	1	1	0.995371	0.980563	0.668941	1
0.00709649	0.842566	0.399478	0.499499	1	1	0.999828	0.993825	0.681034	1
0.000960215	0.114792	0.90861	0.90861	1	1	1	0.999801	0.90861	1
0.00652696	0.779345	0.435783	0.577745	1	1	0.99994	0.980812	0.59387	1
-0.00163753	-0.19401	0.846169	0.883566	1	1	1	0.999219	0.846169	1
-0.0239509	-2.83817	0.0045403	0.0917443	0.0771852	0.0771852	0.0744443	0.0744443	0.0771852	0.265482
-0.00545627	-0.652786	0.513899	0.589236	1	1	0.999995	0.993777	0.763984	1
-0.000138691	-0.0165177	0.986822	0.986822	1	1	1	0.999995	0.986822	1
-0.0181199	-2.19002	0.0285299	0.0285299	0.485009	0.485009	0.388635	0.388635	0.485009	1
-0.000182327	-0.0215235	0.982828	0.982828	1	1	1	0.999985	0.982828	1
-0.0168594	-2.01508	0.0439047	0.0730162	0.746379	0.614665	0.533856	0.466645	0.186595	0.641803
-0.0120192	-1.44464	0.148569	0.294805	1	1	0.935056	0.893687	0.441438	1
-0.00690451	-0.823437	0.410266	0.493187	1	1	0.999874	0.994912	0.787875	1
0.00438517	0.519621	0.603332	0.603332	1	1	1	0.999757	0.978631	1
-0.00641336	-0.757555	0.448723	0.448723	1	1	0.99996	0.999212	0.910429	1
8.90095e-05	0.0105569	0.991577	0.991577	1	1	1	1	0.991577	1
-0.0149888	-1.79045	0.0733916	0.0755782	1	1	0.726325	0.681255	0.415886	1
-0.00862559	-1.01923	0.3081	0.470437	1	1	0.998091	0.974856	0.586064	1
-0.00932741	-1.1101	0.266963	0.499499	1	1	0.994905	0.947244	0.504263	1
0.0038299	0.450519	0.652339	0.678412	1	1	1	0.999379	0.829876	1
-0.00753414	-0.887711	0.374703	0.511453	1	1	0.999658	0.982707	0.580175	1
0.00209335	0.247225	0.804736	0.81583	1	1	1	0.998546	0.977179	1
-0.00127323	-0.151418	0.879647	0.879647	1	1	1	0.999973	0.987034	1
0.00079668	0.0945384	0.924682	0.930876	1	1	1	0.999804	0.982475	1
0.008746	1.03333	0.301456	0.301456	1	1	0.997755	0.994379	0.935291	1
-0.00138757	-0.163488	0.870136	0.870136	1	1	1	0.999999	0.980506	1
-0.0209277	-2.46258	0.0137995	0.0712928	0.234592	0.220792	0.210397	0.199349	0.117296	0.403446
-0.00304344	-0.35927	0.719395	0.720904	1	1	1	0.999512	0.937638	1
-0.0105086	-1.23928	0.215252	0.215252	1	1	0.983766	0.979314	0.865644	1
-0.0230073	-2.70909	0.00675046	0.0475959	0.114758	0.114758	0.108765	0.108765	0.0795311	0.273552
0.00850924	1.00398	0.315396	0.510363	1	1	0.998406	0.969135	0.48135	1
-0.0100561	-1.1994	0.230381	0.273346	1	1	0.98834	0.966766	0.709591	1
-0.00758928	-0.897002	0.369725	0.502654	1	1	0.999609	0.98909	0.628031	1
-0.00101548	-0.120331	0.904222	0.934903	1	1	1	0.996616	0.931096	1
0.00403159	0.478531	0.632276	0.632276	1	1	1	0.999955	0.876963	1
0.00698632	0.830856	0.406062	0.406062	1	1	0.999858	0.998093	0.987432	1
-0.00373848	-0.460461	0.645189	0.645189	1	1	1	0.999911	0.998932	1
-0.00543889	-0.648436	0.516708	0.634063	1	1	0.999996	0.994315	0.798548	1
0.00271206	0.321102	0.748135	0.818305	1	1	1	0.997297	0.90845	1
0.00259629	0.308615	0.757617	0.852542	1	1	1	0.989965	0.830895	1
-0.00687524	-0.817703	0.413533	0.480257	1	1	0.999885	0.995187	0.74856	1
-0.00495893	-0.592059	0.553816	0.553816	1	1	0.999999	0.99989	0.998007	1
0.00580913	0.691752	0.489098	0.489098	1	1	0.999989	0.999684	0.764138	1
-0.0104944	-1.2461	0.212736	0.322827	1	1	0.982859	0.972343	0.629852	1
-0.00284009	-0.340383	0.733571	0.733571	1	1	1	0.999948	0.798907	1
0.0142669	1.69427	0.0902247	0.220319	1	1	0.799608	0.779735	0.416781	1
-0.00379595	-0.450076	0.652659	0.652659	1	1	1	0.999407	0.942696	1
-0.0108804	-1.2905	0.196888	0.318784	1	1	0.975945	0.953563	0.651911	1
0.00331319	0.392317	0.694826	0.694826	1	1	1	0.999993	0.956156	1
0.0163879	1.98067	0.0476375	0.0476375	0.809838	0.809838	0.563847	0.563847	0.661699	1
-0.000265351	-0.0312179	0.975096	0.975096	1	1	1	0.999921	0.975096	1
-0.00547035	-0.650527	0.515356	0.541728	1	1	0.999996	0.998284	0.780899	1
-0.0108241	-1.28823	0.197675	0.197675	1	1	0.976343	0.942911	0.605468	1
0.0107611	1.28555	0.198611	0.198611	1	1	0.976808	0.963888	0.794214	1
0.00296932	0.352721	0.7243	0.818305	1	1	1	0.979044	0.820873	1
-0.0010989	-0.12972	0.896789	0.896789	1	1	1	0.999377	0.912865	1
0.0155829	1.85591	0.0634765	0.0634765	1	1	0.672043	0.649814	0.421639	1
-0.00700475	-0.869535	0.384561	0.458964	1	1	0.999739	0.992204	0.784285	1
0.010339	1.22056	0.222263	0.231907	1	1	0.986064	0.978823	0.717546	1
0.0045548	0.539419	0.589602	0.589602	1	1	1	0.999217	0.895491	1
-0.009555	-1.12573	0.260289	0.280211	1	1	0.994056	0.973597	0.737485	1
0.00226006	0.266933	0.789523	0.789523	1	1	1	0.999946	0.989338	1
0.00663513	0.785516	0.432157	0.499499	1	1	0.999934	0.997134	0.816297	1
0.0105726	1.24605	0.212755	0.421198	1	1	0.982866	0.928021	0.478177	1
0.00261502	0.308567	0.757653	0.757653	1	1	1	0.999949	0.960117	1
-0.00287784	-0.340334	0.733608	0.733608	1	1	1	0.999337	0.900789	1
-0.00668244	-0.796794	0.425577	0.499499	1	1	0.999919	0.994926	0.803868	1
0.00143199	0.17075	0.864421	0.915055	1	1	1	0.99481	0.918448	1
-0.00500656	-0.595366	0.551603	0.616536	1	1	0.999999	0.996355	0.801072	1
0.000318568	0.0377214	0.96991	0.96991	1	1	1	0.999811	0.96991	1
-0.00543147	-0.661594	0.508236	0.508236	1	1	0.999994	0.999593	0.833469	1
-0.0191003	-2.2861	0.0222551	0.0259741	0.378337	0.378337	0.317921	0.317921	0.378337	1
0.00239483	0.284385	0.776117	0.776117	1	1	1	0.999972	0.924837	1
-0.000361023	-0.0429527	0.96574	0.972833	1	1	1	0.999995	0.96574	1
-0.0124104	-1.47593	0.139974	0.302118	1	1	0.922963	0.881759	0.588973	1
-0.00824117	-0.986145	0.32407	0.393243	1	1	0.998717	0.990905	0.79213	1
-0.0115837	-1.36649	0.171794	0.286187	1	1	0.959416	0.92856	0.633013	1
0.00399566	0.470166	0.63824	0.63824	1	1	1	0.999876	0.912842	1
0.00988056	1.19781	0.231002	0.496212	1	1	0.988499	0.927681	0.443086	1
0.0025768	0.308507	0.757699	0.757699	1	1	1	0.999988	0.93373	1
0.0148118	1.76592	0.0774194	0.0774194	1	1	0.74586	0.724533	0.658065	1
0.000833997	0.100761	0.919741	0.933734	1	1	1	0.999483	0.984812	1
-0.00458191	-0.542686	0.58735	0.58735	1	1	1	0.999159	0.978285	1
-0.00212716	-0.254876	0.798821	0.798821	1	1	1	0.999986	0.890325	1
0.000131241	0.0156694	0.987498	0.987498	1	1	1	0.999462	0.987498	1
-0.00314109	-0.372693	0.709379	0.716486	1	1	1	0.999809	0.92765	1
0.00724462	0.861089	0.389196	0.389196	1	1	0.999771	0.997303	0.956759	1
-0.00205655	-0.246016	0.805671	0.805671	1	1	1	1	0.987148	1
-0.0102137	-1.21231	0.225404	0.433642	1	1	0.98699	0.963861	0.510599	1
-0.00256952	-0.303736	0.761331	0.761331	1	1	1	0.999761	0.949073	1
-0.00900973	-1.07032	0.284486	0.31783	1	1	0.996623	0.989988	0.861481	1
-0.00760371	-0.899657	0.36831	0.472337	1	1	0.999594	0.992581	0.751659	1
0.00610882	0.723356	0.469467	0.469467	1	1	0.999979	0.999063	0.962558	1
0.00691105	0.820942	0.411686	0.456893	1	1	0.999879	0.997078	0.705733	1
-0.00101904	-0.12017	0.904349	0.904349	1	1	1	0.999999	0.99542	1
0.00162966	0.194705	0.845625	0.845625	1	1	1	0.99998	0.91722	1
0.00535178	0.632908	0.526798	0.598852	1	1	0.999997	0.997486	0.76164	1
-0.00571498	-0.691542	0.48923	0.499499	1	1	0.999989	0.997634	0.924102	1
-0.0132529	-1.58244	0.11356	0.131337	1	1	0.871163	0.854658	0.904449	1
0.0187754	2.23621	0.0253449	0.0500126	0.430863	0.430863	0.353652	0.353652	0.430863	1
-0.0091114	-1.09877	0.271875	0.271875	1	1	0.995455	0.988227	0.957615	1
-0.00417542	-0.493378	0.621749	0.621749	1	1	1	0.999775	0.969049	1
-0.00653914	-0.77063	0.440932	0.440932	1	1	0.999949	0.997017	0.820508	1
-0.0182662	-2.15824	0.0309169	0.0610105	0.525587	0.525587	0.413676	0.413676	0.525587	1
-0.0104952	-1.23765	0.215854	0.24636	1	1	0.983977	0.966768	0.809434	1
-0.00130771	-0.15452	0.877201	0.888172	1	1	1	0.997351	0.911053	1
-0.00455303	-0.542348	0.587583	0.587583	1	1	1	0.99924	0.894246	1
-0.00861517	-1.03432	0.300995	0.344118	1	1	0.997729	0.990489	0.755437	1
0.00920363	1.09223	0.274743	0.274743	1	1	0.99575	0.98464	0.816168	1
0.00339714	0.402625	0.687227	0.687227	1	1	1	0.999707	0.979163	1
0.00319808	0.379077	0.704633	0.707959	1	1	1	0.999336	0.892415	1
-0.00673613	-0.806431	0.420001	0.564389	1	1	0.999905	0.987194	0.696753	1
0.00666069	0.795979	0.42605	0.553239	1	1	0.99992	0.989038	0.658442	1
0.00122336	0.145922	0.883984	0.883984	1	1	1	0.999503	0.883984	1
-0.00394602	-0.466153	0.641109	0.756932	1	1	1	0.994046	0.781799	1
0.0109035	1.31714	0.187802	0.279942	1	1	0.970876	0.951632	0.552445	1
-0.0016448	-0.193053	0.846919	0.865976	1	1	1	0.99922	0.959841	1
0.00251931	0.30101	0.763409	0.763409	1	1	1	0.999996	0.962115	1
-0.00926378	-1.10322	0.269939	0.269939	1	1	0.995245	0.99108	0.920673	1
0.0106249	1.26227	0.206862	0.420402	1	1	0.980549	0.961016	0.540428	1
-0.0119073	-1.40818	0.159087	0.159087	1	1	0.947426	0.874971	0.450747	1
-0.00615518	-0.723255	0.469529	0.469529	1	1	0.999979	0.999064	0.93067	1
-6.43081e-05	-0.00757776	0.993954	0.993954	1	1	1	0.999994	0.993954	1
0.00207444	0.255601	0.79826	0.79826	1	1	1	0.999846	0.913711	1
-0.0046684	-0.558843	0.576273	0.576273	1	1	1	0.999967	0.9825	1
-0.00116524	-0.13771	0.890471	0.890471	1	1	1	0.999655	0.901177	1
0.00277711	0.33254	0.739484	0.743688	1	1	1	0.999965	0.925938	1
-0.0149762	-1.7821	0.0747426	0.168715	1	1	0.733029	0.688155	0.422627	1
-0.0199427	-2.43405	0.0149367	0.0149367	0.253923	0.253923	0.225733	0.225733	0.253923	0.873382
-0.00061255	-0.0736903	0.941257	0.941257	1	1	1	0.999995	0.941257	1
-0.00823087	-0.96834	0.332882	0.332882	1	1	0.998973	0.994673	0.787819	1
-0.00988032	-1.17578	0.239691	0.239691	1	1	0.990519	0.983288	0.942637	1
-0.0047802	-0.564416	0.572475	0.572475	1	1	0.999999	0.998762	0.83359	1
0.0010172	0.120733	0.903903	0.903903	1	1	1	0.99991	0.963231	1
-0.000713615	-0.0852441	0.932068	0.937978	1	1	1	0.999546	0.932068	1
0.00025264	0.0304225	0.97573	0.97573	1	1	1	0.999918	0.97573	1
0.00664799	0.784164	0.43295	0.43295	1	1	0.999935	0.999373	0.832146	1
-0.00775568	-0.916627	0.359345	0.39919	1	1	0.999484	0.9956	0.843465	1
-0.00582671	-0.689764	0.490348	0.490348	1	1	0.999989	0.999397	0.981687	1
0.0109352	1.31262	0.18932	0.18932	1	1	0.971788	0.957072	0.912017	1
0.00297271	0.35524	0.722412	0.722412	1	1	1	0.999919	0.9456	1
0.0114755	1.36189	0.173243	0.342964	1	1	0.960607	0.942368	0.553075	1
-0.00442424	-0.522072	0.601624	0.601624	1	1	1	0.999984	0.954595	1
-0.0124102	-1.48175	0.138417	0.138417	1	1	0.920557	0.907795	0.973462	1
0.0122623	1.44316	0.148984	0.148984	1	1	0.935592	0.935592	0.829672	1
-0.00197197	-0.232568	0.816098	0.816098	1	1	1	0.99987	0.87749	1
0.00165211	0.19563	0.844901	0.844901	1	1	1	0.99998	0.953744	1
-0.00239656	-0.286286	0.774661	0.774661	1	1	1	0.999934	0.958948	1
-0.0110155	-1.30106	0.193249	0.272043	1	1	0.974024	0.938678	0.657047	1
-0.0110302	-1.30241	0.192786	0.192786	1	1	0.973769	0.95013	0.705317	1
0.00746651	0.908879	0.363421	0.580655	1	1	0.999537	0.973034	0.615337	1
0.00252839	0.299743	0.764375	0.840546	1	1	1	0.994299	0.797225	1
-0.0101657	-1.19589	0.23175	0.23175	1	1	0.988688	0.980834	0.908162	1
-0.0106536	-1.27036	0.203965	0.203965	1	1	0.979306	0.958974	0.62055	1
-0.00727879	-0.861833	0.388786	0.388786	1	1	0.999768	0.995552	0.944195	1
-0.00440449	-0.520147	0.602965	0.609384	1	1	1	0.999289	0.931854	1
0.010928	1.30098	0.193276	0.193276	1	1	0.974039	0.960109	0.897977	1
-0.00304866	-0.358527	0.719951	0.742118	1	1	1	0.999518	0.955217	1
-0.010861	-1.30942	0.190401	0.259445	1	1	0.97242	0.902058	0.462403	1
-0.00690855	-0.814937	0.415115	0.499499	1	1	0.99989	0.99199	0.779664	1
0.0141475	1.67086	0.0947601	0.0947601	1	1	0.81593	0.725936	0.286333	0.984858
0.00733777	0.869009	0.384849	0.398142	1	1	0.999741	0.996363	0.76744	1
-0.00932422	-1.1059	0.268777	0.268777	1	1	0.995115	0.99332	0.870636	1
-0.00505237	-0.599532	0.548823	0.571439	1	1	0.999999	0.997142	0.717691	1
-0.000636534	-0.0764042	0.939098	0.939098	1	1	1	0.999841	0.973377	1
-0.014091	-1.68238	0.092506	0.17416	1	1	0.807981	0.788407	0.646335	1
0.0107045	1.26172	0.20706	0.20706	1	1	0.980632	0.961152	0.745336	1
-0.00310321	-0.366689	0.713854	0.751126	1	1	1	0.998456	0.883619	1
0.00374603	0.447291	0.654668	0.710524	1	1	1	0.998729	0.87232	1
0.00987199	1.16515	0.243965	0.309688	1	1	0.991386	0.965126	0.614052	1
0.00935015	1.1011	0.270864	0.40771	1	1	0.995347	0.969033	0.616164	1
-0.00790077	-0.931584	0.351559	0.351559	1	1	0.999366	0.994474	0.953279	1
0.0024476	0.288338	0.77309	0.77309	1	1	1	0.999398	0.985521	1
0.00319104	0.380373	0.703671	0.703671	1	1	1	0.999323	0.974921	1
0.0036838	0.438657	0.660913	0.660913	1	1	1	0.999993	0.970551	1
0.0134681	1.59373	0.111008	0.154909	1	1	0.86471	0.847816	0.716152	1
0.00299392	0.35163	0.725118	0.769466	1	1	1	0.99957	0.930824	1
-0.0110765	-1.31682	0.187907	0.201836	1	1	0.97094	0.966038	0.837632	1
0.0096796	1.14608	0.251772	0.318149	1	1	0.992779	0.945003	0.535015	1
0.0119535	1.41224	0.15789	0.192761	1	1	0.946139	0.946139	0.796429	1
0.00104893	0.125453	0.900165	0.916069	1	1	1	0.997759	0.904586	1
-0.0107493	-1.27476	0.202404	0.315024	1	1	0.978605	0.947729	0.688173	1
0.00148724	0.177466	0.859144	0.859144	1	1	1	0.999683	0.952848	1
0.00643986	0.767952	0.442522	0.442522	1	1	0.999951	0.999074	0.932586	1
-0.000574552	-0.0688456	0.945113	0.962486	1	1	1	0.993824	0.945113	1
0.00745134	0.881818	0.377882	0.377882	1	1	0.999687	0.994597	0.917713	1
-0.0100326	-1.19242	0.233106	0.233106	1	1	0.989023	0.980044	0.890741	1
0.0110226	1.30065	0.193389	0.193389	1	1	0.974101	0.960193	0.803732	1
0.0192045	2.25883	0.023901	0.023901	0.406318	0.406318	0.33718	0.33718	0.273993	0.942414
-0.0183304	-2.0599	0.0394174	0.165539	0.670095	0.59126	0.495234	0.452958	0.223365	0.768276
-0.0090176	-1.03947	0.298595	0.472195	1	1	0.997593	0.97118	0.621228	1
-0.0169759	-1.93008	0.0536076	0.25534	0.911329	0.804114	0.608067	0.562409	0.303776	1
-0.0110484	-1.26108	0.207293	0.390037	1	1	0.980728	0.922332	0.503425	1
-0.00974407	-1.09548	0.273318	0.453865	1	1	0.995606	0.984243	0.610726	1
0.00120808	0.140532	0.888241	0.888241	1	1	1	0.999983	0.97176	1
-0.0103162	-1.182	0.237216	0.416605	1	1	0.989981	0.949135	0.569216	1
-0.00261859	-0.303137	0.761788	0.83711	1	1	1	0.991998	0.86336	1
0.00970586	1.099	0.271779	0.485661	1	1	0.995445	0.969458	0.542408	1
0.00499476	0.570668	0.568229	0.662477	1	1	0.999999	0.998792	0.888228	1
0.00880338	1.04372	0.296625	0.365082	1	1	0.997476	0.979152	0.688243	1
0.000879328	0.105611	0.915892	0.915892	1	1	1	0.999996	0.977308	1
0.0140444	1.57304	0.115721	0.266585	1	1	0.876401	0.821249	0.46839	1
0.00685797	0.775158	0.438253	0.499499	1	1	0.999945	0.994914	0.773986	1
0.0138343	1.59298	0.111177	0.208472	1	1	0.865146	0.807949	0.4725	1
0.0124036	1.39903	0.161816	0.347155	1	1	0.950253	0.915521	0.441903	1
