0	0	0	0	0	0	0	0	0	0
0.00118164	0.202042	0.839886	0.839886	1	1	1	0.99988	0.955276	1
0.00149414	0.369456	0.71179	0.71179	1	1	1	0.999847	0.976735	1
0.0104465	1.58979	0.111891	0.18318	1	1	0.866978	0.786174	0.38043	1
0.00985535	1.62935	0.103249	0.163202	1	1	0.843173	0.757487	0.351046	1
-0.00423612	-0.764619	0.444504	0.499499	1	1	0.999954	0.997293	0.839619	1
-0.0018867	-0.505875	0.612948	0.612948	1	1	1	0.999721	0.986217	1
-0.0221044	-3.00912	0.00262208	0.0452287	0.0445754	0.0393312	0.0436525	0.0386174	0.0148585	0.0511064
-0.0107923	-2.83093	0.00464423	0.0477764	0.0789519	0.0696634	0.0760855	0.0674436	0.0263173	0.0905197
-0.0153975	-2.43575	0.0148664	0.025527	0.252728	0.222995	0.224793	0.20122	0.0842427	0.289757
-0.0072114	-2.22228	0.0262712	0.0587733	0.44661	0.394067	0.364015	0.329235	0.14887	0.512046
-0.00977299	-1.78514	0.0742483	0.300335	1	1	0.730594	0.660435	0.255199	0.877769
-0.00602762	-1.12173	0.261987	0.499499	1	1	0.994284	0.935051	0.494865	1
-0.0174641	-2.67799	0.00741026	0.0699963	0.125974	0.125974	0.118776	0.118776	0.125974	0.433296
-0.0170756	-2.59248	0.00953314	0.0158822	0.162063	0.162063	0.150274	0.150274	0.12001	0.412781
0.000872145	0.140488	0.888275	0.888275	1	1	1	0.999844	0.969605	1
0.00260405	0.425377	0.670565	0.737804	1	1	1	0.999861	0.946763	1
-0.00655848	-0.956886	0.338632	0.338632	1	1	0.999114	0.995538	0.727666	1
-0.00354335	-0.520838	0.602483	0.721842	1	1	1	0.998333	0.820217	1
-0.00765961	-1.08034	0.279998	0.279998	1	1	0.996244	0.986025	0.932667	1
-0.00879879	-1.26217	0.206897	0.455264	1	1	0.980564	0.91983	0.439657	1
-0.00345847	-0.465741	0.641404	0.641404	1	1	1	0.999044	0.819205	1
-0.00487922	-0.645503	0.518606	0.52009	1	1	0.999996	0.998719	0.88163	1
-0.00675333	-0.960168	0.336978	0.377353	1	1	0.999075	0.983584	0.716079	1
-0.00268448	-0.382366	0.702193	0.702193	1	1	1	0.999675	0.784807	1
-0.00701609	-1.16878	0.2425	0.3735	1	1	0.991098	0.952879	0.526954	1
-0.00781851	-1.42603	0.15387	0.213795	1	1	0.941598	0.886059	0.523159	1
-0.00189038	-0.347243	0.728411	0.728411	1	1	1	0.999891	0.914329	1
0.00889014	1.57675	0.114862	0.298399	1	1	0.874343	0.795288	0.34796	1
0.00268829	0.473112	0.636137	0.705942	1	1	1	0.993139	0.720955	1
0.00140031	0.207763	0.835415	0.835415	1	1	1	0.999968	0.887629	1
-0.000849021	-0.12461	0.900833	0.900833	1	1	1	0.999952	0.942702	1
0.00137159	0.204529	0.837941	0.850972	1	1	1	0.999327	0.948999	1
0.00620462	0.931166	0.351775	0.351775	1	1	0.99937	0.994496	0.904218	1
0.0214129	2.85514	0.00430462	0.0444315	0.0731786	0.0731786	0.070712	0.070712	0.0731786	0.251702
0.00112707	0.150161	0.880638	0.880638	1	1	1	1	0.975012	1
0.00791254	1.07395	0.282855	0.41096	1	1	0.99649	0.974197	0.637024	1
0.00513266	0.687668	0.491667	0.491667	1	1	0.99999	0.998848	0.931599	1
0.000761714	0.121278	0.903472	0.908672	1	1	1	0.999942	0.974107	1
0.00557195	0.872436	0.382977	0.500593	1	1	0.999728	0.986914	0.616973	1
-0.00663988	-1.03458	0.300871	0.300871	1	1	0.997722	0.990467	0.849281	1
0.00179957	0.278805	0.780396	0.780396	1	1	1	0.998658	0.868568	1
0.00152873	0.215575	0.82932	0.843063	1	1	1	0.999855	0.996029	1
0.00435512	0.611105	0.541135	0.55991	1	1	0.999998	0.998034	0.799385	1
0.00631308	0.898805	0.368764	0.429847	1	1	0.999599	0.99366	0.809874	1
0.00367645	0.537978	0.590596	0.590596	1	1	1	0.999881	0.912808	1
0.00305255	0.442113	0.658411	0.658411	1	1	1	0.999937	0.988689	1
0.0094606	1.33438	0.18209	0.187757	1	1	0.967191	0.940038	0.752665	1
0.00397836	0.604208	0.54571	0.54571	1	1	0.999999	0.99983	0.924912	1
0.007461	1.11701	0.263998	0.263998	1	1	0.994543	0.983931	0.71997	1
-0.00730966	-0.983573	0.325333	0.499077	1	1	0.998757	0.980461	0.615417	1
0.00198115	0.283037	0.77715	0.77715	1	1	1	0.99998	0.986543	1
0.00356535	0.491637	0.62298	0.752809	1	1	1	0.983464	0.680511	1
-0.00110642	-0.152198	0.879032	0.883449	1	1	1	0.998452	0.904974	1
0.00516756	0.752744	0.451609	0.51413	1	1	0.999963	0.997058	0.697942	1
0.0039735	0.575641	0.564862	0.564862	1	1	0.999999	0.998826	0.872969	1
0.000588064	0.0818323	0.934781	0.937407	1	1	1	0.999351	0.98225	1
0.00387572	0.558604	0.576436	0.643084	1	1	1	0.995324	0.726313	1
-0.00228661	-0.341513	0.732719	0.758146	1	1	1	0.999776	0.98207	1
-0.00366035	-0.538788	0.590037	0.641682	1	1	1	0.998054	0.819976	1
-0.00575337	-0.780384	0.435171	0.499499	1	1	0.999939	0.994149	0.731808	1
-0.00863552	-1.16615	0.243562	0.328409	1	1	0.991307	0.973451	0.790506	1
0.00653795	0.8929	0.371917	0.371917	1	1	0.999632	0.999066	0.871101	1
-0.00304797	-0.410958	0.681106	0.760737	1	1	1	0.987559	0.719459	1
-0.0114974	-1.59336	0.11109	0.11109	1	1	0.864922	0.783651	0.377704	1
-0.00394287	-0.539673	0.589426	0.730943	1	1	1	0.988333	0.763318	1
-0.0140705	-1.89943	0.0575173	0.0575173	0.977794	0.86276	0.634702	0.588755	0.325931	1
-0.0016619	-0.228836	0.818998	0.818998	1	1	1	0.999782	0.928112	1
0.00197227	0.29944	0.764606	0.855052	1	1	1	0.999604	0.928451	1
0.00961403	1.4667	0.142466	0.222163	1	1	0.926672	0.883717	0.605482	1
-0.00308551	-0.43811	0.661309	0.724323	1	1	1	0.999489	0.848781	1
-0.00209861	-0.315157	0.752644	0.752644	1	1	1	0.999993	0.996035	1
-0.0116421	-1.62053	0.105129	0.105129	1	1	0.848668	0.789241	0.41534	1
-0.00468646	-0.661478	0.508311	0.508311	1	1	0.999994	0.99832	0.890716	1
-0.00718463	-1.00383	0.315467	0.315467	1	1	0.998409	0.992754	0.912212	1
0.00263688	0.365219	0.714951	0.714951	1	1	1	0.999996	0.870011	1
-0.00169944	-0.234154	0.814867	0.852537	1	1	1	0.999639	0.942714	1
-0.00203967	-0.279699	0.77971	0.77971	1	1	1	0.999992	0.901914	1
0.0106511	1.87391	0.0609516	0.0609516	1	1	0.656683	0.656683	0.684893	1
0.0114048	1.98537	0.0471118	0.0471118	0.800901	0.800901	0.559736	0.559736	0.625281	1
-0.0107734	-1.6879	0.0914393	0.0914393	1	1	0.804108	0.762694	0.518156	1
-0.0142836	-2.18315	0.0290324	0.0290324	0.49355	0.49355	0.393989	0.393989	0.323306	1
-0.00238719	-0.341071	0.733053	0.733053	1	1	1	0.999903	0.867174	1
-0.00170295	-0.24253	0.808371	0.808371	1	1	1	0.999954	0.999248	1
-0.00257066	-0.454725	0.64931	0.64931	1	1	1	0.999891	0.977677	1
0.00136254	0.23953	0.810696	0.810696	1	1	1	0.999552	0.85919	1
-9.41512e-05	-0.015724	0.987455	0.987455	1	1	1	0.999849	0.987455	1
-0.00180721	-0.302678	0.762137	0.8126	1	1	1	0.989906	0.762137	1
0.00670246	0.94362	0.345371	0.425635	1	1	0.999255	0.997096	0.80055	1
0.00531811	0.775443	0.438084	0.458119	1	1	0.999944	0.998236	0.840575	1
0.0135632	2.26745	0.0233692	0.0655954	0.397277	0.373908	0.331014	0.315006	0.198638	0.683227
0.0136412	2.20679	0.0273359	0.0453017	0.46471	0.46471	0.375735	0.375735	0.409168	1
0.00374884	0.576797	0.564081	0.564081	1	1	0.999999	0.999863	0.936229	1
0.00243802	0.377863	0.705535	0.727099	1	1	1	0.999106	0.752768	1
5.81003e-05	0.0081746	0.993478	0.993478	1	1	1	0.999998	0.993478	1
0.000606779	0.0847867	0.932432	0.937319	1	1	1	0.997483	0.972342	1
-0.0132128	-2.22619	0.0260087	0.0260087	0.442147	0.416138	0.361094	0.344034	0.156923	0.539747
-0.00910758	-1.55434	0.120113	0.120113	1	1	0.886431	0.870928	0.924952	1
-0.00207552	-0.30707	0.758792	0.758792	1	1	1	0.999989	0.981493	1
0.00217987	0.323933	0.745991	0.774227	1	1	1	0.997212	0.863837	1
0.00440458	0.689307	0.490635	0.54183	1	1	0.99999	0.996314	0.782934	1
0.00475472	0.735565	0.462001	0.578874	1	1	0.999973	0.98737	0.607434	1
0.00483556	0.700683	0.483506	0.515784	1	1	0.999987	0.998679	0.803438	1
0.00580658	0.863134	0.38807	0.38807	1	1	0.999763	0.995495	0.941631	1
-0.00955367	-1.38706	0.165434	0.165434	1	1	0.95378	0.933639	0.677721	1
-0.00909964	-1.30958	0.190347	0.315966	1	1	0.972389	0.938061	0.647179	1
0.0137262	1.95277	0.0508558	0.170256	0.864548	0.711981	0.588237	0.518439	0.216137	0.743415
0.0049465	0.688753	0.490984	0.549744	1	1	0.99999	0.995493	0.81577	1
0.00269537	0.428112	0.668573	0.668573	1	1	1	0.999974	0.976991	1
0.00579885	0.918595	0.358314	0.358314	1	1	0.99947	0.995494	0.862497	1
0.0128376	1.87474	0.0608383	0.0831474	1	0.973413	0.655978	0.633692	0.415421	1
0.00622934	0.926375	0.354258	0.499499	1	1	0.99941	0.985457	0.638497	1
0.00221396	0.336418	0.736558	0.736558	1	1	1	0.999977	0.975769	1
-0.00126107	-0.197136	0.843723	0.844686	1	1	1	0.999949	0.952019	1
0.0131578	1.95015	0.0511665	0.0511665	0.869831	0.818665	0.590523	0.568441	0.434916	1
0.0149233	2.29684	0.0216342	0.055297	0.367782	0.346148	0.310521	0.295275	0.146071	0.50242
0.0247626	3.67811	0.000235353	0.0127398	0.00400101	0.00400101	0.00399348	0.00399348	0.00400101	0.0137617
0.0164677	2.5019	0.0123579	0.0804205	0.210084	0.210084	0.190544	0.190544	0.210084	0.722593
-0.000352422	-0.0499221	0.960185	0.960185	1	1	1	0.999984	0.960185	1
-0.0027647	-0.394174	0.693455	0.693455	1	1	1	0.99917	0.889486	1
-0.0105363	-1.55632	0.119641	0.366812	1	1	0.885392	0.783271	0.296525	1
-0.0136093	-2.04521	0.0408429	0.0501429	0.694329	0.653486	0.507818	0.48686	0.327621	1
0.00852766	1.22096	0.222109	0.432554	1	1	0.986016	0.970102	0.554355	1
0.00739641	1.10019	0.271257	0.500328	1	1	0.995389	0.954157	0.461136	1
-0.00798335	-1.11456	0.265048	0.406105	1	1	0.994674	0.975162	0.689386	1
-0.00825498	-1.18304	0.236802	0.403066	1	1	0.989888	0.970195	0.641043	1
0.0052099	0.692559	0.488591	0.706229	1	1	0.999989	0.98211	0.692171	1
0.00457312	0.618739	0.536093	0.675262	1	1	0.999998	0.996462	0.718763	1
-0.00591237	-0.777925	0.436619	0.499499	1	1	0.999942	0.994282	0.824725	1
-0.00614266	-0.819493	0.412511	0.444571	1	1	0.999882	0.995102	0.834228	1
0.00200199	0.323953	0.745976	0.821649	1	1	1	0.99963	0.911972	1
0.000647586	0.103625	0.917467	0.917467	1	1	1	0.999978	0.980378	1
-6.82761e-05	-0.0109327	0.991277	0.993698	1	1	1	0.998275	0.991277	1
0.00134353	0.219185	0.826507	0.850237	1	1	1	0.999843	0.93155	1
-0.00233954	-0.352259	0.724646	0.724646	1	1	1	0.999458	0.86533	1
0.00306786	0.464392	0.64237	0.707606	1	1	1	0.997908	0.845913	1
-0.00662065	-0.991899	0.321254	0.424939	1	1	0.998623	0.979247	0.682665	1
0.00235655	0.331149	0.740534	0.740534	1	1	1	0.998157	0.820579	1
-0.000906927	-0.128381	0.897848	0.897848	1	1	1	0.999737	0.979495	1
-0.00107205	-0.156568	0.875586	0.875586	1	1	1	0.99997	0.990328	1
-0.00521517	-0.770427	0.441052	0.441052	1	1	0.999949	0.99907	0.762116	1
-0.00782683	-1.21569	0.22411	0.22411	1	1	0.986616	0.98275	0.973302	1
-0.0175902	-2.39535	0.0166101	0.0629884	0.282371	0.249151	0.247792	0.222167	0.0941236	0.323743
-0.00960895	-1.48517	0.137508	0.137508	1	1	0.919121	0.873942	0.58441	1
-0.0106759	-1.51785	0.129062	0.129062	1	1	0.904549	0.874163	0.501395	1
0.00287955	0.367345	0.713364	0.713364	1	1	1	0.999445	0.915152	1
-0.00881592	-1.2904	0.196922	0.197754	1	1	0.975963	0.92804	0.557946	1
-0.0218926	-3.09575	0.00196489	0.0441331	0.0334031	0.0314382	0.0328832	0.0309792	0.0167016	0.0574459
-0.0156769	-2.04186	0.041174	0.041174	0.699958	0.61761	0.510698	0.467773	0.233319	0.802514
-0.0259729	-3.65806	0.000254542	0.000254542	0.00432721	0.00407267	0.00431841	0.0040649	0.0021636	0.00744183
-0.0100559	-1.45138	0.146685	0.287748	1	1	0.932569	0.825336	0.356234	1
-0.0143159	-1.93782	0.0526537	0.0526537	0.895114	0.84246	0.601298	0.579138	0.447557	1
-0.0174771	-2.52348	0.0116249	0.0382246	0.197624	0.185999	0.180271	0.17063	0.098812	0.339869
-0.00978852	-1.48277	0.138145	0.471501	1	1	0.92013	0.773878	0.293558	1
-0.0180675	-2.6107	0.00903998	0.0834304	0.15368	0.1356	0.143052	0.127346	0.0512265	0.176196
-0.0105551	-1.60648	0.108179	0.35319	1	1	0.857204	0.746878	0.306508	1
-0.0103032	-1.54299	0.122844	0.481613	1	1	0.892277	0.763491	0.262011	0.901201
-0.0226964	-3.20459	0.00135389	0.0242748	0.0230162	0.0216623	0.0227686	0.0214437	0.0115081	0.0395827
-0.00385506	-0.57431	0.565762	0.645676	1	1	0.999999	0.997089	0.857175	1
-0.0139249	-1.99573	0.045972	0.148089	0.781524	0.597636	0.550697	0.457631	0.156305	0.537618
-0.00922283	-1.31402	0.188848	0.373209	1	1	0.971507	0.934184	0.529448	1
-0.00959849	-1.37114	0.170342	0.208948	1	1	0.958189	0.871799	0.413688	1
0.00644122	0.920235	0.357457	0.507593	1	1	0.999458	0.981505	0.607677	1
-0.0141897	-1.91965	0.0549108	0.29201	0.933484	0.71384	0.617142	0.520105	0.186697	0.642153
0.00934017	1.32966	0.183641	0.313971	1	1	0.968233	0.928475	0.624378	1
-0.00145745	-0.234307	0.814748	0.852699	1	1	1	0.998668	0.923381	1
0.00126747	0.191096	0.848451	0.848451	1	1	1	0.999979	0.95697	1
-0.00975864	-1.38862	0.164959	0.242842	1	1	0.95333	0.885054	0.460818	1
-0.0104617	-1.40615	0.159689	0.275043	1	1	0.948063	0.914254	0.617164	1
-0.00199227	-0.332299	0.739666	0.85322	1	1	1	0.987005	0.785895	1
-0.0102668	-1.60156	0.109264	0.109264	1	1	0.860126	0.802081	0.433206	1
-0.00253402	-0.425118	0.670754	0.702378	1	1	1	0.999581	0.993954	1
0.00348752	0.567155	0.570613	0.697915	1	1	0.999999	0.996838	0.802529	1
-0.00493468	-0.77375	0.439085	0.617853	1	1	0.999946	0.976114	0.622036	1
0.00729387	1.32392	0.185539	0.185539	1	1	0.969465	0.953968	0.981219	1
-0.010074	-1.42605	0.153865	0.153865	1	1	0.941591	0.883598	0.43595	1
0.00143541	0.25175	0.801236	0.801236	1	1	1	0.999881	0.847752	1
-0.000303412	-0.0524119	0.958201	0.958201	1	1	1	0.999971	0.99418	1
-0.00357848	-0.527832	0.59762	0.59762	1	1	1	0.999531	0.923594	1
-0.00426895	-0.664862	0.506143	0.592131	1	1	0.999994	0.996366	0.752529	1
0.0233504	3.31525	0.000916654	0.0183116	0.0155831	0.0155831	0.0154694	0.0154694	0.0155831	0.053599
0.0115312	1.74783	0.0805031	0.135053	1	1	0.759921	0.664143	0.27371	0.941441
0.0235536	3.37494	0.000739205	0.00419807	0.0125665	0.0125665	0.0124925	0.0124925	0.0125665	0.0432231
-0.0115692	-1.52769	0.126599	0.236428	1	1	0.899854	0.802955	0.358696	1
-0.00410499	-0.720807	0.471033	0.471033	1	1	0.99998	0.998532	0.971022	1
0.00623087	0.976619	0.328765	0.328765	1	1	0.99886	0.994385	0.968417	1
-0.00280522	-0.477539	0.632982	0.744773	1	1	1	0.994044	0.748018	1
-0.00762389	-1.26744	0.205006	0.381194	1	1	0.979761	0.95972	0.574568	1
0.0115609	1.99194	0.046386	0.111738	0.788562	0.69579	0.554	0.509556	0.262854	0.9041
-0.000225261	-0.0386551	0.969166	0.97563	1	1	1	0.996578	0.969166	1
0.00371108	0.705654	0.480408	0.499499	1	1	0.999985	0.99724	0.882593	1
-0.00108164	-0.161985	0.871319	0.871319	1	1	1	0.999149	0.937722	1
0.00718187	1.32787	0.18423	0.18423	1	1	0.96862	0.918124	0.521984	1
0.00635794	1.02408	0.305806	0.389023	1	1	0.997981	0.97401	0.649838	1
0.0174183	2.45618	0.0140475	0.0636922	0.238808	0.22476	0.213766	0.202564	0.119404	0.410696
0.0104536	1.88198	0.0598475	0.110318	1	0.778017	0.649755	0.55169	0.203481	0.699885
0.0100277	1.37341	0.169636	0.190105	1	1	0.957581	0.92591	0.720953	1
0.00487743	0.7314	0.46454	0.499499	1	1	0.999976	0.996381	0.835532	1
-0.00799079	-1.18646	0.235451	0.270627	1	1	0.989579	0.931758	0.500333	1
-0.00528703	-0.711593	0.476722	0.476722	1	1	0.999983	0.998461	0.882085	1
-0.00758349	-1.28911	0.197368	0.354092	1	1	0.976189	0.928518	0.48776	1
0.00315466	0.507443	0.611848	0.685977	1	1	1	0.996219	0.666844	1
-0.00499146	-0.863434	0.387905	0.387905	1	1	0.999762	0.997234	0.883685	1
0.00486478	0.768014	0.442484	0.499499	1	1	0.999951	0.996424	0.835804	1
-0.00291534	-0.457224	0.647514	0.757031	1	1	1	0.984563	0.786266	1
0.0103317	1.89489	0.058116	0.104162	0.987971	0.987971	0.638626	0.638626	0.522108	1
-0.0106278	-1.50963	0.131149	0.286909	1	1	0.908363	0.78699	0.318504	1
0.00218495	0.384561	0.700566	0.700566	1	1	1	0.999954	0.986308	1
0.00331693	0.598556	0.549473	0.568464	1	1	0.999999	0.998303	0.872542	1
-0.0039121	-0.579765	0.562077	0.586446	1	1	0.999999	0.996796	0.735024	1
-0.0110337	-1.70036	0.0890722	0.272942	1	1	0.795248	0.775227	0.544761	1
0.0108944	1.57914	0.114314	0.208235	1	1	0.873013	0.838118	0.585171	1
0.0134714	1.98384	0.0472822	0.142482	0.803798	0.756516	0.561073	0.539289	0.333528	1
0.0127035	1.80679	0.0708053	0.14199	1	1	0.713045	0.667646	0.312362	1
-0.00936175	-1.2545	0.209671	0.352536	1	1	0.981688	0.940613	0.532052	1
-0.00618373	-1.04767	0.294799	0.489259	1	1	0.997362	0.969582	0.529218	1
0.0123885	1.93317	0.0532245	0.228232	0.904817	0.798368	0.605362	0.559744	0.233387	0.802748
0.00311532	0.528942	0.596849	0.596849	1	1	1	0.999719	0.958904	1
-0.00435787	-0.752651	0.451665	0.526905	1	1	0.999963	0.992781	0.698028	1
0.00183374	0.280305	0.779246	0.837394	1	1	1	0.999571	0.946227	1
0.00461508	0.776959	0.437189	0.510691	1	1	0.999943	0.993138	0.675656	1
-0.000754859	-0.147256	0.882931	0.882931	1	1	1	0.999978	0.916263	1
-0.00997538	-1.51944	0.128661	0.128661	1	1	0.903799	0.873291	0.582197	1
0.00517623	0.970741	0.331685	0.437525	1	1	0.998942	0.993785	0.750741	1
0.00381571	0.614662	0.538782	0.69859	1	1	0.999998	0.99556	0.74282	1
0.0118982	1.74764	0.0805369	0.0805369	1	1	0.760071	0.69134	0.342282	1
0.00910023	1.62392	0.104403	0.131016	1	1	0.846567	0.80871	0.44372	1
-0.0291582	-3.71721	0.000201785	0.000712189	0.00343035	0.00322856	0.00342482	0.00322368	0.00171517	0.00589943
0.00588272	0.782774	0.433766	0.433766	1	1	0.999937	0.998082	0.865421	1
0.0103738	1.31923	0.1871	0.210101	1	1	0.970445	0.93646	0.636141	1
0.00779691	0.995098	0.319696	0.383227	1	1	0.998568	0.990173	0.787971	1
-0.00452606	-0.587056	0.55717	0.55717	1	1	0.999999	0.999872	0.918867	1
-0.00939318	-1.26016	0.207622	0.328138	1	1	0.980864	0.961536	0.584483	1
0.000649379	0.0833741	0.933555	0.955313	1	1	1	0.999832	0.984229	1
-0.011898	-1.52322	0.127714	0.348781	1	1	0.902006	0.852354	0.51435	1
-2.84411e-05	-0.00364931	0.997088	0.997269	1	1	1	0.999051	0.997088	1
-0.00627825	-0.799588	0.423955	0.423955	1	1	0.999915	0.999231	0.965567	1
0.00865883	1.1124	0.265973	0.27605	1	1	0.994787	0.990324	0.859056	1
-0.0116849	-1.48755	0.136878	0.233126	1	1	0.918111	0.905125	0.754682	1
0.000422772	0.0546544	0.956414	0.963793	1	1	1	0.99907	0.956414	1
-0.00359701	-0.456444	0.648074	0.697478	1	1	1	0.999181	0.835923	1
-0.00767513	-1.00402	0.315377	0.364337	1	1	0.998405	0.989397	0.796734	1
-0.00861606	-1.13775	0.255232	0.255232	1	1	0.993326	0.983845	0.802694	1
-0.00499613	-0.646446	0.517995	0.517995	1	1	0.999996	0.998651	0.978436	1
-0.00905903	-1.20441	0.22844	0.22844	1	1	0.98783	0.979557	0.880056	1
0.0155253	1.98698	0.0469333	0.0848497	0.797867	0.707583	0.558332	0.515049	0.259518	0.892627
0.0141955	1.86647	0.0619845	0.133069	1	0.991752	0.663046	0.64078	0.370649	1
-0.0129195	-1.65579	0.097774	0.121988	1	1	0.826076	0.763182	0.322835	1
0.00211865	0.280571	0.779041	0.814064	1	1	1	0.998895	0.871527	1
-0.0093615	-1.23884	0.215415	0.215415	1	1	0.983824	0.973721	0.818962	1
-0.0184788	-2.38237	0.0172075	0.0172075	0.292528	0.27532	0.255523	0.242489	0.146264	0.503082
-0.0106274	-1.43175	0.152226	0.270777	1	1	0.939638	0.922687	0.681765	1
-0.00233594	-0.323641	0.746212	0.746212	1	1	1	0.99983	0.919076	1
-0.00521051	-0.690244	0.490046	0.535345	1	1	0.999989	0.996933	0.833078	1
-0.0112728	-1.49196	0.135721	0.299449	1	1	0.916224	0.870235	0.576814	1
-0.00472227	-0.633726	0.526264	0.572508	1	1	0.999997	0.996652	0.813317	1
-0.0110348	-1.38446	0.166226	0.183118	1	1	0.95452	0.945453	0.849673	1
0.000352885	0.0454379	0.963759	0.977977	1	1	1	0.998022	0.963759	1
-0.0392654	-4.98852	6.11682e-07	5.33192e-05	1.03986e-05	1.03986e-05	1.03985e-05	1.03985e-05	1.03986e-05	3.57665e-05
-0.000647011	-0.0863095	0.931221	0.949735	1	1	1	0.999193	0.931221	1
0.00154481	0.194792	0.845557	0.854126	1	1	1	0.999674	0.901128	1
-0.00165683	-0.210792	0.833051	0.848943	1	1	1	0.997276	0.885117	1
0.00611094	0.790596	0.429186	0.443856	1	1	0.999927	0.998896	0.828414	1
-0.0103238	-1.38127	0.167207	0.167207	1	1	0.955421	0.914824	0.544723	1
0.00450791	0.577723	0.563455	0.563455	1	1	0.999999	0.998707	0.870795	1
-0.0101423	-1.30369	0.192348	0.325176	1	1	0.973526	0.937782	0.63622	1
-0.00582024	-0.749143	0.453777	0.493838	1	1	0.999966	0.997636	0.868316	1
-0.00347578	-0.44342	0.657465	0.657465	1	1	1	0.999946	0.890832	1
0.00557483	0.709979	0.477722	0.477722	1	1	0.999984	0.99849	0.85985	1
-0.008845	-1.12119	0.262217	0.262217	1	1	0.994314	0.971983	0.636813	1
-0.00784802	-1.01581	0.30973	0.320084	1	1	0.998166	0.990267	0.839468	1
-0.0024535	-0.312033	0.755017	0.836237	1	1	1	0.999985	0.976414	1
-0.00323859	-0.422343	0.672777	0.672777	1	1	1	0.999979	0.925984	1
-0.00481598	-0.634982	0.525445	0.63723	1	1	0.999997	0.991501	0.68712	1
-0.00147313	-0.191174	0.848391	0.848391	1	1	1	0.999996	0.966311	1
-0.00127449	-0.169392	0.86549	0.86549	1	1	1	1	0.999562	1
0.0090565	1.15257	0.249097	0.249097	1	1	0.992328	0.973451	0.705775	1
0.0142506	1.86402	0.0623277	0.0911781	1	1	0.665136	0.665136	0.478275	1
-0.0127726	-1.64555	0.0998654	0.187506	1	1	0.832804	0.772513	0.344887	1
0.000368708	0.0489361	0.960971	0.961171	1	1	1	0.999767	0.966047	1
-0.00631353	-0.834202	0.404173	0.40512	1	1	0.99985	0.99664	0.941866	1
-0.0124462	-1.5841	0.11318	0.11318	1	1	0.870222	0.813922	0.397559	1
-0.011841	-1.59432	0.110875	0.231107	1	1	0.864365	0.847451	0.596802	1
-0.00654675	-0.903937	0.366036	0.493055	1	1	0.999568	0.992455	0.704929	1
-0.00159144	-0.211461	0.832529	0.832529	1	1	1	0.998932	0.927151	1
-0.0141527	-1.8978	0.0577322	0.0577322	0.981448	0.923715	0.636115	0.61382	0.423695	1
-0.0017395	-0.231836	0.816667	0.863641	1	1	1	0.995174	0.85395	1
-0.0138647	-1.73816	0.0821931	0.0821931	1	1	0.767313	0.746475	0.698641	1
-0.00583615	-0.749267	0.453702	0.499499	1	1	0.999966	0.997279	0.856992	1
-0.0196696	-2.39928	0.0164337	0.0164337	0.279373	0.262939	0.245496	0.232889	0.139687	0.480459
-0.00555271	-0.674245	0.500161	0.546159	1	1	0.999992	0.995441	0.772976	1
-0.0270025	-3.31891	0.000904815	0.0578785	0.0153818	0.014477	0.015271	0.0143792	0.00769092	0.0264533
-0.0231995	-2.84578	0.00443343	0.0690971	0.0753683	0.0709349	0.0727535	0.0686243	0.0376842	0.129617
-0.0243192	-3.02105	0.00252118	0.10911	0.04286	0.0403388	0.0420064	0.039585	0.02143	0.0737096
-0.0251854	-3.10429	0.00190924	0.171483	0.0324571	0.0305479	0.0319661	0.0301143	0.0162286	0.055819
-0.0374332	-4.48892	7.18615e-06	0.00107766	0.000122164	0.000122164	0.000122157	0.000122157	0.000122164	0.000420191
-0.0268789	-3.22162	0.00127611	0.0909031	0.0216939	0.0216939	0.0214738	0.0214738	0.0216939	0.0746173
0.000138443	0.0181523	0.985518	0.985518	1	1	1	0.99992	0.985518	1
0.00370837	0.493876	0.621397	0.621397	1	1	1	0.998885	0.905752	1
0.00462225	0.581306	0.561039	0.725802	1	1	0.999999	0.994122	0.794805	1
0.0170216	2.15732	0.030989	0.030989	0.526813	0.495824	0.414418	0.395691	0.263407	0.906001
0.0109758	1.345	0.178637	0.178637	1	1	0.964755	0.947757	0.904526	1
-0.00489009	-0.592364	0.553611	0.553611	1	1	0.999999	0.999123	0.707836	1
-0.0146046	-2.24132	0.0250124	0.110941	0.425211	0.400199	0.349894	0.333216	0.212606	0.731269
0.0255388	3.4884	0.00048661	0.00774495	0.00827236	0.00827236	0.00824024	0.00824024	0.00827236	0.0284532
0.00341827	0.445514	0.655951	0.676483	1	1	1	0.999072	0.929264	1
0.0332496	4.46276	8.12057e-06	8.12057e-06	0.00013805	0.000129929	0.000138041	0.000129921	6.90248e-05	0.000237414
0.0327447	4.25973	2.05299e-05	7.04737e-05	0.000349008	0.000328478	0.000348951	0.000328427	0.000174504	0.000600215
0.0393819	4.98145	6.34612e-07	6.34612e-07	1.07884e-05	1.07884e-05	1.07884e-05	1.07884e-05	1.07884e-05	3.71073e-05
-0.0106169	-1.55231	0.120599	0.225473	1	1	0.887494	0.811882	0.378951	1
0.0170749	2.22908	0.0258157	0.116736	0.438867	0.438867	0.358939	0.358939	0.364107	1
0.00333682	0.43034	0.666951	0.666951	1	1	1	0.999927	0.984371	1
0.0116424	1.57055	0.116297	0.116297	1	1	0.877762	0.843472	0.659018	1
0.00154693	0.20816	0.835105	0.835105	1	1	1	0.99998	0.98363	1
0.0167284	2.26568	0.0234782	0.0458269	0.399129	0.352173	0.332282	0.299788	0.133043	0.457608
0.0245815	3.36476	0.000767054	0.0098888	0.0130399	0.0122729	0.0129602	0.0122025	0.00651996	0.0224257
0.0132564	1.76706	0.0772283	0.220776	1	0.995934	0.744963	0.645182	0.218813	0.75262
0.00574272	0.764683	0.444466	0.499499	1	1	0.999954	0.99496	0.839547	1
0.0291887	3.92665	8.63287e-05	8.63287e-05	0.00146759	0.00146759	0.00146657	0.00146657	0.00146759	0.00504784
0.0300876	4.08476	4.42364e-05	0.020193	0.000752018	0.000752018	0.000751752	0.000751752	0.000752018	0.00258661
0.0168542	2.17522	0.0296214	0.0678913	0.503563	0.473942	0.400208	0.381899	0.251782	0.866016
0.0190946	2.47986	0.0131489	0.0131489	0.223531	0.210382	0.201495	0.190855	0.111766	0.384423
0.0242416	3.10091	0.00193107	0.00470337	0.0328282	0.0328282	0.0323259	0.0323259	0.0328282	0.112914
0.0259068	3.30478	0.000951635	0.00146124	0.0161778	0.0161778	0.0160552	0.0160552	0.0161778	0.0556444
0.0280379	3.58502	0.000337585	0.00589403	0.00573894	0.00573894	0.00572347	0.00572347	0.00573894	0.0197394
0.018347	2.3433	0.0191207	0.0191207	0.325053	0.325053	0.279781	0.279781	0.325053	1
0.0248955	3.35384	0.000797965	0.000797965	0.0135654	0.0127674	0.0134792	0.0126913	0.00678271	0.0233295
0.0200384	2.76778	0.00564748	0.00564748	0.0960071	0.0903596	0.0917896	0.0866314	0.0480036	0.165111
0.0078605	1.00262	0.316052	0.465962	1	1	0.998432	0.98468	0.666923	1
0.0179345	2.29446	0.0217711	0.111004	0.370109	0.370109	0.312159	0.312159	0.370109	1
0.0322385	4.02457	5.72187e-05	5.72187e-05	0.000972717	0.000972717	0.000972272	0.000972272	0.000972717	0.00334571
0.0320519	4.05174	5.09672e-05	5.09672e-05	0.000866442	0.000866442	0.000866089	0.000866089	0.000866442	0.00298017
0.0226662	3.03107	0.00243898	0.00243898	0.0414627	0.0414627	0.0406635	0.0406635	0.0414627	0.142613
0.0180261	2.40105	0.0163539	0.0163539	0.278017	0.278017	0.244454	0.244454	0.278017	0.956254
0.0222249	2.83066	0.00464827	0.00646012	0.0790206	0.0790206	0.0761493	0.0761493	0.0790206	0.271796
0.01259	1.61103	0.107184	0.107184	1	1	0.854471	0.854471	0.982067	1
0.00972517	1.30774	0.190973	0.438948	1	1	0.97275	0.921376	0.479569	1
0.0078945	1.06097	0.288712	0.324503	1	1	0.996947	0.993965	0.776505	1
0.00423135	0.543791	0.58659	0.627411	1	1	1	0.997935	0.76044	1
0.0145875	1.89515	0.0580823	0.185534	0.987398	0.929316	0.638406	0.616109	0.493699	1
-0.000202736	-0.0260964	0.979181	0.983182	1	1	1	0.995748	0.979181	1
0.00851823	1.09768	0.272353	0.446731	1	1	0.995506	0.969722	0.593113	1
0.00861783	1.23304	0.21757	0.411059	1	1	0.984563	0.932718	0.528385	1
0.00619429	0.892664	0.372044	0.499499	1	1	0.999633	0.986404	0.649076	1
0.0254627	3.22031	0.00128187	0.0136198	0.0217919	0.0217919	0.0215698	0.0215698	0.0217919	0.0749542
0.025675	3.25279	0.00114403	0.00114403	0.0194485	0.0194485	0.0192716	0.0192716	0.0194485	0.0668943
0.00851411	1.11857	0.263333	0.385895	1	1	0.994459	0.965327	0.639522	1
0.00725441	0.962242	0.335936	0.335936	1	1	0.99905	0.992646	0.838362	1
0.00216517	0.270783	0.78656	0.78656	1	1	1	0.998554	0.955108	1
0.012548	1.5634	0.117968	0.159655	1	1	0.881632	0.847853	0.627637	1
0.0222781	2.90091	0.00372353	0.00989216	0.0633	0.0633	0.061449	0.061449	0.0633	0.217724
0.0190429	2.40684	0.0160971	0.133645	0.273651	0.273651	0.241094	0.241094	0.273651	0.941238
-0.00348658	-0.48956	0.624449	0.674116	1	1	1	0.996914	0.796618	1
-0.0026619	-0.348094	0.727772	0.781331	1	1	1	0.992403	0.824808	1
-0.0283375	-4.05437	5.03963e-05	5.03963e-05	0.000856737	0.00080634	0.000856391	0.000806036	0.000428368	0.0014734
-0.0319761	-4.50476	6.66976e-06	6.66976e-06	0.000113386	0.000106716	0.00011338	0.000106711	5.66929e-05	0.000194998
-0.0332202	-4.62776	3.71183e-06	0.000433275	6.31011e-05	6.31011e-05	6.30992e-05	6.30992e-05	6.31011e-05	0.000217039
0.0137974	2.05371	0.0400127	0.0967726	0.680216	0.551846	0.500526	0.430511	0.136043	0.467928
-0.0118413	-1.50311	0.132822	0.193133	1	1	0.911317	0.908493	0.496824	1
-0.00953941	-1.20335	0.228849	0.228849	1	1	0.987939	0.957068	0.648405	1
-0.00849418	-1.12449	0.260814	0.345268	1	1	0.994128	0.97339	0.719347	1
-0.0068783	-0.910881	0.362365	0.451775	1	1	0.999524	0.995483	0.781392	1
-0.0278841	-3.8092	0.000139693	0.00917264	0.00237479	0.00237479	0.00237214	0.00237214	0.00237479	0.00816821
-0.0324173	-4.26073	2.04384e-05	0.00184389	0.000347452	0.000347452	0.000347395	0.000347395	0.000347452	0.00119508
-0.0141622	-2.02114	0.0432737	0.178785	0.735653	0.692379	0.528598	0.507276	0.309936	1
-0.0228989	-3.32585	0.000882554	0.00298626	0.0150034	0.0141209	0.014898	0.0140278	0.00750171	0.0258025
-0.0166428	-2.29989	0.0214615	0.20526	0.364846	0.321923	0.308449	0.277782	0.121615	0.418302
-0.0244731	-3.24745	0.0011657	0.0445131	0.019817	0.0174856	0.0196332	0.0173436	0.00660566	0.0227205
-0.00784297	-1.14805	0.250959	0.489282	1	1	0.992645	0.958355	0.450527	1
-0.00981687	-1.39415	0.163284	0.18306	1	1	0.951713	0.901482	0.555165	1
-0.0129305	-1.87214	0.0611968	0.0611968	1	0.937731	0.658204	0.619525	0.346782	1
-0.0156456	-2.19689	0.0280361	0.0657801	0.476613	0.448577	0.383331	0.365543	0.238307	0.819669
-0.0246019	-3.35197	0.00080339	0.0635526	0.0136576	0.0136576	0.0135702	0.0135702	0.0136576	0.0469761
-0.016657	-2.2138	0.0268502	0.0367788	0.456454	0.429604	0.370415	0.353044	0.228227	0.784999
-0.025023	-3.61892	0.000296327	0.000296327	0.00503756	0.00474123	0.00502564	0.00473071	0.00251878	0.00866348
-0.0283306	-4.09205	4.287e-05	4.287e-05	0.00072879	0.00068592	0.00072854	0.000685699	0.000364395	0.00125335
-0.0321225	-4.86832	1.1312e-06	5.43961e-06	1.92305e-05	1.80993e-05	1.92303e-05	1.80991e-05	9.61524e-06	3.30721e-05
-0.0308224	-4.59668	4.31029e-06	0.00232032	7.3275e-05	6.89647e-05	7.32725e-05	6.89625e-05	3.66375e-05	0.000126017
-0.0235052	-3.38476	0.000713308	0.0050448	0.0121262	0.0114129	0.0120573	0.0113521	0.00606312	0.0208544
-0.0236584	-3.33046	0.000868057	0.014836	0.014757	0.0138889	0.0146549	0.0137989	0.00737849	0.0253787
-0.0334685	-4.63853	3.52384e-06	3.52384e-06	5.99053e-05	5.99053e-05	5.99036e-05	5.99036e-05	5.99053e-05	0.000206047
-0.0316022	-4.43253	9.34649e-06	2.97484e-05	0.00015889	0.00015889	0.000158878	0.000158878	0.00015889	0.000546511
-0.0241055	-3.36318	0.000771465	0.000771465	0.0131149	0.0131149	0.0130343	0.0130343	0.0131149	0.0451094
-0.0276892	-3.88656	0.000101892	0.00549221	0.00173217	0.00173217	0.00173076	0.00173076	0.00173217	0.00595789
-0.0138592	-2.00374	0.0451066	0.0451066	0.766812	0.721706	0.543718	0.522165	0.255977	0.880446
-0.0129665	-1.87344	0.061018	0.061018	1	0.976288	0.657095	0.634812	0.383966	1
-0.0199036	-2.8351	0.00458427	0.0420309	0.0779326	0.0733483	0.0751389	0.0708796	0.0389663	0.134027
-0.0215959	-3.01535	0.00256902	0.00256902	0.0436733	0.0411043	0.0427872	0.0403217	0.0218367	0.0751084
-0.0169732	-2.30438	0.0212083	0.0705516	0.360541	0.332998	0.3054	0.285742	0.12018	0.413367
-0.0120698	-1.58944	0.111971	0.131892	1	1	0.86718	0.831574	0.634502	1
-0.0158921	-2.3125	0.0207569	0.0207569	0.352867	0.33211	0.299934	0.285095	0.163801	0.563404
-0.00143739	-0.20518	0.837433	0.837433	1	1	1	0.999486	0.949091	1
-0.029494	-4.10651	4.02745e-05	4.02745e-05	0.000684666	0.000644392	0.000684445	0.000644197	0.000342333	0.00117747
-0.0320497	-4.35177	1.35492e-05	1.35492e-05	0.000230337	0.000216788	0.000230312	0.000216766	0.000115168	0.000396128
-0.000674538	-0.101818	0.918902	0.939454	1	1	1	0.998793	0.976333	1
-0.00950619	-1.39358	0.163456	0.163456	1	1	0.951882	0.94248	0.764074	1
-0.00382776	-0.523885	0.600363	0.708164	1	1	1	0.996887	0.843698	1
-0.0105766	-1.50151	0.133234	0.442213	1	1	0.912031	0.792547	0.323569	1
-0.015713	-2.11099	0.0347817	0.0347817	0.591289	0.591289	0.452185	0.452185	0.591289	1
-0.00949898	-1.23051	0.218516	0.218516	1	1	0.984877	0.968313	0.752604	1
0.00702141	0.881972	0.377799	0.650598	1	1	0.999686	0.960143	0.535215	1
-0.00756265	-1.00247	0.316124	0.499499	1	1	0.998435	0.967281	0.597123	1
0.00579154	0.74288	0.45756	0.598417	1	1	0.99997	0.992457	0.692307	1
0.000953145	0.128854	0.897474	0.897474	1	1	1	0.999389	0.897474	1
0.00369461	0.489683	0.624362	0.624362	1	1	1	0.999944	0.963471	1
-0.00340975	-0.44728	0.654676	0.688094	1	1	1	0.995531	0.798106	1
0.00114517	0.143307	0.886049	0.898002	1	1	1	0.999682	0.941427	1
-0.00344028	-0.430574	0.666781	0.701108	1	1	1	0.995299	0.79924	1
-0.0047507	-0.614074	0.539171	0.540584	1	1	0.999998	0.998319	0.772613	1
-0.00474434	-0.614944	0.538596	0.602292	1	1	0.999998	0.997946	0.832954	1
-0.00713345	-1.00116	0.316758	0.335064	1	1	0.998459	0.984853	0.762138	1
0.00340593	0.463696	0.642869	0.642869	1	1	1	0.999812	0.993432	1
0.00173845	0.219267	0.826443	0.834948	1	1	1	0.999828	0.863333	1
-0.0161633	-2.06126	0.0392871	0.0392871	0.66788	0.628593	0.494068	0.473379	0.308622	1
0.00299782	0.381375	0.702928	0.702928	1	1	1	0.999965	0.975112	1
0.000410228	0.0529818	0.957747	0.957747	1	1	1	0.9997	0.974671	1
0.0108466	1.49153	0.135833	0.367855	1	1	0.916408	0.861127	0.38486	1
0.0230509	3.11327	0.001852	0.0184971	0.031484	0.029632	0.0310218	0.029224	0.015742	0.0541455
0.0229663	2.86165	0.00421734	0.0335278	0.0716948	0.0632601	0.0693261	0.0614263	0.0238983	0.0821993
0.021721	2.7382	0.00618126	0.027061	0.105081	0.0989002	0.100042	0.0944449	0.0525407	0.180717
-0.00205972	-0.256258	0.797754	0.797754	1	1	1	0.999747	0.955518	1
-0.00270691	-0.340506	0.733478	0.733478	1	1	1	0.999927	0.930059	1
-0.00496091	-0.613519	0.539538	0.57473	1	1	0.999998	0.996115	0.689244	1
-0.0155989	-1.9366	0.0528037	0.191509	0.897663	0.897663	0.602369	0.602369	0.525495	1
-0.00818341	-1.04858	0.29438	0.372503	1	1	0.997335	0.978409	0.681444	1
-0.000566509	-0.0732764	0.941587	0.960245	1	1	1	0.996588	0.942048	1
0.0109112	1.43361	0.151695	0.151695	1	1	0.938992	0.900062	0.523271	1
0.0141411	1.8325	0.0668869	0.0668869	1	1	0.691764	0.645991	0.379026	1
-0.000747196	-0.0942621	0.924902	0.949857	1	1	1	0.99928	0.924902	1
-0.000444638	-0.0565126	0.954934	0.96799	1	1	1	0.999999	0.986981	1
-0.00293556	-0.365445	0.714782	0.803197	1	1	1	0.998113	0.934715	1
-0.0201278	-2.51541	0.0118947	0.0118947	0.20221	0.190315	0.184066	0.174244	0.0944019	0.3247
-0.0056148	-0.735436	0.46208	0.658813	1	1	0.999974	0.99299	0.785535	1
-0.00751184	-0.96515	0.334478	0.399066	1	1	0.999014	0.98352	0.710765	1
-0.0122742	-1.55547	0.119844	0.185176	1	1	0.88584	0.83257	0.509338	1
-0.0128569	-1.6357	0.101912	0.184011	1	1	0.839149	0.777942	0.339487	1
-0.0102804	-1.2913	0.196608	0.223406	1	1	0.975803	0.941916	0.571387	1
-0.00969423	-1.20643	0.227662	0.229394	1	1	0.98762	0.966583	0.762343	1
-0.0238104	-3.1394	0.0016946	0.0221367	0.0288082	0.0288082	0.0284209	0.0284209	0.0288082	0.0990873
-0.00778444	-1.04001	0.298344	0.490307	1	1	0.997578	0.98265	0.575021	1
0.000144838	0.018071	0.985582	0.988341	1	1	1	0.999001	0.985582	1
-0.00681429	-0.838858	0.401556	0.499499	1	1	0.999838	0.991468	0.722408	1
0.0108823	1.33141	0.183066	0.388982	1	1	0.96785	0.951827	0.505957	1
0.00261873	0.323267	0.746496	0.746496	1	1	1	0.99938	0.929551	1
-0.0174678	-2.15955	0.0308153	0.0308153	0.523859	0.462229	0.41263	0.374685	0.17462	0.600614
-0.00371917	-0.462897	0.643442	0.760623	1	1	1	0.996908	0.781322	1
0.00784168	0.988824	0.322757	0.547431	1	1	0.998674	0.955746	0.527982	1
0.01172	1.51729	0.129204	0.241039	1	1	0.904813	0.855845	0.448058	1
0.0135756	2.20372	0.0275517	0.135241	0.468378	0.468378	0.378085	0.378085	0.402377	1
-0.00340841	-0.460215	0.645365	0.703482	1	1	1	0.998578	0.814949	1
-0.0102613	-1.46449	0.143071	0.143071	1	1	0.927546	0.865636	0.486441	1
-0.0100516	-1.4027	0.160718	0.160718	1	1	0.949133	0.897481	0.546441	1
-0.00824297	-1.14466	0.252359	0.294331	1	1	0.992875	0.987253	0.8135	1
0.0143249	2.134	0.0328508	0.0732732	0.558463	0.492762	0.433253	0.394098	0.179498	0.617394
-0.00646293	-0.827433	0.407998	0.468808	1	1	0.999865	0.994858	0.83212	1
-0.0101879	-1.2982	0.194229	0.346763	1	1	0.974555	0.93964	0.555616	1
-0.00309943	-0.400883	0.688509	0.764893	1	1	1	0.997545	0.830825	1
-0.00730907	-0.944371	0.344988	0.363555	1	1	0.999248	0.993763	0.911913	1
-0.0162214	-2.45194	0.0142143	0.0142143	0.241644	0.227429	0.216025	0.20472	0.120822	0.415573
-0.0128441	-1.78474	0.0743131	0.189379	1	1	0.730914	0.660767	0.31583	1
-0.00772703	-1.28981	0.197128	0.379141	1	1	0.976068	0.910647	0.450586	1
-0.0233182	-3.75646	0.000172658	0.0196707	0.00293518	0.00276252	0.00293113	0.00275895	0.00146759	0.00504786
0.00275094	0.378405	0.705132	0.796767	1	1	1	0.998909	0.867531	1
-0.0051215	-0.676341	0.498829	0.580498	1	1	0.999992	0.995988	0.770918	1
0.00670299	0.98821	0.323058	0.399359	1	1	0.998684	0.994788	0.809343	1
0.00636739	0.904943	0.365503	0.462804	1	1	0.999562	0.995673	0.667048	1
0.00903442	1.21383	0.224822	0.395989	1	1	0.986823	0.942475	0.545996	1
0.00795391	1.05189	0.292859	0.292859	1	1	0.997236	0.992155	0.848334	1
-0.010696	-1.49887	0.133917	0.260293	1	1	0.913202	0.845733	0.455318	1
-0.00768586	-1.06333	0.287642	0.302222	1	1	0.996868	0.982924	0.75124	1
-0.0146685	-2.01411	0.0440065	0.0440065	0.748111	0.704104	0.534699	0.51328	0.281538	0.968365
-0.0247117	-3.36296	0.000772082	0.00175066	0.0131254	0.0123533	0.0130446	0.012282	0.0065627	0.0225727
-0.0292538	-4.26013	2.04934e-05	2.04934e-05	0.000348387	0.000327894	0.00034833	0.000327843	0.000174194	0.000599148
-0.0217661	-3.16162	0.0015705	0.015949	0.0266985	0.025128	0.0263657	0.0248342	0.0133492	0.0459154
-0.00946584	-1.43529	0.151214	0.151214	1	1	0.938402	0.899267	0.538059	1
-0.00967449	-1.42044	0.15549	0.277577	1	1	0.943469	0.906143	0.555991	1
-0.0270135	-3.70265	0.000213745	0.00211747	0.00363366	0.00341992	0.00362745	0.00341444	0.00181683	0.00624908
-0.0304704	-4.19609	2.72347e-05	2.72347e-05	0.00046299	0.00046299	0.00046289	0.00046289	0.000382348	0.00131511
-0.0153136	-2.21438	0.0268098	0.0818662	0.455767	0.402147	0.36997	0.334779	0.151922	0.522544
-0.0270634	-3.90666	9.37869e-05	0.0288452	0.00159438	0.00150059	0.00159318	0.00149954	0.000797189	0.00274197
-0.0100375	-1.41232	0.157866	0.424839	1	1	0.946113	0.876996	0.386669	1
-0.0108068	-1.51674	0.129343	0.331549	1	1	0.905071	0.856167	0.549708	1
-0.0157237	-2.07531	0.0379667	0.0674567	0.645434	0.607468	0.482117	0.461679	0.322717	1
-0.00877946	-1.15808	0.24684	0.42825	1	1	0.991926	0.955766	0.559032	1
-0.0186551	-2.59218	0.0095415	0.102698	0.162205	0.162205	0.150395	0.150395	0.162205	0.557914
-0.00731243	-0.994757	0.319862	0.476201	1	1	0.998574	0.987124	0.607061	1
-0.0168575	-2.36031	0.0182662	0.0182662	0.310526	0.29226	0.26904	0.25544	0.143522	0.493653
0.00132756	0.184584	0.853556	0.853556	1	1	1	0.999478	0.906904	1
-0.0188915	-2.6506	0.00803917	0.0127068	0.136666	0.128627	0.12822	0.121155	0.0683329	0.235035
-0.0233404	-3.1334	0.0017296	0.00195768	0.0294031	0.0276735	0.0289998	0.0273174	0.0147016	0.0505668
0.00752621	1.06607	0.2864	0.517836	1	1	0.996773	0.937878	0.459035	1
-0.00686164	-0.963715	0.335197	0.335197	1	1	0.999032	0.98879	0.814049	1
-0.00336301	-0.446491	0.655246	0.655246	1	1	1	0.999855	0.941868	1
-0.00218874	-0.298891	0.765025	0.801974	1	1	1	0.999751	0.886326	1
-0.00858548	-1.14898	0.250573	0.250573	1	1	0.99258	0.987623	0.988931	1
-0.00116562	-0.152104	0.879106	0.879106	1	1	1	0.999985	0.970896	1
-0.013243	-1.73266	0.0831665	0.0831665	1	1	0.771473	0.750743	0.563304	1
8.72e-05	0.0111079	0.991137	0.995104	1	1	1	0.992717	0.991137	1
-0.0346511	-4.7094	2.49564e-06	2.49564e-06	4.24258e-05	3.99302e-05	4.2425e-05	3.99294e-05	2.12129e-05	7.29629e-05
-0.0373353	-4.9964	5.87392e-07	5.87392e-07	9.98567e-06	9.39828e-06	9.98562e-06	9.39824e-06	4.99284e-06	1.71731e-05
-0.0412532	-5.23559	1.65569e-07	1.65569e-07	2.81467e-06	2.81467e-06	2.81466e-06	2.81466e-06	2.81467e-06	9.68119e-06
0.0126632	1.87587	0.0606827	0.127404	1	0.788875	0.655008	0.556841	0.206321	0.709653
-0.0128363	-1.6245	0.104281	0.104281	1	1	0.846212	0.828308	0.633299	1
-0.00571692	-0.716461	0.473713	0.582191	1	1	0.999982	0.992275	0.671093	1
-0.00774559	-1.04129	0.297751	0.32411	1	1	0.997543	0.985616	0.81641	1
-0.00381289	-0.510919	0.609412	0.609412	1	1	1	0.999358	0.864331	1
-0.0154088	-2.0342	0.0419399	0.08452	0.712978	0.671038	0.5173	0.49617	0.356489	1
-0.0267246	-3.57069	0.000356605	0.00204353	0.00606228	0.00606228	0.00604502	0.00604502	0.00606228	0.0208515
-0.0130349	-1.68699	0.0916166	0.188043	1	1	0.804757	0.763387	0.39708	1
-0.00932292	-1.22698	0.219839	0.300398	1	1	0.985306	0.94916	0.622878	1
-0.0285461	-3.82653	0.000130228	0.000130228	0.00221387	0.00221387	0.00221157	0.00221157	0.00221387	0.00761472
-0.0293928	-3.8988	9.68817e-05	0.0184419	0.00164699	0.00164699	0.00164571	0.00164571	0.00164699	0.00566491
-0.0188138	-2.45804	0.0139752	0.186659	0.237579	0.223604	0.212786	0.201628	0.111457	0.383363
-0.0250092	-3.26122	0.00111057	0.00111057	0.0188797	0.0177692	0.0187129	0.0176219	0.00943987	0.0324689
-0.0260412	-3.34884	0.000812514	0.000812514	0.0138127	0.0138127	0.0137233	0.0137233	0.0138127	0.0475096
-0.0279158	-3.59674	0.000322748	0.00287285	0.00548672	0.00548672	0.00547258	0.00547258	0.00548672	0.0188719
-0.022308	-2.88914	0.00386569	0.0892868	0.0657168	0.0657168	0.0637232	0.0637232	0.0355015	0.122109
-0.016101	-2.04956	0.0404159	0.0404159	0.687071	0.646655	0.50408	0.483193	0.343535	1
-0.0254367	-3.5902	0.000330948	0.000744649	0.00562612	0.00529517	0.00561125	0.00528205	0.00281306	0.00967566
-0.0220618	-3.13584	0.00171528	0.00188461	0.0291597	0.0274445	0.028763	0.0270942	0.0145799	0.0501482
-0.0230054	-3.10692	0.00189223	0.018997	0.0321678	0.0321678	0.0316855	0.0316855	0.0321678	0.110643
-0.0281445	-3.72428	0.000196234	0.00699822	0.00333598	0.00333598	0.00333074	0.00333074	0.00333598	0.0114743
-0.033578	-4.33246	1.47934e-05	0.000124356	0.000251487	0.000251487	0.000251457	0.000251457	0.000251487	0.000865003
-0.0351496	-4.5615	5.09911e-06	0.000337799	8.66848e-05	8.66848e-05	8.66813e-05	8.66813e-05	8.66848e-05	0.000298157
-0.0298068	-4.05284	5.07268e-05	5.07268e-05	0.000862355	0.000862355	0.000862005	0.000862005	0.000862355	0.00296612
-0.0256232	-3.50012	0.000465719	0.00313877	0.00791722	0.00791722	0.0078878	0.0078878	0.00791722	0.0272317
-0.0203758	-2.69489	0.00704509	0.00946249	0.119766	0.119766	0.113248	0.113248	0.119766	0.411943
-0.0143253	-1.87227	0.0611795	0.0611795	1	1	0.658097	0.658097	0.936551	1
-0.0101589	-1.4721	0.141004	0.208174	1	1	0.924517	0.897702	0.681716	1
-0.00775701	-1.11328	0.265599	0.265599	1	1	0.994741	0.981923	0.892357	1
-0.00702454	-0.942273	0.34606	0.44844	1	1	0.999269	0.990648	0.642143	1
-0.0133017	-1.7707	0.0766211	0.0963242	1	1	0.742095	0.720695	0.541224	1
-0.00919407	-1.19792	0.230957	0.234549	1	1	0.988488	0.967088	0.65791	1
-0.00926206	-1.19455	0.232271	0.268838	1	1	0.988818	0.958073	0.658101	1
-0.00244972	-0.359441	0.719268	0.830806	1	1	1	0.996281	0.764222	1
0.00274044	0.400052	0.689121	0.7068	1	1	1	0.996846	0.781004	1
-0.0254321	-3.34215	0.000832341	0.00993743	0.0141498	0.0141498	0.014056	0.014056	0.0141498	0.0486689
-0.0252293	-3.25828	0.00112215	0.00155292	0.0190766	0.0190766	0.0189063	0.0189063	0.0190766	0.065615
-0.00805516	-1.15046	0.249964	0.249964	1	1	0.992477	0.98217	0.869754	1
-0.0107408	-1.51291	0.130313	0.130313	1	1	0.906853	0.876847	0.738441	1
0.00218203	0.283207	0.77702	0.822586	1	1	1	0.999449	0.962365	1
-0.0105861	-1.40103	0.161214	0.226382	1	1	0.949642	0.914668	0.685161	1
-0.0158238	-1.99011	0.0465876	0.0664119	0.791989	0.745402	0.555601	0.533885	0.395995	1
-0.0201763	-2.62887	0.00857127	0.0208867	0.145712	0.145712	0.136136	0.136136	0.145712	0.501183
-0.016055	-2.07947	0.0375831	0.0375831	0.638912	0.638912	0.478595	0.478595	0.408436	1
-0.00563572	-0.741958	0.458118	0.499499	1	1	0.99997	0.995972	0.678843	1
-0.0294142	-4.08936	4.33694e-05	4.33694e-05	0.000737279	0.00069391	0.000737023	0.000693684	0.000368639	0.00126795
-0.0343049	-4.58055	4.65621e-06	4.65621e-06	7.91556e-05	7.44994e-05	7.91527e-05	7.44968e-05	3.95778e-05	0.00013613
-0.0380065	-5.12835	2.94108e-07	1.46075e-05	4.99984e-06	4.99984e-06	4.99983e-06	4.99983e-06	4.99984e-06	1.71972e-05
0.0132004	1.95334	0.0507888	0.10323	0.86341	0.660255	0.587743	0.492172	0.172682	0.593949
-0.0146067	-1.85389	0.0637648	0.0637648	1	1	0.673754	0.673754	0.862826	1
-0.00853815	-1.0781	0.280999	0.280999	1	1	0.996332	0.986276	0.79829	1
-0.0108325	-1.46118	0.143977	0.143977	1	1	0.928837	0.902886	0.674001	1
-0.00385297	-0.520622	0.602634	0.602634	1	1	1	0.999833	0.982073	1
-0.0305289	-4.01002	6.08619e-05	0.00109128	0.00103465	0.00103465	0.00103415	0.00103415	0.00103465	0.00355874
-0.0341096	-4.47326	7.73198e-06	3.65836e-05	0.000131444	0.000131444	0.000131436	0.000131436	0.000131444	0.000452107
-0.0148391	-1.90374	0.0569531	0.274794	0.968202	0.825651	0.630966	0.572262	0.21815	0.750339
-0.017205	-2.26472	0.0235371	0.052509	0.400131	0.32952	0.332967	0.283559	0.100033	0.344068
-0.0264853	-3.57582	0.000349676	0.00304355	0.00594449	0.00594449	0.00592789	0.00592789	0.00594449	0.0204464
-0.0312195	-4.21264	2.53141e-05	0.00551488	0.000430341	0.000430341	0.000430253	0.000430253	0.000430341	0.00148018
-0.00823238	-1.17772	0.238919	0.238919	1	1	0.990355	0.981381	0.771374	1
-0.0084562	-1.19641	0.231546	0.366357	1	1	0.988637	0.974959	0.653362	1
-0.0149518	-2.07509	0.0379863	0.206831	0.645767	0.607781	0.482296	0.461854	0.310465	1
-0.0181421	-2.45095	0.0142537	0.0558541	0.242313	0.199552	0.216556	0.182077	0.0605781	0.208362
-0.0313732	-4.09679	4.20012e-05	0.00215329	0.00071402	0.00071402	0.00071378	0.00071378	0.00071402	0.00245591
-0.0201063	-2.59599	0.00943661	0.0165027	0.160422	0.150986	0.148865	0.140756	0.0802112	0.275891
-0.0279314	-3.96119	7.47494e-05	7.47494e-05	0.00127074	0.00119599	0.00126998	0.00119532	0.00063537	0.00218539
-0.0291182	-4.17635	2.97065e-05	2.97065e-05	0.000505011	0.000475304	0.000504891	0.000475198	0.000252505	0.000868506
-0.0230247	-3.35183	0.000803791	0.00489066	0.0136645	0.0128607	0.0135769	0.0127834	0.00683223	0.0234998
-0.025443	-3.68818	0.00022626	0.000426622	0.00384643	0.00362017	0.00383947	0.00361403	0.00192321	0.00661499
-0.0216794	-3.0247	0.00249092	0.00249092	0.0423456	0.0398547	0.0415122	0.0391188	0.0211728	0.072825
-0.0224771	-3.09962	0.00193945	0.00193945	0.0329707	0.0310313	0.0324641	0.030584	0.0164854	0.0567023
-0.028338	-3.87135	0.000108465	0.00312092	0.00184391	0.00184391	0.00184231	0.00184231	0.00184391	0.00634222
-0.0246103	-3.38619	0.000709626	0.00980505	0.0120636	0.0120636	0.0119954	0.0119954	0.0120636	0.0414935
-0.0253058	-3.33535	0.000852968	0.000852968	0.0145004	0.0145004	0.0144019	0.0144019	0.0145004	0.0498751
-0.0256106	-3.43176	0.000600479	0.00124741	0.0102081	0.0102081	0.0101593	0.0101593	0.0102081	0.0351115
-0.0149388	-2.06954	0.038504	0.038504	0.654568	0.616064	0.487012	0.466469	0.263531	0.906429
-0.0141921	-1.97189	0.0486308	0.0486308	0.826724	0.729462	0.571516	0.526591	0.275575	0.947854
-0.015968	-2.1406	0.0323142	0.13177	0.549342	0.484713	0.427884	0.389036	0.183114	0.62983
-0.024587	-3.27525	0.00105689	0.0100463	0.0179671	0.0169102	0.017816	0.0167768	0.00898354	0.0308994
-0.0103025	-1.33218	0.18281	0.204297	1	1	0.967679	0.940773	0.767171	1
-0.0127867	-1.62738	0.103667	0.273328	1	1	0.84441	0.806338	0.461237	1
-0.0210714	-3.02978	0.00244939	0.00978334	0.0416397	0.0391903	0.0408336	0.0384785	0.0208198	0.0716109
-0.0082909	-1.18829	0.23473	0.398815	1	1	0.989411	0.959656	0.523233	1
-0.0308871	-4.11189	3.93472e-05	0.000315333	0.000668902	0.000629555	0.000668692	0.000629369	0.000334451	0.00115036
-0.0332836	-4.41516	1.01286e-05	1.01286e-05	0.000172186	0.000162057	0.000172172	0.000162045	8.60928e-05	0.000296121
-0.00261112	-0.374959	0.707694	0.707694	1	1	1	0.999962	0.973313	1
-0.00732758	-1.04706	0.29508	0.367056	1	1	0.99738	0.989948	0.772905	1
-0.00874551	-1.11738	0.26384	0.354139	1	1	0.994523	0.986272	0.716536	1
-0.0151077	-1.97645	0.0481126	0.0616003	0.817914	0.769801	0.567531	0.545672	0.408957	1
-0.0158557	-2.13988	0.0323725	0.0323725	0.550332	0.51796	0.428469	0.409348	0.275166	0.946448
-0.0103697	-1.35225	0.176307	0.314172	1	1	0.963016	0.933821	0.688108	1
0.0146954	1.93576	0.0529071	0.0529071	0.89942	0.740699	0.603106	0.532807	0.224855	0.773401
-0.00202603	-0.267362	0.789192	0.81087	1	1	1	0.999719	0.842516	1
0.0455218	5.87722	4.21623e-09	4.21623e-09	7.16759e-08	6.74597e-08	7.16759e-08	6.74597e-08	3.5838e-08	1.23267e-07
0.0537477	6.71166	1.95844e-11	1.21648e-06	3.32934e-10	3.32934e-10	3.32934e-10	3.32934e-10	3.32934e-10	1.14514e-09
0.0401407	5.25953	1.45411e-07	8.4287e-06	2.47199e-06	2.32658e-06	2.47198e-06	2.32657e-06	1.23599e-06	4.25126e-06
0.0119172	1.51307	0.130271	0.202066	1	1	0.906777	0.837074	0.442922	1
0.00552728	0.723709	0.46925	0.499499	1	1	0.999979	0.998312	0.886361	1
0.00659965	0.858745	0.390488	0.499499	1	1	0.999779	0.98839	0.737588	1
0.0186763	2.77058	0.00559911	0.01629	0.0951848	0.0951848	0.0910383	0.0910383	0.0946196	0.325449
0.011296	1.72609	0.0843413	0.224469	1	1	0.7764	0.733311	0.391042	1
0.0401462	5.39083	7.06617e-08	7.06617e-08	1.20125e-06	1.20125e-06	1.20125e-06	1.20125e-06	1.20125e-06	4.13176e-06
0.0340291	4.60391	4.16336e-06	0.00149692	7.07772e-05	7.07772e-05	7.07748e-05	7.07748e-05	7.07772e-05	0.000243442
0.0412444	5.43769	5.43968e-08	5.43968e-08	9.24746e-07	9.24746e-07	9.24746e-07	9.24746e-07	9.24746e-07	3.18071e-06
0.0368637	4.73014	2.25384e-06	1.89845e-05	3.83152e-05	3.83152e-05	3.83145e-05	3.83145e-05	3.83152e-05	0.000131787
0.0364296	4.6763	2.93367e-06	2.93367e-06	4.98723e-05	4.98723e-05	4.98711e-05	4.98711e-05	4.98723e-05	0.000171538
0.0396102	5.01274	5.39652e-07	6.79845e-05	9.17408e-06	9.17408e-06	9.17404e-06	9.17404e-06	9.17408e-06	3.15547e-05
0.0276133	3.71218	0.000205852	0.000205852	0.00349949	0.00329364	0.00349373	0.00328856	0.00174975	0.00601834
0.0245997	3.28588	0.00101781	0.00101781	0.0173027	0.0162849	0.0171625	0.0161612	0.00865136	0.0297568
0.0324297	4.23918	2.25008e-05	2.25008e-05	0.000382514	0.000360013	0.000382445	0.000359952	0.000191257	0.000657839
0.0334656	4.31748	1.58325e-05	1.58325e-05	0.000269153	0.00025332	0.000269119	0.00025329	0.000134576	0.000462883
0.0306541	3.98779	6.68487e-05	6.68487e-05	0.00113643	0.00106958	0.00113582	0.00106904	0.000568214	0.0019544
0.0297031	3.79305	0.000149102	0.000916457	0.00253474	0.00238564	0.00253172	0.00238297	0.00126737	0.00435919
0.0345657	4.71448	2.43416e-06	2.43416e-06	4.13807e-05	3.89466e-05	4.13799e-05	3.89458e-05	2.06904e-05	7.11656e-05
0.0334006	4.53503	5.78176e-06	5.78176e-06	9.829e-05	9.25082e-05	9.82854e-05	9.25042e-05	4.9145e-05	0.000169037
0.0426088	5.73497	9.84653e-09	1.08656e-08	1.67391e-07	1.57544e-07	1.67391e-07	1.57544e-07	8.36955e-08	2.87875e-07
0.0381714	5.18603	2.16214e-07	2.16214e-07	3.67564e-06	3.45942e-06	3.67563e-06	3.45942e-06	1.83782e-06	6.32128e-06
0.0296108	3.94736	7.91974e-05	7.91974e-05	0.00134636	0.00126716	0.0013455	0.00126641	0.000673178	0.00231543
0.0289659	3.84069	0.000122942	0.000122942	0.00209001	0.00196707	0.00208796	0.00196526	0.00104501	0.00359436
0.0365561	4.83316	1.3505e-06	1.3505e-06	2.29584e-05	2.29584e-05	2.29582e-05	2.29582e-05	2.29584e-05	7.89667e-05
0.0298028	3.96312	7.41485e-05	0.000850525	0.00126052	0.00126052	0.00125978	0.00125978	0.00080492	0.00276857
0.0361596	4.70795	2.51337e-06	2.51337e-06	4.27272e-05	4.27272e-05	4.27263e-05	4.27263e-05	2.18066e-05	7.50049e-05
0.0322216	4.23318	2.31094e-05	0.00086985	0.00039286	0.00039286	0.000392787	0.000392787	0.00039286	0.00135126
0.0188857	2.61943	0.00881219	0.0221732	0.149807	0.140995	0.139697	0.132049	0.0749036	0.257635
0.0162432	2.26229	0.0236868	0.0236868	0.402676	0.378989	0.334703	0.318562	0.201338	0.692512
0.0205621	2.71761	0.00657938	0.00783909	0.111849	0.10527	0.106152	0.100232	0.0559247	0.192356
0.0263728	3.48006	0.000502016	0.00123655	0.00853427	0.00803226	0.00850008	0.00800208	0.00426714	0.014677
0.0108707	1.44502	0.148461	0.148461	1	1	0.934916	0.910244	0.717333	1
0.0139297	1.81416	0.0696627	0.121163	1	1	0.706987	0.661463	0.394755	1
0.0331547	4.2592	2.05781e-05	2.05781e-05	0.000349828	0.00032925	0.00034977	0.000329199	0.000174914	0.000601626
0.0335737	4.35891	1.31145e-05	1.31145e-05	0.000222946	0.000209832	0.000222923	0.000209811	0.000111473	0.000383418
0.0393378	5.07919	3.81316e-07	3.81316e-07	6.48238e-06	6.10106e-06	6.48236e-06	6.10104e-06	3.24119e-06	1.11482e-05
0.0369412	4.84273	1.28703e-06	9.03047e-05	2.18795e-05	2.05925e-05	2.18793e-05	2.05923e-05	1.09397e-05	3.76278e-05
0.013531	1.92046	0.054809	0.054809	0.931752	0.876943	0.61644	0.594199	0.398151	1
0.012959	1.85428	0.0637093	0.0709827	1	1	0.673426	0.651204	0.541529	1
0.0106073	1.41206	0.157943	0.157943	1	1	0.946197	0.909889	0.671259	1
0.0126644	1.71053	0.0871775	0.0871775	1	1	0.787887	0.767629	0.61848	1
0.0362979	4.90527	9.37887e-07	1.04775e-06	1.59441e-05	1.59441e-05	1.5944e-05	1.5944e-05	1.59441e-05	5.48405e-05
0.0299867	4.0231	5.75771e-05	0.00420249	0.00097881	0.00097881	0.000978359	0.000978359	0.00097881	0.00336667
-0.0168044	-2.58859	0.00964175	0.00964175	0.16391	0.16391	0.151856	0.151856	0.16391	0.563776
-0.00148639	-0.210348	0.833397	0.860343	1	1	1	0.994944	0.885485	1
0.00738616	0.964739	0.334683	0.54099	1	1	0.999019	0.961609	0.568962	1
0.0105221	1.34846	0.177521	0.201176	1	1	0.963932	0.940319	0.608824	1
0.0011036	0.148512	0.88194	0.88194	1	1	1	0.99996	0.991597	1
0.0128156	1.7386	0.082115	0.140203	1	1	0.766976	0.671718	0.279191	0.960292
-0.0166244	-2.11308	0.0346022	0.109358	0.588237	0.449828	0.45045	0.367323	0.117647	0.404654
-0.000259984	-0.0327362	0.973885	0.982629	1	1	1	0.999705	0.991006	1
-0.012634	-1.64857	0.0992457	0.312662	1	1	0.830836	0.768533	0.386242	1
-0.00275328	-0.355715	0.722057	0.781224	1	1	1	0.998876	0.818331	1
0.00175217	0.253505	0.799879	0.799879	1	1	1	0.99988	0.90653	1
-0.00253386	-0.355281	0.722381	0.789688	1	1	1	0.987621	0.722381	1
0.00855578	1.18939	0.234297	0.234297	1	1	0.989309	0.968898	0.759158	1
0.0170134	2.32901	0.019865	0.030118	0.337705	0.297975	0.289016	0.259904	0.112568	0.387185
0.00141612	0.189225	0.849918	0.874493	1	1	1	0.998567	0.96324	1
0.00520973	0.686992	0.492093	0.499499	1	1	0.99999	0.997751	0.889404	1
0.00107242	0.137161	0.890904	0.890904	1	1	1	0.999679	0.890904	1
0.00171329	0.217899	0.827509	0.841784	1	1	1	0.997843	0.87467	1
-0.0172111	-2.1811	0.0291836	0.131866	0.496121	0.437754	0.395591	0.358707	0.165374	0.568811
-0.0165808	-2.09442	0.0362311	0.0577551	0.615929	0.543467	0.466002	0.425098	0.190987	0.65691
7.62169e-07	0.000101088	0.999919	0.999932	1	1	1	0.999997	0.999919	1
0.00218285	0.290666	0.771309	0.776565	1	1	1	0.999734	0.921801	1
0.00422708	0.529334	0.596578	0.596578	1	1	1	0.998714	0.72215	1
0.0168642	2.12476	0.0336151	0.0538311	0.571457	0.537842	0.440819	0.421368	0.275117	0.946278
0.0212929	2.72579	0.00641853	0.00641853	0.109115	0.102696	0.103688	0.0978978	0.0545575	0.187653
0.00794465	1.02179	0.306888	0.499499	1	1	0.998034	0.967289	0.579677	1
-0.00227023	-0.311689	0.755279	0.755279	1	1	1	0.999902	0.941624	1
0.00135593	0.18142	0.856039	0.856039	1	1	1	0.999993	0.94556	1
0.0114984	1.48385	0.13786	0.356932	1	1	0.91968	0.83137	0.368499	1
0.0173844	2.2495	0.0244879	0.122865	0.416294	0.342831	0.343922	0.293264	0.104074	0.357966
0.0103397	1.36761	0.171445	0.269331	1	1	0.959124	0.873661	0.416366	1
0.0145071	1.91763	0.0551679	0.111711	0.937855	0.723607	0.618909	0.524305	0.187571	0.64516
0.00427066	0.55643	0.577921	0.654457	1	1	1	0.994783	0.701761	1
0.00612019	0.793758	0.427343	0.499499	1	1	0.999923	0.993377	0.807203	1
0.0129697	1.67237	0.0944619	0.148211	1	1	0.814897	0.755685	0.381305	1
0.00555024	0.721802	0.470422	0.525111	1	1	0.99998	0.994847	0.799717	1
0.0108356	1.47699	0.13969	0.222959	1	1	0.92253	0.878334	0.453249	1
0.00444167	0.612292	0.540349	0.555182	1	1	0.999998	0.998278	0.793379	1
0.0145704	2.00882	0.0445656	0.111097	0.757615	0.713049	0.539303	0.517815	0.378807	1
0.00597936	0.830375	0.406334	0.428885	1	1	0.999859	0.996772	0.874301	1
0.00375094	0.473124	0.636128	0.789421	1	1	1	0.997679	0.864742	1
0.00492867	0.614874	0.538643	0.540328	1	1	0.999998	0.997965	0.784216	1
-0.00999175	-1.24781	0.212112	0.504928	1	1	0.982626	0.87504	0.360591	1
-0.00140655	-0.175218	0.86091	0.905605	1	1	1	0.999663	0.914716	1
0.00262615	0.331722	0.740101	0.740101	1	1	1	0.999134	0.95797	1
-0.00417842	-0.532729	0.594225	0.74534	1	1	1	0.997318	0.831586	1
0.0127084	1.59796	0.110062	0.110062	1	1	0.862243	0.753216	0.311843	1
-0.0107225	-1.3652	0.1722	0.1722	1	1	0.959753	0.91429	0.585479	1
0.00092313	0.123677	0.901572	0.925773	1	1	1	0.990131	0.901572	1
-0.00428562	-0.54931	0.582797	0.610048	1	1	1	0.9978	0.831317	1
0.00324322	0.4681	0.639716	0.687986	1	1	1	0.996303	0.776798	1
-0.00155331	-0.232023	0.816522	0.856119	1	1	1	0.995459	0.874164	1
-0.00990351	-1.37	0.170698	0.196191	1	1	0.958493	0.912246	0.527362	1
0.013472	2.02164	0.0432228	0.15337	0.734788	0.562528	0.528172	0.436958	0.146958	0.505468
-0.0119373	-1.49437	0.135088	0.270693	1	1	0.915176	0.868899	0.55733	1
-0.00652797	-0.81532	0.414896	0.414896	1	1	0.99989	0.995297	0.881653	1
0.00332084	0.445094	0.656255	0.76955	1	1	1	0.98765	0.743756	1
0.000914523	0.125687	0.89998	0.920389	1	1	1	0.99399	0.945763	1
0.00566421	0.725345	0.468246	0.638142	1	1	0.999978	0.966988	0.612322	1
-0.00497717	-0.659871	0.509342	0.618258	1	1	0.999994	0.993154	0.711487	1
0.00243705	0.328607	0.742455	0.824486	1	1	1	0.998867	0.886062	1
-0.00579424	-0.803372	0.421766	0.499499	1	1	0.99991	0.992773	0.796669	1
0.00221997	0.303125	0.761797	0.761797	1	1	1	0.99999	0.967519	1
-0.00560871	-0.739845	0.4594	0.54903	1	1	0.999971	0.991583	0.66407	1
0.013464	1.88436	0.0595254	0.110191	1	0.892881	0.64771	0.601704	0.33731	1
0.00861446	1.16032	0.245929	0.245929	1	1	0.991759	0.974511	0.802736	1
0.0052558	0.762197	0.445948	0.445948	1	1	0.999956	0.999076	0.985333	1
0.00258706	0.358324	0.720104	0.720104	1	1	1	0.999969	0.901456	1
-0.00351416	-0.472834	0.636335	0.730917	1	1	1	0.999159	0.953804	1
0.0126515	1.63483	0.102095	0.206216	1	1	0.839705	0.778574	0.433902	1
0.0185921	2.63517	0.00841385	0.0150975	0.143035	0.126208	0.133801	0.119039	0.0476785	0.163993
0.0131846	1.8729	0.0610914	0.236228	1	0.794189	0.657551	0.559341	0.174785	0.601184
0.00241979	0.383806	0.701125	0.76822	1	1	1	0.99055	0.768547	1
-0.00138531	-0.206243	0.836603	0.885595	1	1	1	0.999819	0.94815	1
0.00443228	0.641558	0.521165	0.607189	1	1	0.999996	0.993461	0.70349	1
0.00387846	0.53755	0.590891	0.590891	1	1	1	0.99891	0.760047	1
-0.00386616	-0.536795	0.591413	0.790746	1	1	1	0.952229	0.670268	1
-0.00730952	-0.990279	0.322046	0.459827	1	1	0.99865	0.979488	0.684347	1
0.0237936	3.34442	0.000825562	0.0153169	0.0140346	0.013209	0.0139422	0.0131275	0.00701728	0.0241363
0.00810773	1.07848	0.280828	0.499499	1	1	0.996317	0.948537	0.488758	1
0.00927212	1.2404	0.214836	0.35042	1	1	0.98362	0.9657	0.698355	1
0.00454255	0.597306	0.550308	0.550308	1	1	0.999999	0.999596	0.930463	1
0.00377265	0.51887	0.603855	0.603855	1	1	1	0.998746	0.74874	1
0.00232455	0.31649	0.751633	0.847514	1	1	1	0.985623	0.85185	1
0.00052251	0.0667816	0.946756	0.946893	1	1	1	0.999573	0.946756	1
0.00826599	1.08067	0.279853	0.279853	1	1	0.996232	0.992734	0.99958	1
0.00354936	0.500117	0.616996	0.72274	1	1	1	0.996843	0.807695	1
0.0179647	2.54621	0.010895	0.0560665	0.185214	0.174319	0.169918	0.160774	0.0926071	0.318527
0.00679876	0.990384	0.321994	0.404048	1	1	0.998648	0.986082	0.781986	1
-3.74336e-06	-0.000495457	0.999605	0.999605	1	1	1	0.999862	0.999605	1
0.0126289	1.7464	0.0807512	0.0807512	1	1	0.76102	0.753354	0.627401	1
0.00669319	0.910098	0.362778	0.499499	1	1	0.999529	0.992677	0.621417	1
0.00383242	0.484896	0.627754	0.627754	1	1	1	0.999949	0.968273	1
0.00230034	0.290161	0.771695	0.800207	1	1	1	0.99938	0.936665	1
0.000407023	0.0526265	0.95803	0.95803	1	1	1	0.999985	0.990985	1
0.00326903	0.414832	0.678268	0.678268	1	1	1	0.99997	0.991541	1
0.00166749	0.212234	0.831926	0.831926	1	1	1	0.999859	0.883922	1
0.000544424	0.0691206	0.944894	0.944894	1	1	1	0.999956	0.958503	1
0.00746203	0.941725	0.346341	0.463885	1	1	0.999274	0.987433	0.668503	1
0.00749859	0.965426	0.334339	0.334339	1	1	0.999011	0.994605	0.858206	1
0.00706512	0.894191	0.371227	0.451397	1	1	0.999625	0.993927	0.70248	1
0.00368475	0.466672	0.640738	0.650968	1	1	1	0.998375	0.804111	1
0.0114531	1.44051	0.149733	0.396252	1	1	0.936549	0.867823	0.424244	1
0.00669291	0.871065	0.383725	0.383725	1	1	0.999733	0.99513	0.857473	1
0.00868699	1.09968	0.271482	0.40071	1	1	0.995413	0.977518	0.659313	1
0.0094273	1.19648	0.23152	0.23152	1	1	0.98863	0.957578	0.63575	1
0.00580734	0.736246	0.461587	0.461587	1	1	0.999973	0.999407	0.879956	1
0.0103735	1.32115	0.186463	0.186463	1	1	0.970049	0.954746	0.955624	1
0.0207989	2.61445	0.00894145	0.00894145	0.152005	0.152005	0.141603	0.141603	0.152005	0.522828
0.0083769	1.08968	0.275864	0.275864	1	1	0.995861	0.966894	0.58621	1
0.0075917	0.98013	0.32703	0.32703	1	1	0.998809	0.996092	0.831054	1
0.0092803	1.21833	0.223109	0.357911	1	1	0.986319	0.919906	0.474107	1
0.0139313	1.80192	0.0715672	0.0715672	1	1	0.717019	0.695205	0.608321	1
0.00566566	0.747701	0.454646	0.571004	1	1	0.999967	0.992176	0.772899	1
0.00200429	0.260254	0.79467	0.79467	1	1	1	0.999992	0.953065	1
0.0125862	1.61652	0.105992	0.156864	1	1	0.851132	0.766957	0.360374	1
0.00737438	0.938798	0.347842	0.559452	1	1	0.999302	0.967279	0.591331	1
0.00149327	0.193942	0.846222	0.846222	1	1	1	0.999976	0.986698	1
0.00792104	1.06815	0.28546	0.28546	1	1	0.9967	0.987343	0.903828	1
0.00848518	1.12666	0.259896	0.259896	1	1	0.994002	0.982657	0.858593	1
0.00257031	0.337693	0.735597	0.735597	1	1	1	0.999555	0.961935	1
0.00891734	1.21195	0.225539	0.442836	1	1	0.987029	0.922376	0.479271	1
0.00538032	0.674431	0.500043	0.500043	1	1	0.999992	0.999024	0.900925	1
-0.0061467	-0.825717	0.408971	0.558026	1	1	0.999869	0.985111	0.695251	1
0.00123883	0.163521	0.870109	0.87216	1	1	1	0.999929	0.96197	1
0.0166717	2.20516	0.0274505	0.0514369	0.466659	0.439209	0.376984	0.3594	0.23333	0.802549
0.0134702	1.77894	0.0752594	0.115341	1	1	0.735553	0.66559	0.319852	1
0.0122536	1.62065	0.105104	0.170121	1	1	0.848596	0.788739	0.339308	1
0.010029	1.3059	0.191598	0.362605	1	1	0.973105	0.937026	0.440388	1
0.00315924	0.425014	0.670829	0.728413	1	1	1	0.998599	0.819294	1
0.00281943	0.375837	0.707041	0.707041	1	1	1	0.999946	0.980739	1
0.016249	2.23306	0.0255519	0.10532	0.434383	0.408831	0.355982	0.339095	0.177878	0.611822
0.00395117	0.5088	0.610896	0.610896	1	1	1	0.999796	0.989962	1
0.00521352	0.703472	0.481767	0.620416	1	1	0.999986	0.989961	0.659129	1
0.0118289	1.55992	0.11879	0.247512	1	1	0.883493	0.849965	0.488705	1
0.00711066	0.948851	0.342704	0.442086	1	1	0.999202	0.990106	0.743817	1
-0.00215329	-0.271015	0.786382	0.856654	1	1	1	0.997918	0.93188	1
0.0049771	0.676682	0.498613	0.639354	1	1	0.999992	0.984113	0.660185	1
0.00499716	0.659476	0.509595	0.509595	1	1	0.999995	0.998359	0.962568	1
0.0105665	1.47363	0.140593	0.224579	1	1	0.9239	0.896965	0.725733	1
0.00741703	0.984657	0.324801	0.445875	1	1	0.99874	0.986703	0.658419	1
0.0076662	0.995563	0.31947	0.31947	1	1	0.99856	0.993286	0.721238	1
0.00464472	0.604089	0.545789	0.710813	1	1	0.999999	0.991219	0.773201	1
-0.00406565	-0.52957	0.596414	0.596414	1	1	1	0.999386	0.935909	1
0.0147283	1.88284	0.0597321	0.0864911	1	1	0.649024	0.649024	0.601327	1
0.0157396	2.07701	0.0378088	0.136336	0.642749	0.567131	0.48067	0.439054	0.21425	0.736923
0.00523499	0.671926	0.501636	0.521383	1	1	0.999993	0.997181	0.852781	1
0.00542686	0.72854	0.466289	0.613971	1	1	0.999977	0.987665	0.663329	1
0.0198997	2.53998	0.0110909	0.0141812	0.188545	0.177455	0.172709	0.163431	0.0942727	0.324256
0.0158761	2.0739	0.0380966	0.165864	0.647642	0.571449	0.483304	0.441566	0.215881	0.742532
0.0171607	2.24273	0.0249214	0.116419	0.423664	0.354346	0.348861	0.301345	0.0915096	0.314752
-0.000730421	-0.0961041	0.923439	0.923439	1	1	1	0.999998	0.923439	1
0.00690353	0.909415	0.363138	0.528642	1	1	0.999534	0.984189	0.602541	1
0.00946979	1.24672	0.212509	0.499499	1	1	0.982774	0.883531	0.401406	1
-0.00333917	-0.496037	0.619872	0.624336	1	1	1	0.998005	0.702521	1
0.00407508	0.5385	0.590236	0.698056	1	1	1	0.995266	0.836168	1
0.00916663	1.21588	0.224038	0.379314	1	1	0.986594	0.945407	0.510451	1
0.00908031	1.20009	0.230113	0.294264	1	1	0.988271	0.974297	0.745676	1
-0.00268062	-0.359732	0.71905	0.71905	1	1	1	0.999989	0.965553	1
0.00406992	0.568727	0.569546	0.649211	1	1	0.999999	0.996167	0.747009	1
0.00386196	0.519921	0.603122	0.603122	1	1	1	0.998798	0.802958	1
0.00551913	0.743322	0.457293	0.499499	1	1	0.999969	0.995916	0.863775	1
0.0116331	1.54764	0.12172	0.148854	1	1	0.889907	0.789334	0.344874	1
0.0122237	1.6838	0.0922298	0.311102	1	1	0.806985	0.715759	0.313581	1
0.0161367	2.11558	0.0343891	0.0343891	0.584615	0.515836	0.448384	0.408394	0.194872	0.670271
0.00939478	1.2578	0.208475	0.435842	1	1	0.981211	0.903474	0.44301	1
0.00611947	0.843373	0.399027	0.482446	1	1	0.999826	0.993863	0.682803	1
0.00915278	1.35247	0.176236	0.176236	1	1	0.962962	0.933742	0.697467	1
0.0101566	1.50159	0.133213	0.133213	1	1	0.911995	0.882866	0.754875	1
0.00173138	0.225204	0.821822	0.821822	1	1	1	0.999726	0.931399	1
-9.93645e-05	-0.0142177	0.988656	0.990007	1	1	1	0.995534	0.988656	1
0.00411768	0.621917	0.534001	0.534001	1	1	0.999998	0.998334	0.876905	1
-0.00277426	-0.296577	0.766792	0.821215	1	1	1	0.999839	0.980384	1
0.0122221	1.30274	0.192676	0.192676	1	1	0.973708	0.950034	0.818872	1
-0.00951453	-1.00346	0.315652	0.513403	1	1	0.998416	0.968362	0.536608	1
-0.00274037	-0.289233	0.772406	0.817455	1	1	1	0.989532	0.820681	1
0.00188844	0.2004	0.84117	0.867074	1	1	1	0.999709	0.894868	1
-0.0100469	-1.05798	0.290074	0.290074	1	1	0.997045	0.988365	0.810557	1
-6.86614e-05	-0.00732134	0.994159	0.994159	1	1	1	0.999966	0.998809	1
0.000333715	0.0353718	0.971784	0.973264	1	1	1	0.999145	0.971784	1
0.00111017	0.117639	0.906355	0.932427	1	1	1	0.991231	0.938527	1
0.00220953	0.23425	0.814793	0.837871	1	1	1	0.996646	0.890488	1
-0.00509783	-0.540339	0.588969	0.588969	1	1	1	0.999185	0.861603	1
-0.010375	-1.09796	0.272232	0.32747	1	1	0.995493	0.969667	0.661136	1
0.00351001	0.371488	0.710277	0.710277	1	1	1	0.999829	0.919154	1
0.00601653	0.640668	0.521745	0.521745	1	1	0.999996	0.999634	0.885224	1
0.00212053	0.223433	0.8232	0.834183	1	1	1	0.999905	0.942033	1
-0.0128434	-1.37	0.170702	0.170702	1	1	0.958497	0.949954	0.851976	1
-0.0154604	-1.65673	0.0975874	0.269058	1	1	0.825463	0.785673	0.552995	1
0.0113835	1.21049	0.226105	0.226105	1	1	0.987189	0.978609	0.927416	1
0.00192883	0.204485	0.837976	0.837976	1	1	1	0.999944	0.988065	1
0.00700232	0.740068	0.459266	0.459266	1	1	0.999971	0.998418	0.961005	1
0.00178402	0.187817	0.851022	0.878996	1	1	1	0.999116	0.904211	1
-0.000948179	-0.100228	0.920164	0.950818	1	1	1	0.997414	0.949894	1
0.00522703	0.55353	0.579906	0.579906	1	1	1	0.999474	0.849906	1
-0.0107767	-1.13548	0.256185	0.256185	1	1	0.99347	0.97132	0.725858	1
-0.00799772	-0.842886	0.399301	0.499499	1	1	0.999827	0.989816	0.721034	1
-0.00811667	-0.865282	0.386893	0.592907	1	1	0.999756	0.967435	0.597926	1
-0.000940214	-0.0993701	0.920845	0.937138	1	1	1	0.993735	0.978398	1
-0.00694852	-0.747251	0.45492	0.45492	1	1	0.999967	0.999312	0.968056	1
-0.00214796	-0.228386	0.819348	0.819348	1	1	1	0.99995	0.924416	1
0.0163419	1.73542	0.0826797	0.187859	1	1	0.769401	0.674334	0.248152	0.853533
0.0107333	1.13545	0.2562	0.449541	1	1	0.993472	0.948173	0.544426	1
-0.0140261	-1.48275	0.138156	0.399305	1	1	0.920147	0.855264	0.384664	1
0.00142392	0.15091	0.880048	0.895571	1	1	1	0.999103	0.880048	1
0.00538531	0.568279	0.569851	0.569851	1	1	0.999999	0.999523	0.854373	1
-0.003298	-0.350784	0.725754	0.725754	1	1	1	0.999899	0.922274	1
-0.00241006	-0.254326	0.799246	0.832678	1	1	1	0.999674	0.93253	1
0.0092978	0.9845	0.324881	0.324881	1	1	0.998743	0.98672	0.726866	1
0.000328271	0.0352528	0.971878	0.982171	1	1	1	0.983282	0.971878	1
-0.0154864	-1.63431	0.102207	0.300374	1	1	0.840047	0.821838	0.520214	1
0.00538948	0.575695	0.564827	0.564827	1	1	0.999999	0.99944	0.974704	1
-0.0149445	-1.57439	0.115413	0.229768	1	1	0.875665	0.841105	0.590574	1
0.00259582	0.273874	0.784184	0.784184	1	1	1	0.999945	0.982399	1
-0.00535479	-0.562782	0.573589	0.573589	1	1	0.999999	0.999534	0.970683	1
0.00921787	0.986907	0.323699	0.323699	1	1	0.998705	0.990845	0.917147	1
0.00390743	0.418467	0.67561	0.695004	1	1	1	0.997369	0.852547	1
0.014508	1.53603	0.124545	0.126504	1	1	0.895774	0.895774	0.607306	1
0.00274426	0.290206	0.771661	0.771661	1	1	1	0.999968	0.999844	1
-0.0182627	-1.92687	0.0540087	0.0586225	0.918148	0.918148	0.610882	0.610882	0.8576	1
9.17545e-05	0.00972299	0.992242	0.992242	1	1	1	0.999998	0.992242	1
-0.00347947	-0.365531	0.714719	0.729898	1	1	1	0.999577	0.870591	1
0.00309333	0.326566	0.743999	0.799626	1	1	1	0.99612	0.812321	1
-0.00181748	-0.190673	0.848784	0.906887	1	1	1	0.997968	0.881238	1
0.00217279	0.232653	0.816033	0.845275	1	1	1	0.998855	0.948422	1
-0.00109361	-0.116053	0.907612	0.907612	1	1	1	0.999967	0.983694	1
0.00531258	0.563743	0.572935	0.687224	1	1	0.999999	0.997409	0.819798	1
0.0138032	1.48061	0.138726	0.211763	1	1	0.92104	0.856504	0.471667	1
0.00253278	0.26936	0.787655	0.825575	1	1	1	0.999903	0.92911	1
-0.00682271	-0.737897	0.460585	0.460585	1	1	0.999972	0.99846	0.839256	1
-0.000815226	-0.0860679	0.931413	0.950791	1	1	1	0.999984	0.95977	1
-0.00214312	-0.225744	0.821402	0.821402	1	1	1	0.999147	0.907068	1
-0.0152891	-1.6196	0.105333	0.166751	1	1	0.849253	0.831505	0.685471	1
-0.00644169	-0.683689	0.494178	0.494178	1	1	0.999991	0.999236	0.898504	1
0.000125646	0.0134318	0.989283	0.990646	1	1	1	0.999776	0.989283	1
-0.00107869	-0.113646	0.909519	0.909519	1	1	1	0.999139	0.909519	1
0.0115499	1.22485	0.220643	0.33318	1	1	0.985562	0.976229	0.741826	1
-0.000122038	-0.0129847	0.98964	0.98964	1	1	1	0.999982	0.98964	1
0.000603345	0.0638924	0.949056	0.969453	1	1	1	0.997405	0.953181	1
-0.00763417	-0.813424	0.415983	0.415983	1	1	0.999893	0.995384	0.883965	1
-0.00443341	-0.470211	0.638209	0.765226	1	1	1	0.975192	0.674427	1
0.00530156	0.563699	0.572965	0.572965	1	1	0.999999	0.999528	0.821639	1
-0.00412767	-0.442606	0.658055	0.658055	1	1	1	0.999978	0.920764	1
-0.0117428	-1.23705	0.21608	0.21608	1	1	0.984055	0.974054	0.994284	1
-0.00905406	-0.956627	0.338766	0.338766	1	1	0.999117	0.993013	0.854268	1
0.00432827	0.4606	0.64509	0.650463	1	1	1	0.999088	0.912509	1
0.0111526	1.18308	0.236789	0.289387	1	1	0.989885	0.96094	0.646591	1
0.0221266	2.34964	0.0188004	0.0697694	0.319606	0.300806	0.275772	0.261895	0.159803	0.549651
0.0169247	1.78217	0.0747357	0.131162	1	1	0.732996	0.711429	0.498831	1
0.00785415	0.838394	0.401819	0.401819	1	1	0.999839	0.998744	0.914198	1
-0.0127629	-1.37938	0.16779	0.16779	1	1	0.955949	0.955949	0.963588	1
-0.00845001	-0.885489	0.375902	0.44693	1	1	0.999669	0.993625	0.798792	1
0.0138113	1.47227	0.140962	0.140962	1	1	0.924455	0.880829	0.59909	1
-0.0030385	-0.319647	0.749239	0.749239	1	1	1	0.999329	0.829338	1
0.0104381	1.10648	0.26853	0.389843	1	1	0.995087	0.976538	0.687848	1
0.00297715	0.31454	0.753114	0.782598	1	1	1	0.99803	0.795661	1
-0.000739491	-0.0786105	0.937343	0.937343	1	1	1	0.999977	0.953563	1
-0.00194277	-0.203551	0.838706	0.871356	1	1	1	0.999781	0.892011	1
-0.00132788	-0.139969	0.888686	0.888686	1	1	1	0.999985	0.933063	1
-0.0161648	-1.71488	0.0863813	0.0863813	1	1	0.78472	0.78472	0.89564	1
-0.00852365	-0.909519	0.363086	0.483858	1	1	0.999533	0.989015	0.653804	1
-0.0018643	-0.198165	0.842918	0.842918	1	1	1	0.999987	0.931171	1
-0.00643634	-0.685387	0.493107	0.556569	1	1	0.99999	0.995351	0.698568	1
-0.0144293	-1.5784	0.114487	0.202122	1	1	0.873436	0.838593	0.648761	1
-0.000752363	-0.0809526	0.93548	0.93548	1	1	1	0.999938	0.936671	1
0.0103026	1.11771	0.263702	0.328157	1	1	0.994506	0.986236	0.761108	1
-0.000431428	-0.0457597	0.963502	0.973193	1	1	1	0.999951	0.990092	1
0.00761107	0.808764	0.418659	0.418659	1	1	0.999901	0.999134	0.871072	1
-0.000197672	-0.0209773	0.983264	0.983264	1	1	1	0.999978	0.994721	1
0.00241016	0.256205	0.797795	0.819441	1	1	1	0.999662	0.940153	1
-0.00357292	-0.376371	0.706645	0.822407	1	1	1	0.998902	0.841002	1
-0.00414944	-0.450907	0.652061	0.725085	1	1	1	0.994064	0.739003	1
-0.00863975	-0.923868	0.355565	0.355565	1	1	0.99943	0.998435	0.924126	1
-0.0060307	-0.641323	0.52132	0.52132	1	1	0.999996	0.999772	0.887052	1
-0.00178399	-0.19283	0.847094	0.847094	1	1	1	0.999935	0.95662	1
-0.00360193	-0.38286	0.701827	0.763919	1	1	1	0.998743	0.852219	1
0.0117941	1.27068	0.203855	0.286932	1	1	0.979257	0.958895	0.716189	1
-0.00408796	-0.433111	0.664938	0.762769	1	1	1	0.998585	0.941996	1
0.00230355	0.244936	0.806508	0.806508	1	1	1	0.999974	0.985336	1
0.00171351	0.181269	0.856158	0.893422	1	1	1	0.997606	0.909668	1
0.00537647	0.56858	0.569647	0.569647	1	1	0.999999	0.999962	0.91621	1
0.0028101	0.296068	0.767181	0.767181	1	1	1	0.999857	0.986549	1
0.00121981	0.128497	0.897757	0.897757	1	1	1	0.999901	0.928807	1
0.0135429	1.42547	0.154036	0.154036	1	1	0.941792	0.931194	0.847063	1
0.0046894	0.493339	0.621778	0.621778	1	1	1	0.999322	0.92939	1
-0.00612636	-0.652304	0.514211	0.514211	1	1	0.999995	0.99988	0.926693	1
-0.0123692	-1.31437	0.188734	0.188734	1	1	0.971439	0.918724	0.534745	1
-0.0102327	-1.08107	0.279679	0.279679	1	1	0.996216	0.994747	0.989097	1
-0.00880978	-0.939143	0.347667	0.370613	1	1	0.999299	0.994062	0.812085	1
0.00383815	0.406706	0.684228	0.684228	1	1	1	0.999901	0.938565	1
0.00453978	0.481785	0.629963	0.711727	1	1	1	0.996627	0.823798	1
0.00103508	0.109582	0.912742	0.912742	1	1	1	0.999881	0.979276	1
0.0105433	1.14063	0.254037	0.254037	1	1	0.993142	0.977852	0.863724	1
0.0049178	0.535848	0.592069	0.592069	1	1	1	0.999687	0.988046	1
-0.00179253	-0.193115	0.846871	0.85436	1	1	1	0.99945	0.93441	1
-0.0177434	-1.8782	0.0603663	0.0603663	1	0.905495	0.653027	0.607013	0.342076	1
-0.00599953	-0.637554	0.523771	0.523771	1	1	0.999997	0.99874	0.850342	1
0.000886192	0.0936366	0.925399	0.925399	1	1	1	0.999983	0.928968	1
0.00265904	0.281146	0.778601	0.79115	1	1	1	0.999786	0.942191	1
-0.00160736	-0.172452	0.863083	0.863083	1	1	1	0.99959	0.904116	1
0.0038468	0.417111	0.676601	0.676601	1	1	1	0.999616	0.81779	1
-0.00454745	-0.482011	0.629803	0.730099	1	1	1	0.989103	0.764761	1
-0.00394204	-0.415841	0.677531	0.677531	1	1	1	0.999059	0.886001	1
-0.0016308	-0.17181	0.863588	0.863588	1	1	1	0.998928	0.863588	1
0.0204286	2.17617	0.0295532	0.0456009	0.502404	0.443298	0.399491	0.362359	0.167468	0.576016
-0.0137066	-1.47769	0.139505	0.278791	1	1	0.922246	0.894991	0.612018	1
-0.00466457	-0.499769	0.617242	0.678309	1	1	1	0.994817	0.777343	1
-0.00991852	-1.04577	0.295678	0.566075	1	1	0.997417	0.939442	0.479701	1
0.00592976	0.651419	0.514783	0.561315	1	1	0.999995	0.995311	0.714896	1
-0.0161281	-1.7142	0.0865052	0.0865052	1	1	0.785215	0.74261	0.490196	1
-0.0014532	-0.158355	0.874178	0.874178	1	1	1	0.999696	0.928815	1
-0.00332282	-0.351755	0.725025	0.725025	1	1	1	0.999988	0.919611	1
0.00949714	1.00575	0.314546	0.49669	1	1	0.998372	0.977103	0.600117	1
0.00416678	0.442091	0.658428	0.658428	1	1	1	0.999652	0.870497	1
0.0146541	1.54723	0.121822	0.121822	1	1	0.890123	0.83776	0.517742	1
-0.0032774	-0.344705	0.73032	0.73032	1	1	1	0.999615	0.859998	1
0.00318533	0.348663	0.727346	0.727346	1	1	1	0.999899	0.913258	1
-0.0164339	-1.75042	0.0800599	0.0800599	1	1	0.757946	0.757946	0.718664	1
-0.00858363	-0.906252	0.364812	0.364812	1	1	0.999554	0.99726	0.932972	1
-0.0166469	-1.78135	0.0748686	0.0748686	1	1	0.733647	0.733647	0.655477	1
0.00335034	0.357812	0.720487	0.720487	1	1	1	0.999956	0.996794	1
0.0121104	1.319	0.187181	0.187181	1	1	0.970495	0.955341	0.935802	1
0.025526	2.72981	0.00634199	0.00634199	0.107814	0.107814	0.102513	0.102513	0.107814	0.370831
0.00739739	0.778392	0.436346	0.61068	1	1	0.999941	0.981925	0.625785	1
-0.00085223	-0.0905957	0.927815	0.930392	1	1	1	0.998827	0.927815	1
0.0039733	0.420324	0.674253	0.674253	1	1	1	0.999932	0.970784	1
-0.0176585	-1.866	0.0620548	0.230038	1	0.964336	0.663475	0.630136	0.277879	0.955781
-0.00632166	-0.672472	0.50129	0.50129	1	1	0.999993	0.999048	0.925434	1
-0.00769347	-0.816873	0.41401	0.499499	1	1	0.999887	0.993038	0.782019	1
-0.0113408	-1.19779	0.231012	0.231012	1	1	0.988502	0.985048	0.918632	1
-0.00194069	-0.204458	0.837997	0.837997	1	1	1	0.999764	0.940688	1
-0.000314349	-0.0333888	0.973365	0.973365	1	1	1	0.99965	0.992631	1
-0.0095968	-1.01	0.312507	0.348403	1	1	0.998288	0.99462	0.882153	1
0.015266	1.60792	0.107866	0.293476	1	1	0.856349	0.753066	0.305621	1
0.00426153	0.454801	0.649257	0.649257	1	1	1	0.99982	0.849028	1
-0.000273458	-0.0291093	0.976778	0.976778	1	1	1	0.999938	0.976778	1
-6.79176e-05	-0.00727479	0.994196	0.994946	1	1	1	0.999966	0.995732	1
0.00555417	0.584664	0.55878	0.55878	1	1	0.999999	0.999662	0.936393	1
0.00121075	0.127298	0.898706	0.898706	1	1	1	0.999944	0.943088	1
0.000303167	0.0319516	0.974511	0.979958	1	1	1	0.999083	0.974511	1
0.0100679	1.06069	0.28884	0.28884	1	1	0.996956	0.988099	0.843662	1
0.00169889	0.180232	0.856972	0.856972	1	1	1	0.999976	0.993964	1
-0.00258965	-0.272622	0.785146	0.785146	1	1	1	0.999787	0.80632	1
0.00200095	0.222327	0.824061	0.864702	1	1	1	0.991263	0.824061	1
-0.00701065	-0.74945	0.453594	0.453594	1	1	0.999966	0.998453	0.842154	1
0.0113187	1.21277	0.225229	0.407273	1	1	0.98694	0.971918	0.595766	1
-0.01223	-1.30486	0.191954	0.215929	1	1	0.973306	0.937386	0.611142	1
0.00986453	1.04403	0.296485	0.499499	1	1	0.997467	0.979958	0.503934	1
0.0149024	1.57826	0.114519	0.362907	1	1	0.873512	0.817816	0.343955	1
0.0192237	2.0529	0.0400937	0.0744202	0.681593	0.681593	0.501242	0.501242	0.573575	1
-0.0199297	-2.11053	0.0348236	0.0348236	0.592001	0.557178	0.452589	0.432838	0.296001	1
-0.0038827	-0.423878	0.671659	0.813258	1	1	1	0.999589	0.871403	1
-2.86922e-06	-0.000303101	0.999758	0.999791	1	1	1	0.999758	0.999758	1
-0.0105534	-1.10989	0.267056	0.267056	1	1	0.994916	0.993064	0.892726	1
-0.0253679	-2.67388	0.00750344	0.00750344	0.127559	0.127559	0.120181	0.120181	0.127559	0.438744
-0.00159138	-0.171148	0.864109	0.864109	1	1	1	0.999854	0.998099	1
0.00846256	0.895823	0.370357	0.370357	1	1	0.999616	0.997709	0.82375	1
0.00613085	0.662676	0.507545	0.661414	1	1	0.999994	0.985737	0.719022	1
-0.00457581	-0.487345	0.626018	0.634512	1	1	1	0.999402	0.877893	1
-0.0127219	-1.33742	0.1811	0.1811	1	1	0.966509	0.925526	0.611011	1
0.00582911	0.622471	0.533638	0.533638	1	1	0.999998	0.998901	0.809847	1
-0.00387839	-0.412986	0.679621	0.688683	1	1	1	0.999022	0.81596	1
0.00799351	0.839175	0.40138	0.499499	1	1	0.999837	0.995768	0.758162	1
-0.00159457	-0.167993	0.86659	0.884828	1	1	1	0.997161	0.888616	1
-0.00295647	-0.311568	0.755372	0.755372	1	1	1	0.999814	0.918439	1
-0.0290199	-3.06378	0.0021882	0.0021882	0.0371994	0.0371994	0.0365553	0.0365553	0.0371994	0.127949
0.00128179	0.135558	0.892172	0.892172	1	1	1	0.999468	0.934279	1
0.0104465	1.11137	0.266422	0.335426	1	1	0.994841	0.975103	0.647026	1
0.00619285	0.654741	0.512641	0.512641	1	1	0.999995	0.998449	0.968323	1
-0.0132649	-1.39195	0.163951	0.163951	1	1	0.952363	0.943022	0.727566	1
0.00989027	1.04701	0.295106	0.295106	1	1	0.997381	0.989393	0.808421	1
-0.00443832	-0.470651	0.637895	0.681174	1	1	1	0.995742	0.788569	1
-0.00445368	-0.47095	0.637681	0.679938	1	1	1	0.998572	0.786714	1
0.000741417	0.0790003	0.937033	0.937033	1	1	1	0.999964	0.937033	1
0.00573746	0.606438	0.54423	0.54423	1	1	0.999998	0.999151	0.903478	1
-0.00402909	-0.427161	0.669266	0.669266	1	1	1	0.99969	0.898143	1
-0.00167939	-0.177803	0.85888	0.85888	1	1	1	0.99984	0.938403	1
0.0103556	1.09925	0.27167	0.420669	1	1	0.995434	0.969408	0.659769	1
0.004488	0.479337	0.631703	0.632405	1	1	1	0.999661	0.928837	1
0.00630995	0.668956	0.50353	0.538377	1	1	0.999993	0.998576	0.795365	1
0.000556852	0.0585293	0.953328	0.970436	1	1	1	0.999898	0.976588	1
-0.0118291	-1.24384	0.21357	0.304236	1	1	0.983165	0.970162	0.725528	1
0.00302352	0.372556	0.709482	0.709482	1	1	1	0.999974	0.971574	1
0.00127802	0.15831	0.874214	0.900711	1	1	1	0.999639	0.974098	1
0.0010728	0.132244	0.894792	0.939794	1	1	1	0.979375	0.894792	1
-0.00622987	-0.767075	0.443043	0.499499	1	1	0.999952	0.994843	0.791465	1
-0.00131162	-0.161174	0.871957	0.891876	1	1	1	0.999958	0.939891	1
0.000936523	0.114693	0.90869	0.90869	1	1	1	0.999951	0.983247	1
0.0100397	1.22869	0.219198	0.499499	1	1	0.9851	0.892138	0.414041	1
0.0156223	1.91352	0.0556912	0.0656102	0.946751	0.946751	0.622481	0.622481	0.785825	1
-0.00254163	-0.311453	0.755458	0.834019	1	1	1	0.996424	0.805825	1
0.0154898	1.91615	0.055356	0.055356	0.941052	0.865079	0.620196	0.589075	0.256866	0.883506
-0.00804633	-0.988917	0.322712	0.55162	1	1	0.998672	0.955722	0.533167	1
-0.0101622	-1.25165	0.210706	0.325928	1	1	0.982092	0.942001	0.511716	1
-0.00253114	-0.31	0.756563	0.816211	1	1	1	0.999949	0.985164	1
0.0128106	1.59267	0.111245	0.173614	1	1	0.865321	0.865321	0.643925	1
0.0062376	0.764237	0.444732	0.444732	1	1	0.999955	0.997214	0.758263	1
-0.00704172	-0.86849	0.385133	0.428948	1	1	0.999743	0.99852	0.812535	1
-0.0131408	-1.61884	0.105492	0.263309	1	1	0.84971	0.765256	0.312586	1
-0.000917319	-0.112025	0.910804	0.912019	1	1	1	0.999122	0.914944	1
0.00221681	0.272036	0.785596	0.785596	1	1	1	0.999951	0.926627	1
-0.00966714	-1.17995	0.238031	0.304105	1	1	0.990161	0.987088	0.71878	1
0.00449576	0.54956	0.582625	0.647669	1	1	1	0.994714	0.825386	1
-0.0130847	-1.59914	0.109801	0.217591	1	1	0.861554	0.844477	0.668941	1
0.0137702	1.69579	0.0899356	0.174123	1	1	0.798523	0.756734	0.373787	1
-0.00487852	-0.604664	0.545407	0.545407	1	1	0.999998	0.999623	0.885972	1
-0.00604086	-0.748547	0.454136	0.592869	1	1	0.999966	0.980812	0.59387	1
-0.00630078	-0.774791	0.438469	0.558645	1	1	0.999945	0.990115	0.745398	1
0.00629046	0.773242	0.439385	0.645917	1	1	0.999947	0.970382	0.574581	1
0.00658364	0.816404	0.414275	0.499499	1	1	0.999888	0.993777	0.763984	1
0.00648066	0.800454	0.423454	0.423454	1	1	0.999914	0.998373	0.986822	1
0.0105315	1.32095	0.186527	0.186527	1	1	0.970089	0.944435	0.680571	1
0.00271509	0.33263	0.739416	0.739416	1	1	1	0.999985	0.982828	1
-0.0199171	-2.46846	0.0135751	0.028089	0.230776	0.217201	0.207337	0.196428	0.115388	0.396883
-0.0013245	-0.165062	0.868896	0.904718	1	1	1	0.995383	0.923202	1
0.00720804	0.892275	0.372253	0.457765	1	1	0.999635	0.994035	0.787875	1
-0.00932392	-1.1464	0.25164	0.25164	1	1	0.992758	0.987068	0.978631	1
-0.00381444	-0.467266	0.640313	0.640313	1	1	1	0.999906	0.910429	1
-0.000761297	-0.0936827	0.925362	0.925362	1	1	1	1	0.991577	1
0.000684688	0.0848086	0.932414	0.932921	1	1	1	0.999822	0.99069	1
-0.0136256	-1.67178	0.0945774	0.236471	1	1	0.815297	0.746494	0.320911	1
0.0109111	1.34665	0.178102	0.412692	1	1	0.964363	0.947244	0.50167	1
-0.00600584	-0.733728	0.46312	0.499499	1	1	0.999974	0.998078	0.829876	1
0.00983489	1.20264	0.229126	0.373734	1	1	0.988013	0.960228	0.580175	1
-0.00451273	-0.552959	0.580296	0.602405	1	1	1	0.998212	0.758848	1
0.00394313	0.486028	0.626951	0.626951	1	1	1	0.999933	0.987034	1
0.00813098	1.00209	0.316307	0.357861	1	1	0.998442	0.977684	0.672153	1
0.0063453	0.777311	0.436981	0.436981	1	1	0.999943	0.998985	0.935291	1
-0.00161116	-0.196912	0.843898	0.843898	1	1	1	0.999999	0.980506	1
-0.0148133	-1.80709	0.0707579	0.185652	1	0.990611	0.712796	0.642065	0.300721	1
-0.000565184	-0.0691949	0.944835	0.945144	1	1	1	0.999512	0.945303	1
-0.00282316	-0.345323	0.729854	0.729854	1	1	1	0.998888	0.952102	1
0.00756112	0.923439	0.355786	0.499499	1	1	0.999433	0.980889	0.67204	1
-0.0117334	-1.43651	0.150868	0.346266	1	1	0.937973	0.880689	0.48135	1
-0.00597672	-0.739394	0.459674	0.499499	1	1	0.999971	0.996972	0.847304	1
-0.0091104	-1.11682	0.26408	0.403952	1	1	0.994554	0.974767	0.628031	1
0.0062916	0.773437	0.43927	0.599594	1	1	0.999946	0.985983	0.60991	1
0.0203598	2.50817	0.0121411	0.0121411	0.206399	0.206399	0.187518	0.187518	0.145046	0.498893
0.00832671	1.02785	0.304029	0.304029	1	1	0.997891	0.995646	0.987432	1
-0.00617602	-0.788862	0.430199	0.430199	1	1	0.99993	0.999782	0.998932	1
0.00189304	0.234259	0.814786	0.863462	1	1	1	0.998635	0.891445	1
0.00998384	1.22479	0.220663	0.3809	1	1	0.985568	0.935586	0.535896	1
-0.0100386	-1.23778	0.215807	0.455973	1	1	0.983961	0.945915	0.495295	1
0.00876473	1.082	0.279259	0.35028	1	1	0.996178	0.974946	0.678201	1
-0.013216	-1.63554	0.101946	0.101946	1	1	0.839253	0.839253	0.998007	1
-0.0173642	-2.14539	0.0319298	0.0319298	0.542807	0.542807	0.424008	0.424008	0.542807	1
0.0200812	2.47323	0.0133952	0.0497391	0.227719	0.227719	0.204876	0.204876	0.163799	0.563396
0.00630079	0.783196	0.433518	0.433518	1	1	0.999936	0.999604	0.798907	1
0.00757332	0.933426	0.350607	0.499499	1	1	0.99935	0.98623	0.658828	1
-0.0060454	-0.74356	0.457149	0.457149	1	1	0.999969	0.999345	0.942696	1
-0.00708488	-0.871521	0.383477	0.500764	1	1	0.999731	0.991172	0.651911	1
0.0155223	1.90638	0.0566105	0.0566105	0.962378	0.962378	0.62868	0.62868	0.956156	1
-0.00906231	-1.13616	0.255897	0.255897	1	1	0.993427	0.97856	0.870049	1
-0.00261589	-0.31899	0.749737	0.749737	1	1	1	0.999921	0.908262	1
-0.00583819	-0.719905	0.471589	0.499499	1	1	0.99998	0.998284	0.780899	1
-0.00158005	-0.195001	0.845394	0.845394	1	1	1	0.999022	0.958113	1
0.00332595	0.411735	0.680537	0.680537	1	1	1	0.998794	0.827042	1
0.0112893	1.39197	0.163943	0.364636	1	1	0.952356	0.907794	0.473869	1
0.0122942	1.50539	0.132234	0.132234	1	1	0.910289	0.880865	0.749326	1
-0.000905806	-0.11187	0.910927	0.910927	1	1	1	0.999761	0.910927	1
-0.0126454	-1.62901	0.103321	0.165334	1	1	0.843388	0.825342	0.760337	1
0.00342014	0.418838	0.675338	0.681637	1	1	1	0.998244	0.717546	1
0.00817208	1.00384	0.315464	0.315464	1	1	0.998409	0.993404	0.895491	1
-0.00231091	-0.282314	0.777704	0.786537	1	1	1	0.999879	0.990807	1
0.00854274	1.04554	0.295781	0.295781	1	1	0.997423	0.989524	0.962797	1
-0.00786107	-0.964611	0.334748	0.406971	1	1	0.999021	0.99282	0.816297	1
-0.0110256	-1.34733	0.177884	0.384453	1	1	0.964201	0.91881	0.478177	1
0.000448009	0.0547691	0.956323	0.956323	1	1	1	0.999949	0.974071	1
-0.00166713	-0.204377	0.83806	0.83806	1	1	1	0.999337	0.900789	1
-0.00722217	-0.894588	0.371015	0.448358	1	1	0.999623	0.994926	0.803868	1
-0.0102766	-1.27054	0.203903	0.427385	1	1	0.979279	0.95893	0.528334	1
0.00176423	0.217676	0.827683	0.854729	1	1	1	0.998994	0.91334	1
-0.0021658	-0.265935	0.790291	0.790291	1	1	1	0.999811	0.915545	1
-0.00461538	-0.583403	0.559626	0.559626	1	1	0.999999	0.999628	0.833469	1
-0.00583171	-0.724296	0.46889	0.480518	1	1	0.999979	0.999496	0.885362	1
0.00189003	0.232653	0.816033	0.816033	1	1	1	0.999972	0.924837	1
0.00277255	0.342281	0.732142	0.7861	1	1	1	0.999777	0.96574	1
0.00879188	1.08396	0.27839	0.448532	1	1	0.996099	0.985614	0.588973	1
-0.00268003	-0.332601	0.739438	0.773385	1	1	1	0.998778	0.897889	1
-0.00378381	-0.46262	0.64364	0.718046	1	1	1	0.99553	0.817367	1
-0.00699307	-0.853569	0.393351	0.393351	1	1	0.999796	0.998493	0.912842	1
-0.00446577	-0.561561	0.574419	0.749711	1	1	1	0.970017	0.651009	1
-0.00747875	-0.928386	0.353215	0.353215	1	1	0.999393	0.997833	0.93373	1
-0.00250658	-0.309817	0.756703	0.756703	1	1	1	0.99923	0.833329	1
-0.00805682	-1.01011	0.312451	0.404543	1	1	0.998285	0.992327	0.778139	1
0.00670925	0.824498	0.409663	0.409663	1	1	0.999872	0.99486	0.870534	1
0.00389	0.484075	0.628336	0.628336	1	1	1	0.999981	0.890325	1
-0.00283867	-0.351909	0.724909	0.724909	1	1	1	0.999462	0.821563	1
0.00724127	0.890833	0.373026	0.385373	1	1	0.999643	0.997687	0.922364	1
-0.00690573	-0.852471	0.39396	0.39396	1	1	0.999799	0.997303	0.956759	1
0.0129179	1.60279	0.108991	0.108991	1	1	0.859396	0.842196	0.92642	1
0.00841804	1.0357	0.300352	0.503552	1	1	0.997694	0.969344	0.510599	1
0.00052072	0.0638718	0.949073	0.949073	1	1	1	0.999761	0.949073	1
0.00737723	0.908743	0.363493	0.396364	1	1	0.999538	0.993084	0.861481	1
-0.0030716	-0.376764	0.706351	0.763433	1	1	1	0.999812	0.953766	1
0.000540437	0.0663727	0.947082	0.947082	1	1	1	0.999926	0.988834	1
-0.00521703	-0.643182	0.520111	0.559974	1	1	0.999996	0.997383	0.705733	1
-0.00028906	-0.0353881	0.97177	0.97177	1	1	1	0.999999	0.99542	1
0.000838354	0.103936	0.91722	0.91722	1	1	1	0.99998	0.91722	1
0.0128044	1.57097	0.116201	0.19165	1	1	0.877536	0.799278	0.395084	1
-0.00692867	-0.869353	0.384661	0.395934	1	1	0.99974	0.994771	0.817405	1
-0.00696847	-0.863524	0.387857	0.410293	1	1	0.999762	0.997232	0.904449	1
0.00642133	0.793753	0.427345	0.486627	1	1	0.999923	0.997829	0.757553	1
0.00478346	0.598883	0.549255	0.549255	1	1	0.999999	0.999741	0.957615	1
0.0102448	1.25583	0.209188	0.209188	1	1	0.981497	0.95269	0.711238	1
-0.0102329	-1.25142	0.210789	0.210789	1	1	0.982124	0.953921	0.716684	1
-0.00694958	-0.850738	0.394922	0.460216	1	1	0.999805	0.99602	0.824735	1
-0.00818198	-1.00067	0.316993	0.348617	1	1	0.998468	0.992961	0.809434	1
0.00605605	0.742044	0.458066	0.499499	1	1	0.99997	0.995968	0.729016	1
0.000933581	0.115351	0.908167	0.908167	1	1	1	0.99924	0.964928	1
0.00386504	0.481503	0.630163	0.659634	1	1	1	0.997441	0.8508	1
-0.00449763	-0.554121	0.5795	0.5795	1	1	1	0.999187	0.816168	1
-0.0154321	-1.89932	0.057532	0.057532	0.978045	0.920513	0.634799	0.612505	0.489022	1
0.00273076	0.335804	0.737021	0.740013	1	1	1	0.999336	0.892415	1
0.0125898	1.56646	0.117252	0.262931	1	1	0.879987	0.81251	0.398656	1
-0.0118206	-1.46565	0.142754	0.274952	1	1	0.927089	0.884261	0.583643	1
-0.00386168	-0.478274	0.632459	0.632459	1	1	1	0.999413	0.883984	1
-0.00552132	-0.676047	0.499016	0.653523	1	1	0.999992	0.98484	0.70694	1
0.00349442	0.437946	0.661428	0.719407	1	1	1	0.998494	0.901408	1
-0.010203	-1.24273	0.213978	0.277296	1	1	0.983313	0.965638	0.815159	1
-0.00177738	-0.220305	0.825635	0.825635	1	1	1	0.999996	0.962115	1
0.00423922	0.523336	0.600744	0.600744	1	1	1	0.999516	0.920673	1
-0.00182233	-0.224524	0.822351	0.886039	1	1	1	0.999256	0.822351	1
-0.000284284	-0.0348659	0.972187	0.972187	1	1	1	0.999851	0.972187	1
0.00852658	1.03965	0.298511	0.298511	1	1	0.997588	0.99004	0.93067	1
0.000745125	0.0910238	0.927474	0.927474	1	1	1	0.999994	0.993954	1
-0.00138008	-0.176422	0.859963	0.859963	1	1	1	0.999846	0.913711	1
-0.00483156	-0.599541	0.548817	0.548817	1	1	0.999999	0.999967	0.9825	1
-0.00209174	-0.256354	0.797679	0.797679	1	1	1	0.999655	0.901177	1
-0.022346	-2.77685	0.00549226	0.00632967	0.0933685	0.0933685	0.0893766	0.0893766	0.0933685	0.321146
0.0089137	1.09997	0.271356	0.395584	1	1	0.9954	0.977603	0.690113	1
0.00788784	0.998621	0.317986	0.317986	1	1	0.998506	0.993093	0.946504	1
0.0141036	1.7603	0.0783662	0.0783662	1	1	0.750258	0.729022	0.666113	1
0.00310794	0.379118	0.704603	0.704603	1	1	1	0.998152	0.787819	1
0.00031004	0.0382683	0.969474	0.969474	1	1	1	0.999804	0.969474	1
-0.00441587	-0.541138	0.588417	0.588417	1	1	1	0.998762	0.83359	1
-0.00218021	-0.268503	0.788314	0.788314	1	1	1	0.99991	0.963231	1
-0.00910327	-1.12839	0.259163	0.303014	1	1	0.993901	0.979751	0.72471	1
0.00236843	0.295656	0.767495	0.767495	1	1	1	0.999918	0.851103	1
-0.024214	-2.96267	0.00305221	0.00305221	0.0518876	0.0518876	0.0506398	0.0506398	0.0518876	0.17847
-0.012219	-1.49832	0.13406	0.168183	1	1	0.913445	0.913445	0.843465	1
-0.000186879	-0.0229537	0.981687	0.981687	1	1	1	0.999978	0.981687	1
-0.00247603	-0.308514	0.757693	0.757693	1	1	1	0.999941	0.912017	1
0.0120957	1.49876	0.133947	0.133947	1	1	0.913253	0.866457	0.569275	1
0.00560104	0.689364	0.4906	0.631206	1	1	0.99999	0.982228	0.618977	1
-0.00323966	-0.396787	0.691528	0.691528	1	1	1	0.999986	0.954595	1
0.000718862	0.0890263	0.929062	0.929062	1	1	1	0.999966	0.986162	1
0.00184249	0.225044	0.821947	0.821947	1	1	1	0.999988	0.944878	1
0.00347352	0.425076	0.670784	0.670784	1	1	1	0.999862	0.87749	1
-0.000825295	-0.101305	0.919309	0.919309	1	1	1	0.99998	0.953744	1
0.000572177	0.0709411	0.943445	0.943445	1	1	1	0.999934	0.977697	1
0.00685196	0.838896	0.401534	0.478813	1	1	0.999838	0.996473	0.800483	1
-0.000766737	-0.0939072	0.925184	0.925184	1	1	1	0.998641	0.938109	1
0.00991143	1.25127	0.210844	0.446934	1	1	0.982145	0.912746	0.448044	1
0.0133295	1.64	0.101015	0.270989	1	1	0.836398	0.774819	0.429315	1
0.004877	0.595118	0.551769	0.551769	1	1	0.999999	0.999673	0.908162	1
-0.000540459	-0.0668724	0.946684	0.946684	1	1	1	0.998489	0.983654	1
-0.0141897	-1.74428	0.0811202	0.0811202	1	1	0.762645	0.718887	0.459681	1
0.0146649	1.79493	0.0726742	0.0778732	1	1	0.7227	0.677533	0.41182	1
0.0167175	2.064	0.0390265	0.0390265	0.66345	0.66345	0.49173	0.49173	0.66345	1
-0.0149407	-1.82311	0.0682961	0.0942927	1	1	0.699583	0.699583	0.81235	1
-0.00262024	-0.327596	0.743219	0.777839	1	1	1	0.998624	0.902481	1
0.013411	1.64075	0.10086	0.173975	1	1	0.835917	0.774274	0.428655	1
-0.0147117	-1.80321	0.0713655	0.0713655	1	1	0.715971	0.670639	0.286333	0.984858
-0.0217791	-2.67334	0.00751398	0.00934492	0.127738	0.127738	0.12034	0.12034	0.127738	0.43936
-0.00263974	-0.32503	0.74516	0.74516	1	1	1	0.999982	0.870636	1
0.00529087	0.650946	0.515086	0.538908	1	1	0.999995	0.997142	0.717691	1
0.011567	1.44028	0.149797	0.149797	1	1	0.93663	0.912333	0.848852	1
-0.00560418	-0.694715	0.487239	0.574679	1	1	0.999988	0.995221	0.828307	1
0.00273679	0.334702	0.737852	0.737852	1	1	1	0.999973	0.951755	1
0.00652528	0.799931	0.423757	0.489018	1	1	0.999915	0.995963	0.805417	1
0.00657307	0.81381	0.41576	0.499499	1	1	0.999892	0.993179	0.785325	1
0.00530745	0.649248	0.516183	0.571345	1	1	0.999996	0.995741	0.76885	1
-0.00277735	-0.339332	0.734362	0.798607	1	1	1	0.997305	0.855948	1
-0.0111662	-1.36513	0.172221	0.172221	1	1	0.959771	0.959771	0.953279	1
-0.0228599	-2.79392	0.00521064	0.00521064	0.0885808	0.0885808	0.0849828	0.0849828	0.0885808	0.304678
-0.00083723	-0.103492	0.917573	0.917573	1	1	1	0.999852	0.974921	1
0.00209064	0.258148	0.796294	0.796294	1	1	1	0.999998	0.970551	1
0.00647254	0.794231	0.427067	0.478409	1	1	0.999923	0.996189	0.848669	1
-0.00230845	-0.28135	0.778444	0.8146	1	1	1	0.99957	0.930824	1
0.00577208	0.711431	0.476823	0.490469	1	1	0.999984	0.998464	0.837632	1
-0.000923008	-0.113392	0.909721	0.921322	1	1	1	0.999952	0.957295	1
0.00591858	0.724951	0.468488	0.503749	1	1	0.999978	0.998043	0.796429	1
-0.00218321	-0.270784	0.786559	0.820057	1	1	1	0.997759	0.891433	1
-0.000721238	-0.0887311	0.929296	0.944244	1	1	1	0.99921	0.929296	1
-0.00500106	-0.619005	0.535918	0.535918	1	1	0.999998	0.999683	0.896015	1
-0.001543	-0.190721	0.848746	0.848746	1	1	1	0.999984	0.932586	1
0.0133246	1.65624	0.0976832	0.257846	1	1	0.825778	0.806917	0.567463	1
0.0155344	1.90835	0.056355	0.056355	0.958035	0.958035	0.626967	0.626967	0.734255	1
0.00618313	0.762499	0.445768	0.445768	1	1	0.999956	0.999295	0.890741	1
-0.00132678	-0.162358	0.871025	0.871025	1	1	1	0.999959	0.986533	1
-0.0066347	-0.809097	0.418466	0.418466	1	1	0.999901	0.997428	0.843397	1
0.0120132	1.39608	0.162702	0.347305	1	1	0.951139	0.916762	0.596562	1
0.0126121	1.50295	0.132864	0.298597	1	1	0.911391	0.882157	0.576955	1
0.0101601	1.19443	0.23232	0.481469	1	1	0.98883	0.930794	0.475795	1
0.0126822	1.49673	0.134476	0.30765	1	1	0.914149	0.869198	0.457218	1
0.00849597	0.987665	0.323326	0.499499	1	1	0.998692	0.984243	0.610726	1
0.010427	1.25404	0.209838	0.209838	1	1	0.981754	0.953193	0.71345	1
0.00829467	0.982582	0.325822	0.499499	1	1	0.998772	0.979507	0.569216	1
0.0109134	1.30612	0.191522	0.375715	1	1	0.973062	0.949025	0.562174	1
0.00217078	0.253812	0.799643	0.872073	1	1	1	0.999951	0.98877	1
0.00160952	0.189952	0.849348	0.88448	1	1	1	0.999563	0.924865	1
0.00208044	0.254735	0.79893	0.825047	1	1	1	0.999128	0.896323	1
0.000229166	0.0284437	0.977308	0.977308	1	1	1	0.999996	0.977308	1
-0.00976502	-1.13084	0.258133	0.424485	1	1	0.993755	0.972208	0.618486	1
-0.0107941	-1.26149	0.207142	0.271795	1	1	0.980666	0.922169	0.503059	1
-0.00602295	-0.717009	0.473375	0.571296	1	1	0.999982	0.988767	0.731579	1
-0.00873228	-1.01785	0.308756	0.493984	1	1	0.998122	0.975094	0.594918	1
