0	0	0	0	0	0	0	0	0	0
0.00876245	1.34596	0.178324	0.178324	1	1	0.964526	0.936055	0.757878	1
0.00648285	1.44024	0.14981	0.14981	1	1	0.936647	0.912353	0.801282	1
-0.00589555	-0.806547	0.419934	0.499499	1	1	0.999905	0.992565	0.793208	1
-0.00530925	-0.789055	0.430086	0.499499	1	1	0.999929	0.993657	0.812384	1
0.0101006	1.63862	0.101302	0.14786	1	1	0.837284	0.798533	0.574047	1
0.00709264	1.70945	0.0873765	0.0873765	1	1	0.788671	0.746268	0.495133	1
-0.00355801	-0.435217	0.663408	0.772084	1	1	1	0.988202	0.805567	1
-0.00130275	-0.307053	0.758805	0.83	1	1	1	0.996616	0.893744	1
0.00495513	0.704177	0.481328	0.518483	1	1	0.999986	0.99619	0.818257	1
0.00286799	0.79402	0.427189	0.499499	1	1	0.999923	0.993361	0.784352	1
0.00831504	1.36533	0.172159	0.42827	1	1	0.959719	0.848829	0.365839	1
0.0103042	1.72433	0.0846581	0.299256	1	1	0.777711	0.683347	0.263099	0.904941
0.0138978	1.91491	0.0555129	0.19509	0.94372	0.832694	0.621268	0.575439	0.314573	1
0.0149034	2.03519	0.04184	0.0583255	0.71128	0.6276	0.516444	0.473291	0.237093	0.815495
0.0123598	1.79212	0.0731226	0.0731226	1	1	0.72497	0.72497	0.486015	1
0.0116925	1.71753	0.0858912	0.176493	1	1	0.782748	0.715573	0.365038	1
0.00509199	0.668922	0.50355	0.50355	1	1	0.999993	0.99844	0.727666	1
0.00560572	0.74145	0.458426	0.612304	1	1	0.99997	0.992599	0.779324	1
0.00606567	0.769318	0.44171	0.44171	1	1	0.99995	0.997951	0.932667	1
0.00982359	1.26745	0.205004	0.453381	1	1	0.97976	0.91983	0.439657	1
0.00753063	0.912056	0.361746	0.361746	1	1	0.999516	0.99284	0.819205	1
-0.00906871	-1.08025	0.280038	0.281748	1	1	0.996248	0.987842	0.761106	1
0.00257513	0.329327	0.741911	0.762052	1	1	1	0.998689	0.900892	1
-0.00324061	-0.415095	0.678075	0.678075	1	1	1	0.999675	0.784807	1
0.00572661	0.858133	0.390825	0.513496	1	1	0.999781	0.985482	0.664403	1
0.00711793	1.1685	0.242613	0.308347	1	1	0.99112	0.96437	0.687403	1
0.0122873	2.02996	0.0423683	0.0423683	0.720261	0.720261	0.520957	0.520957	0.661536	1
0.00677572	1.08062	0.279874	0.476044	1	1	0.996233	0.962495	0.556798	1
0.00762609	1.20594	0.22785	0.33618	1	1	0.987671	0.965316	0.69463	1
-0.00414279	-0.553223	0.580115	0.580115	1	1	1	0.99983	0.887629	1
-0.000544168	-0.0718745	0.942702	0.942702	1	1	1	0.999952	0.942702	1
0.00649794	0.87119	0.383657	0.423559	1	1	0.999733	0.998148	0.826454	1
-0.00506108	-0.682645	0.494836	0.494836	1	1	0.999991	0.999424	0.904218	1
0.016979	2.03592	0.0417667	0.151767	0.710034	0.668267	0.515815	0.494711	0.355017	1
0.0153177	1.83714	0.0661978	0.0661978	1	1	0.687872	0.669448	0.562682	1
0.0133936	1.63369	0.102334	0.211035	1	1	0.84043	0.779399	0.43492	1
0.00160904	0.194009	0.84617	0.84617	1	1	1	0.999981	0.990123	1
0.00844773	1.20987	0.226337	0.25247	1	1	0.987254	0.983525	0.78808	1
0.0059854	0.84303	0.399218	0.515141	1	1	0.999827	0.986914	0.616973	1
0.00101872	0.142773	0.88647	0.88647	1	1	1	0.999993	0.980525	1
0.00311802	0.434266	0.664098	0.664098	1	1	1	0.998658	0.815544	1
-0.0128851	-1.6343	0.102206	0.133392	1	1	0.840043	0.821834	0.835351	1
0.00092547	0.116813	0.907009	0.911271	1	1	1	0.998034	0.925867	1
8.82211e-05	0.011298	0.990986	0.992082	1	1	1	0.999823	0.990986	1
-0.0013293	-0.17491	0.861152	0.861152	1	1	1	0.999881	0.912808	1
-0.000108974	-0.0141765	0.988689	0.988689	1	1	1	0.999991	0.988689	1
0.00813891	1.03157	0.302282	0.308521	1	1	0.997799	0.990714	0.752665	1
-0.000633269	-0.0864597	0.931101	0.931101	1	1	1	0.999888	0.949185	1
-0.000541157	-0.0728239	0.941947	0.941947	1	1	1	0.999886	0.941947	1
0.00174521	0.211096	0.832814	0.884653	1	1	1	0.99344	0.884865	1
0.00281607	0.361647	0.717619	0.717619	1	1	1	0.99998	0.986543	1
-0.00636439	-0.788627	0.430336	0.613428	1	1	0.99993	0.980531	0.665064	1
-0.0107796	-1.33375	0.182296	0.198909	1	1	0.967331	0.926928	0.619807	1
-0.00195771	-0.256241	0.797766	0.824243	1	1	1	0.997429	0.870086	1
-0.00942043	-1.22721	0.219754	0.219754	1	1	0.985279	0.96028	0.747162	1
-0.00362963	-0.454386	0.649554	0.662806	1	1	1	0.999351	0.850344	1
0.000824635	0.106906	0.914864	0.929333	1	1	1	0.998673	0.954494	1
0.00864993	1.16258	0.245009	0.294548	1	1	0.991586	0.954569	0.595023	1
0.00799541	1.05716	0.290446	0.361213	1	1	0.997071	0.991646	0.763445	1
-0.00236119	-0.288287	0.773129	0.803005	1	1	1	0.999864	0.985853	1
0.0124718	1.51455	0.129897	0.204336	1	1	0.906093	0.863483	0.552063	1
-0.00440011	-0.540443	0.588895	0.588895	1	1	1	0.999806	0.871101	1
0.00785538	0.952118	0.341044	0.4805	1	1	0.999167	0.984563	0.616468	1
-0.00531704	-0.662254	0.507813	0.507813	1	1	0.999994	0.998305	0.869259	1
0.0175992	2.16684	0.0302542	0.167392	0.514322	0.514322	0.406823	0.406823	0.451884	1
0.00835397	1.01448	0.310363	0.310363	1	1	0.998195	0.992019	0.72194	1
0.0107852	1.33498	0.181891	0.181891	1	1	0.967055	0.926456	0.615415	1
0.00911536	1.24262	0.214018	0.448415	1	1	0.983327	0.929281	0.500284	1
-0.00707499	-0.970441	0.331834	0.419237	1	1	0.998946	0.982264	0.705147	1
0.00207255	0.264594	0.791324	0.831324	1	1	1	0.999555	0.848781	1
-0.00141856	-0.191596	0.84806	0.84806	1	1	1	0.999993	0.996035	1
0.0123452	1.54582	0.122159	0.122159	1	1	0.890838	0.816174	0.41534	1
0.0136228	1.7299	0.0836572	0.0836572	1	1	0.773543	0.730307	0.470714	1
0.00297003	0.372706	0.70937	0.70937	1	1	1	0.999858	0.912212	1
0.0154307	1.92019	0.0548422	0.0548422	0.932317	0.877474	0.616669	0.594427	0.466158	1
0.0122546	1.51815	0.128986	0.228143	1	1	0.904406	0.89025	0.681702	1
0.0118333	1.45965	0.144396	0.144396	1	1	0.929428	0.879089	0.490948	1
-0.00129312	-0.204645	0.837851	0.837851	1	1	1	0.999963	0.979519	1
0.00326374	0.511069	0.609306	0.609306	1	1	1	0.999788	0.938432	1
-0.0018615	-0.262434	0.792989	0.792989	1	1	1	0.999946	0.962448	1
0.000529646	0.0727918	0.941972	0.941972	1	1	1	0.99894	0.998618	1
-0.00250051	-0.321405	0.747906	0.747906	1	1	1	0.999903	0.867174	1
-0.00305818	-0.391704	0.695279	0.695279	1	1	1	0.999926	0.999248	1
-0.0012878	-0.204724	0.837789	0.837789	1	1	1	0.999977	0.977677	1
-0.00396153	-0.626026	0.531302	0.531302	1	1	0.999997	0.998908	0.85919	1
0.00286415	0.43004	0.667169	0.667169	1	1	1	0.999849	0.966407	1
0.00503089	0.757745	0.448609	0.552844	1	1	0.99996	0.989906	0.693305	1
0.00693087	0.876404	0.380817	0.459339	1	1	0.999711	0.997096	0.80055	1
0.00538924	0.705763	0.480341	0.499499	1	1	0.999985	0.998236	0.840575	1
0.00573811	0.861916	0.38874	0.483988	1	1	0.999768	0.995086	0.76622	1
0.0106766	1.55337	0.120344	0.158794	1	1	0.886936	0.81117	0.409168	1
0.000578373	0.0800109	0.936229	0.936229	1	1	1	0.999891	0.936229	1
0.00665026	0.926737	0.35407	0.392046	1	1	0.999407	0.991833	0.752768	1
-0.00941629	-1.19089	0.233704	0.233704	1	1	0.989167	0.972303	0.666696	1
-0.00579625	-0.728063	0.46658	0.499499	1	1	0.999977	0.997483	0.769853	1
-0.000387398	-0.0587115	0.953182	0.953182	1	1	1	0.999664	0.953182	1
0.00218597	0.335496	0.737253	0.737253	1	1	1	0.999882	0.924952	1
0.0189833	2.52616	0.0115363	0.0115363	0.196117	0.196117	0.17902	0.17902	0.112173	0.385824
0.00419609	0.561054	0.574765	0.619313	1	1	1	0.997212	0.780778	1
-0.00471878	-0.664142	0.506604	0.556682	1	1	0.999994	0.996314	0.782934	1
0.00529907	0.73727	0.460963	0.577994	1	1	0.999973	0.98737	0.607434	1
0.0118535	1.54438	0.122507	0.152049	1	1	0.891572	0.876434	0.738927	1
0.000622225	0.0830866	0.933783	0.933783	1	1	1	0.999995	0.941631	1
0.00843428	1.10075	0.271012	0.271012	1	1	0.995363	0.977476	0.677721	1
0.0123078	1.59263	0.111254	0.22265	1	1	0.865345	0.829522	0.630437	1
0.0182251	2.33301	0.0196535	0.101338	0.334109	0.334109	0.286402	0.286402	0.173759	0.597654
0.00815818	1.02166	0.306949	0.374944	1	1	0.998037	0.982282	0.745447	1
0.00061072	0.0872287	0.93049	0.93049	1	1	1	0.999974	0.976991	1
-0.00292103	-0.416066	0.677365	0.677365	1	1	1	0.999715	0.862497	1
0.00421939	0.554079	0.579529	0.60857	1	1	1	0.99888	0.895635	1
0.0129753	1.7351	0.0827323	0.205952	1	1	0.769626	0.676079	0.28129	0.967511
-0.00022226	-0.0303737	0.975769	0.975769	1	1	1	0.999977	0.975769	1
0.00189417	0.266416	0.78992	0.791201	1	1	1	0.999949	0.952019	1
0.00495938	0.660528	0.508919	0.508919	1	1	0.999994	0.999543	0.935128	1
0.00717222	0.99182	0.321293	0.407883	1	1	0.998624	0.989088	0.767771	1
0.00868196	1.16008	0.246025	0.432028	1	1	0.991776	0.955236	0.59749	1
0.00321611	0.439592	0.660236	0.7587	1	1	1	0.999424	0.873445	1
0.0140855	1.79156	0.0732128	0.0732128	1	1	0.725425	0.703735	0.622309	1
0.0115159	1.47648	0.139824	0.139824	1	1	0.922734	0.910174	0.889486	1
0.0175854	2.33524	0.0195371	0.175706	0.332131	0.332131	0.284961	0.284961	0.168125	0.578276
0.0103399	1.39771	0.162209	0.180686	1	1	0.950648	0.916074	0.689389	1
-0.00469162	-0.603655	0.546077	0.697994	1	1	0.999999	0.985523	0.651087	1
0.000482602	0.0645341	0.948545	0.968465	1	1	1	0.954157	0.948545	1
0.0114224	1.43454	0.151427	0.284948	1	1	0.938664	0.89962	0.643567	1
0.00635753	0.819408	0.41256	0.562487	1	1	0.999882	0.985819	0.662589	1
0.0110966	1.32697	0.184528	0.470174	1	1	0.968814	0.893953	0.367182	1
0.0140124	1.70509	0.0881864	0.248309	1	1	0.791837	0.72541	0.350976	1
-0.00720152	-0.85215	0.394137	0.459477	1	1	0.9998	0.993336	0.824725	1
-0.0102561	-1.22993	0.218734	0.251225	1	1	0.984948	0.959599	0.743694	1
-0.00235385	-0.342318	0.732114	0.811722	1	1	1	0.99963	0.911972	1
0.0020115	0.289322	0.772337	0.772337	1	1	1	0.999966	0.980378	1
-0.00179306	-0.258248	0.796218	0.851983	1	1	1	0.998275	0.915452	1
-0.000585335	-0.0858959	0.93155	0.941015	1	1	1	0.999843	0.93155	1
0.00601602	0.814755	0.415219	0.415219	1	1	0.999891	0.998401	0.86533	1
0.0045672	0.621842	0.53405	0.615499	1	1	0.999998	0.997778	0.845913	1
-0.0117928	-1.58794	0.11231	0.20149	1	1	0.868041	0.832537	0.507139	1
0.00273174	0.345219	0.729932	0.729932	1	1	1	0.998157	0.820579	1
0.00220983	0.281463	0.778357	0.778357	1	1	1	0.999737	0.945148	1
-0.000172622	-0.0226821	0.981904	0.981904	1	1	1	0.999983	0.990328	1
0.0019233	0.255749	0.798146	0.798146	1	1	1	0.999713	0.798146	1
0.00234445	0.32761	0.743209	0.743209	1	1	1	0.999926	0.973302	1
-0.00177615	-0.217411	0.827889	0.865984	1	1	1	0.996886	0.938275	1
-0.00335523	-0.466506	0.640856	0.640856	1	1	1	0.999723	0.89519	1
0.00276181	0.352958	0.724122	0.724122	1	1	1	0.99922	0.820672	1
0.0230211	2.64211	0.00824305	0.00824305	0.140132	0.140132	0.131261	0.131261	0.0980026	0.337085
0.00514145	0.67654	0.498703	0.499499	1	1	0.999992	0.998001	0.929928	1
-0.0130479	-1.66021	0.0968814	0.280359	1	1	0.823127	0.759881	0.380954	1
0.00477765	0.55993	0.575531	0.575531	1	1	1	0.99941	0.795932	1
-0.00781336	-0.989201	0.322572	0.322572	1	1	0.998667	0.986212	0.72642	1
0.00162257	0.210804	0.833042	0.877288	1	1	1	0.999614	0.958977	1
0.00209511	0.255139	0.798618	0.798618	1	1	1	0.999896	0.893855	1
-0.0029752	-0.386455	0.699162	0.750943	1	1	1	0.991464	0.74286	1
0.0116033	1.58171	0.113726	0.442439	1	1	0.871573	0.773637	0.293377	1
-0.00126766	-0.164841	0.869071	0.912957	1	1	1	0.997756	0.926421	1
0.00783116	1.07221	0.283634	0.53548	1	1	0.996554	0.930644	0.482177	1
0.022505	3.0322	0.00242973	0.166719	0.0413054	0.0413054	0.0405122	0.0405122	0.0228307	0.0785274
0.00836679	1.06324	0.287683	0.454772	1	1	0.996871	0.976045	0.578585	1
0.0230896	3.09443	0.00197362	0.0132441	0.0335516	0.031578	0.033027	0.0311148	0.0167758	0.0577012
0.0197604	2.54897	0.0108088	0.0647157	0.18375	0.162132	0.168688	0.150421	0.06125	0.210673
0.00151617	0.194339	0.845912	0.895222	1	1	1	0.993658	0.864934	1
0.0208472	2.68094	0.00734519	0.0140247	0.124868	0.117523	0.117793	0.111266	0.0624341	0.214745
0.00421264	0.540878	0.588595	0.696946	1	1	1	0.993506	0.725701	1
0.00564549	0.687409	0.49183	0.705923	1	1	0.99999	0.989606	0.677778	1
0.00696912	0.891706	0.372557	0.499499	1	1	0.999638	0.984928	0.703719	1
0.00167125	0.241776	0.808955	0.84806	1	1	1	0.998668	0.923381	1
-0.00133415	-0.180813	0.856516	0.856516	1	1	1	0.999979	0.95697	1
0.00454318	0.580913	0.561303	0.625132	1	1	0.999999	0.995449	0.79518	1
0.0128993	1.55928	0.118941	0.226132	1	1	0.883832	0.86815	0.617164	1
0.00808462	1.21288	0.225186	0.499499	1	1	0.986928	0.899359	0.425352	1
0.00171055	0.239822	0.81047	0.81047	1	1	1	0.999944	0.886934	1
0.0013643	0.205699	0.837028	0.853315	1	1	1	0.999885	0.993954	1
-0.00094225	-0.137808	0.890393	0.924863	1	1	1	0.996838	0.9226	1
0.00147912	0.208662	0.834713	0.892975	1	1	1	0.995484	0.92372	1
0.00708901	1.15651	0.247483	0.247483	1	1	0.992042	0.981326	0.981219	1
0.0148568	1.89298	0.0583691	0.0583691	0.992276	0.875537	0.640274	0.594295	0.330759	1
0.00938239	1.47796	0.139429	0.139429	1	1	0.92213	0.912035	0.847752	1
0.00310132	0.481501	0.630164	0.630164	1	1	1	0.999871	0.99418	1
5.07307e-05	0.00672478	0.994634	0.994634	1	1	1	0.999976	0.994634	1
0.00476638	0.667447	0.504492	0.590692	1	1	0.999993	0.996366	0.752529	1
0.0160002	2.04133	0.0412262	0.146288	0.700846	0.577167	0.511151	0.445341	0.175211	0.602649
0.00907874	1.23675	0.216188	0.290288	1	1	0.984092	0.946229	0.612532	1
0.0153825	1.98167	0.0475246	0.0927426	0.807918	0.760394	0.562967	0.541161	0.403959	1
0.00437516	0.519366	0.603509	0.687305	1	1	1	0.994081	0.732833	1
0.00554463	0.875672	0.381215	0.381215	1	1	0.999714	0.99805	0.971022	1
0.00304599	0.429237	0.667754	0.667754	1	1	1	0.999854	0.968417	1
0.00248062	0.379906	0.704017	0.795648	1	1	1	0.994044	0.748018	1
0.00380798	0.569089	0.5693	0.694174	1	1	0.999999	0.99007	0.691293	1
0.0028768	0.445915	0.655662	0.721808	1	1	1	0.998184	0.816812	1
0.00499069	0.769554	0.44157	0.543085	1	1	0.99995	0.990429	0.682426	1
0.00627031	1.0731	0.283235	0.304467	1	1	0.996521	0.981612	0.713638	1
0.00379762	0.511223	0.609198	0.609198	1	1	1	0.999149	0.844399	1
0.00467488	0.777288	0.436995	0.436995	1	1	0.999943	0.998198	0.893126	1
8.21771e-05	0.0118922	0.990512	0.992019	1	1	1	0.999953	0.99748	1
0.0100193	1.27086	0.203786	0.337312	1	1	0.979227	0.936367	0.577395	1
0.00775819	1.25512	0.209445	0.286912	1	1	0.981599	0.940408	0.593426	1
0.00486912	0.599512	0.548836	0.56735	1	1	0.999999	0.998484	0.777517	1
-0.00119473	-0.16103	0.872071	0.881811	1	1	1	0.999845	0.926575	1
0.0116428	1.5547	0.120028	0.148874	1	1	0.886246	0.810289	0.408096	1
0.00801969	0.971377	0.331368	0.331368	1	1	0.998933	0.992016	0.867593	1
-0.000616691	-0.0942228	0.924933	0.945998	1	1	1	0.99911	0.924933	1
0.00412606	0.596733	0.55069	0.634456	1	1	0.999999	0.996219	0.666844	1
-0.0050788	-0.789941	0.429568	0.429568	1	1	0.999928	0.997919	0.883685	1
4.92226e-06	0.000699308	0.999442	0.999509	1	1	1	0.99993	0.999442	1
-0.00114593	-0.161742	0.87151	0.912851	1	1	1	0.984563	0.909639	1
0.00859799	1.4178	0.156259	0.224032	1	1	0.944339	0.921813	0.661364	1
0.0162314	2.07529	0.0379674	0.143211	0.645446	0.512282	0.482123	0.406213	0.129089	0.444009
0.00556836	0.880292	0.378708	0.378708	1	1	0.999694	0.998723	0.986308	1
-0.00139278	-0.225983	0.821216	0.829517	1	1	1	0.999297	0.872542	1
-0.000175666	-0.0234233	0.981313	0.982465	1	1	1	0.996796	0.981313	1
0.00104399	0.144607	0.885022	0.925715	1	1	1	0.999141	0.940336	1
0.0113961	1.4845	0.137687	0.236804	1	1	0.919406	0.874308	0.585171	1
0.0142599	1.88932	0.0588578	0.162492	1	0.882868	0.643435	0.597442	0.333528	1
0.0190835	2.43879	0.014742	0.0474762	0.250614	0.235872	0.223128	0.211504	0.125307	0.431
0.00547058	0.659117	0.509826	0.625222	1	1	0.999995	0.993201	0.787912	1
0.00843189	1.28339	0.199366	0.396959	1	1	0.977177	0.930624	0.503908	1
0.0128857	1.80787	0.0706365	0.259814	1	0.98891	0.712157	0.641409	0.233387	0.802748
-0.00242383	-0.370312	0.711152	0.711152	1	1	1	0.999832	0.958904	1
0.00516266	0.801969	0.422577	0.500186	1	1	0.999912	0.992781	0.698028	1
-0.00576497	-0.792	0.428367	0.562003	1	1	0.999926	0.981534	0.662021	1
-0.00669166	-1.0119	0.311595	0.391636	1	1	0.998249	0.983545	0.675656	1
0.00503686	0.883615	0.376911	0.376911	1	1	0.999678	0.996575	0.916263	1
-0.00395199	-0.541198	0.588375	0.588375	1	1	1	0.99884	0.909306	1
0.00406336	0.684896	0.493415	0.583851	1	1	0.99999	0.995663	0.797416	1
0.000231598	0.0335035	0.973273	0.983161	1	1	1	0.998896	0.973273	1
0.010732	1.41555	0.156917	0.156917	1	1	0.945072	0.891279	0.45377	1
0.00438644	0.703168	0.481956	0.513179	1	1	0.999986	0.996572	0.796152	1
0.00774401	0.887394	0.374874	0.419014	1	1	0.99966	0.994303	0.801913	1
0.00503128	0.602715	0.546703	0.546703	1	1	0.999999	0.998519	0.865421	1
0.0102526	1.17299	0.240809	0.265126	1	1	0.990754	0.963338	0.682293	1
0.00490763	0.562776	0.573592	0.621913	1	1	0.999999	0.998283	0.787971	1
-0.00298109	-0.34764	0.728113	0.728113	1	1	1	0.999872	0.918867	1
0.00904959	1.09152	0.275051	0.396987	1	1	0.995781	0.969332	0.584483	1
0.001924	0.222084	0.82425	0.881346	1	1	1	0.999832	0.984229	1
-0.00553423	-0.63721	0.523993	0.695084	1	1	0.999997	0.994463	0.744312	1
0.0154992	1.78954	0.0735368	0.0933153	1	1	0.727053	0.656763	0.312531	1
-0.0016528	-0.18922	0.849921	0.849921	1	1	1	0.99999	0.965567	1
0.00348055	0.401759	0.687864	0.694028	1	1	1	0.999711	0.859056	1
-0.00465096	-0.531999	0.59473	0.669796	1	1	1	0.999138	0.905346	1
-0.00402467	-0.467945	0.639827	0.697523	1	1	1	0.99907	0.851506	1
0.012199	1.39015	0.164493	0.236455	1	1	0.952886	0.932508	0.656737	1
0.00783127	0.921497	0.356798	0.405085	1	1	0.999448	0.992205	0.796734	1
-0.00518942	-0.616378	0.53765	0.53765	1	1	0.999998	0.999554	0.974439	1
-0.00729265	-0.848717	0.396045	0.396045	1	1	0.999811	0.998167	0.978436	1
-0.00496382	-0.593281	0.552997	0.552997	1	1	0.999999	0.999098	0.880056	1
0.0198372	2.28194	0.0224993	0.0478156	0.382488	0.382488	0.320811	0.320811	0.259518	0.892627
0.0144681	1.71035	0.0872115	0.168677	1	1	0.788021	0.721271	0.370649	1
-0.0135816	-1.56502	0.117589	0.143822	1	1	0.880764	0.803337	0.322835	1
0.0194986	2.32527	0.0200639	0.0512887	0.341087	0.341087	0.291465	0.291465	0.341087	1
0.0045362	0.540307	0.588989	0.588989	1	1	1	0.999662	0.818962	1
-0.00238116	-0.276161	0.782427	0.782427	1	1	1	0.999931	0.956423	1
-0.00135988	-0.164841	0.86907	0.899103	1	1	1	0.996954	0.923387	1
-0.00126322	-0.157483	0.874865	0.874865	1	1	1	0.99983	0.929544	1
0.000999024	0.119061	0.905228	0.914851	1	1	1	0.999769	0.961804	1
-0.0014905	-0.177356	0.85923	0.901831	1	1	1	0.986497	0.85923	1
0.012931	1.56136	0.118449	0.164395	1	1	0.882724	0.829457	0.503407	1
0.00598012	0.674801	0.499807	0.516432	1	1	0.999992	0.997339	0.849673	1
-0.00959373	-1.11152	0.266353	0.499499	1	1	0.994832	0.939773	0.503111	1
0.00919899	1.05154	0.293016	0.394277	1	1	0.997246	0.984408	0.7054	1
0.00770054	0.924553	0.355206	0.499499	1	1	0.999424	0.987933	0.670944	1
0.00306009	0.346886	0.728679	0.743356	1	1	1	0.999601	0.901128	1
0.00437449	0.50033	0.616846	0.651206	1	1	1	0.997276	0.699092	1
0.00200564	0.233364	0.81548	0.821189	1	1	1	0.998896	0.915696	1
0.00446933	0.537948	0.590616	0.590616	1	1	1	0.999211	0.939353	1
-0.00307471	-0.354408	0.723035	0.723035	1	1	1	0.998915	0.877971	1
0.00153246	0.17713	0.859407	0.893656	1	1	1	0.999682	0.932611	1
0.00973053	1.1265	0.259961	0.303542	1	1	0.994011	0.980033	0.771901	1
-0.00311529	-0.357404	0.720792	0.720792	1	1	1	0.999946	0.890832	1
0.00106862	0.122421	0.902566	0.902566	1	1	1	0.999075	0.977572	1
-0.00999588	-1.13894	0.254735	0.254735	1	1	0.99325	0.971983	0.636813	1
-0.00473672	-0.55088	0.58172	0.58974	1	1	1	0.998964	0.839468	1
0.0095634	1.09296	0.274419	0.469043	1	1	0.995718	0.978149	0.581856	1
0.00398362	0.467108	0.640426	0.640426	1	1	1	0.999979	0.925984	1
-0.00799755	-0.948182	0.343044	0.481324	1	1	0.999209	0.989618	0.619835	1
0.0013059	0.152493	0.878799	0.878799	1	1	1	0.999996	0.966311	1
0.00167024	0.199562	0.841825	0.841825	1	1	1	1	0.999562	1
0.00778597	0.891416	0.372713	0.372713	1	1	0.999639	0.994083	0.819239	1
0.00135799	0.15959	0.873205	0.885005	1	1	1	0.996092	0.873205	1
-0.00165662	-0.19202	0.847728	0.877767	1	1	1	0.994516	0.847728	1
0.00994988	1.18778	0.234928	0.237346	1	1	0.989458	0.959782	0.66563	1
-7.54633e-06	-0.000897597	0.999284	0.999285	1	1	1	0.999996	0.999284	1
0.00394256	0.450978	0.652009	0.652009	1	1	1	0.999101	0.923679	1
-0.00433442	-0.524765	0.59975	0.69346	1	1	1	0.989728	0.709883	1
0.00365773	0.454355	0.649577	0.73044	1	1	1	0.995915	0.746474	1
-0.00293745	-0.350937	0.725638	0.725638	1	1	1	0.998932	0.881132	1
-0.00049672	-0.0598334	0.952289	0.952289	1	1	1	0.999398	0.952289	1
0.0102169	1.22417	0.220896	0.364491	1	1	0.985641	0.961029	0.661362	1
0.000175505	0.0197927	0.984209	0.984209	1	1	1	0.999977	0.997391	1
-0.00268719	-0.310173	0.756431	0.779826	1	1	1	0.999582	0.918523	1
-0.000239871	-0.0263785	0.978956	0.978956	1	1	1	0.999739	0.978956	1
0.00252229	0.276084	0.782486	0.80481	1	1	1	0.998578	0.886817	1
-0.0137422	-1.52295	0.127782	0.384099	1	1	0.902135	0.829163	0.362048	1
-0.0281963	-3.12147	0.00180126	0.0461672	0.0306214	0.0306214	0.030184	0.030184	0.0306214	0.105324
-0.00706012	-0.790114	0.429467	0.675168	1	1	0.999928	0.965511	0.575131	1
-0.0200212	-2.22363	0.0261811	0.327304	0.445079	0.366536	0.363015	0.310245	0.11127	0.382718
-0.0147153	-1.58987	0.111875	0.246811	1	1	0.866937	0.810052	0.345029	1
-0.0179553	-1.9398	0.0524133	0.308661	0.891026	0.681373	0.599574	0.503355	0.149114	0.512886
-0.0049438	-0.584311	0.559016	0.559016	1	1	0.999999	0.999877	0.985518	1
0.00841951	1.01063	0.312204	0.312204	1	1	0.998275	0.983705	0.75821	1
-0.0100391	-1.13892	0.254745	0.491999	1	1	0.993252	0.947149	0.496841	1
-0.0105691	-1.20889	0.226714	0.226714	1	1	0.987359	0.957559	0.570868	1
-0.00729482	-0.8058	0.420365	0.420365	1	1	0.999906	0.998608	0.943259	1
-0.0090969	-0.994268	0.3201	0.3201	1	1	0.998582	0.994388	0.707836	1
-0.000356417	-0.0492242	0.960741	0.972073	1	1	1	0.991419	0.960741	1
3.99346e-05	0.00490595	0.996086	0.997012	1	1	1	0.999619	0.996086	1
-0.0113285	-1.32936	0.183739	0.21311	1	1	0.968297	0.912512	0.471375	1
0.00434497	0.524275	0.600091	0.600091	1	1	1	0.999346	0.955929	1
0.00618385	0.723599	0.469317	0.499499	1	1	0.999979	0.998044	0.842916	1
0.00770403	0.877139	0.380418	0.380418	1	1	0.999708	0.994835	0.900618	1
-0.000793335	-0.10438	0.916868	0.93504	1	1	1	0.999425	0.989591	1
0.000585623	0.0688406	0.945117	0.961361	1	1	1	0.998254	0.989186	1
0.00526452	0.611113	0.541129	0.541129	1	1	0.999998	0.999586	0.984371	1
0.00440894	0.534687	0.592871	0.592871	1	1	1	0.999875	0.93343	1
0.000454902	0.0550561	0.956094	0.956094	1	1	1	0.99998	0.98363	1
0.0219102	2.66874	0.00761765	0.0186623	0.1295	0.1295	0.121901	0.121901	0.0877573	0.301846
0.0102698	1.26448	0.206069	0.332282	1	1	0.980216	0.950206	0.515159	1
0.0162203	1.945	0.0517838	0.177734	0.880325	0.724973	0.595028	0.524989	0.218813	0.75262
0.0139392	1.67077	0.0947765	0.140104	1	1	0.815987	0.718799	0.268533	0.923635
0.0145982	1.76801	0.0770695	0.0770695	1	1	0.744216	0.699714	0.436727	1
0.0129443	1.58052	0.113997	0.368733	1	1	0.872239	0.792673	0.38759	1
0.00381602	0.442777	0.65793	0.710154	1	1	1	0.997746	0.860371	1
0.0037368	0.435925	0.662894	0.662894	1	1	1	0.999833	0.933285	1
0.0017424	0.200434	0.841143	0.855015	1	1	1	0.999882	0.88045	1
0.00218751	0.250915	0.801882	0.809062	1	1	1	0.999991	0.990189	1
0.014673	1.68732	0.0915524	0.194934	1	1	0.804522	0.763136	0.518797	1
0.0103565	1.19066	0.233796	0.233796	1	1	0.989189	0.975966	0.977793	1
0.0195879	2.37056	0.0177672	0.0177672	0.302042	0.266507	0.262698	0.235783	0.100681	0.346296
0.0125243	1.55506	0.119943	0.119943	1	1	0.886058	0.852883	0.679676	1
0.0110953	1.27361	0.202812	0.354389	1	1	0.97879	0.958135	0.666923	1
0.0135566	1.5618	0.118346	0.277998	1	1	0.882491	0.848827	0.549644	1
0.00478033	0.536596	0.591551	0.591551	1	1	1	0.999871	0.982887	1
0.0110028	1.25114	0.210894	0.210894	1	1	0.982164	0.958257	0.68597	1
0.0141964	1.70729	0.0877775	0.0877775	1	1	0.790245	0.747936	0.497406	1
0.0168241	2.01564	0.0438462	0.0438462	0.745385	0.701539	0.533371	0.511973	0.372693	1
0.0155034	1.77637	0.0756813	0.087419	1	1	0.737597	0.716112	0.643291	1
0.0117738	1.3547	0.175522	0.175522	1	1	0.962412	0.953939	0.982067	1
0.0038235	0.462802	0.64351	0.784155	1	1	1	0.993533	0.699512	1
-0.00217551	-0.263221	0.792382	0.806892	1	1	1	0.998768	0.873493	1
0.0244121	2.82363	0.00475137	0.0117306	0.0807733	0.0807733	0.0777748	0.0777748	0.0807733	0.277824
0.0107016	1.2508	0.211016	0.382229	1	1	0.982211	0.954494	0.630394	1
0.0194265	2.25096	0.024395	0.069036	0.414715	0.414715	0.34286	0.34286	0.414715	1
0.0189287	2.19544	0.0281398	0.128069	0.478377	0.478377	0.384449	0.384449	0.341368	1
0.00571306	0.735941	0.461772	0.623685	1	1	0.999973	0.975689	0.654177	1
0.00674364	0.87458	0.381809	0.508229	1	1	0.999719	0.986404	0.649076	1
0.0109273	1.24302	0.21387	0.340909	1	1	0.983273	0.956205	0.678734	1
0.0189849	2.16247	0.03059	0.03059	0.52003	0.464349	0.410305	0.37576	0.173343	0.596224
-0.000777458	-0.0920068	0.926693	0.943141	1	1	1	0.997827	0.926693	1
0.000230104	0.0274653	0.978089	0.978089	1	1	1	0.999993	0.985376	1
0.00410563	0.462128	0.643993	0.643993	1	1	1	0.998554	0.89065	1
-0.00710386	-0.796697	0.425633	0.473612	1	1	0.999919	0.997756	0.74256	1
0.00295874	0.346758	0.728775	0.757801	1	1	1	0.997703	0.845594	1
0.00978202	1.11257	0.265902	0.488089	1	1	0.994778	0.96936	0.503858	1
0.00394243	0.498061	0.618445	0.668792	1	1	1	0.996914	0.796618	1
0.0210615	2.48097	0.013108	0.0478913	0.222836	0.222836	0.200932	0.200932	0.178828	0.615088
-0.00213172	-0.274305	0.783852	0.783852	1	1	1	0.999898	0.999922	1
-0.00297958	-0.377778	0.705598	0.705598	1	1	1	0.99988	0.899734	1
-0.00867961	-1.08834	0.276452	0.407832	1	1	0.995917	0.971546	0.671383	1
0.00132604	0.177604	0.859035	0.885799	1	1	1	0.999944	0.960764	1
0.0131992	1.50934	0.131222	0.191293	1	1	0.908493	0.908493	0.496824	1
0.0160676	1.82452	0.0680831	0.0680831	1	1	0.698413	0.652738	0.385804	1
0.0102421	1.22094	0.222116	0.305476	1	1	0.986019	0.961815	0.719347	1
0.0106293	1.267	0.205165	0.295268	1	1	0.97983	0.968073	0.781392	1
-0.0221692	-2.72251	0.00648254	0.062554	0.110203	0.103721	0.104669	0.0988272	0.0551016	0.189525
-0.0107572	-1.27243	0.203231	0.352276	1	1	0.978979	0.947842	0.548725	1
-0.0093595	-1.2015	0.229566	0.424128	1	1	0.988129	0.943234	0.514395	1
-0.00190677	-0.249165	0.803235	0.823954	1	1	1	0.999608	0.874971	1
-0.00985467	-1.22602	0.2202	0.499499	1	1	0.985421	0.911403	0.388994	1
-0.00377874	-0.451433	0.65168	0.779992	1	1	1	0.974029	0.738571	1
-0.000639938	-0.0842849	0.93283	0.959513	1	1	1	0.99481	0.93283	1
-0.00487011	-0.621728	0.534125	0.552679	1	1	0.999998	0.997196	0.788565	1
-0.00863326	-1.12376	0.261123	0.261123	1	1	0.994169	0.984939	0.861465	1
-0.00638726	-0.806262	0.420098	0.499499	1	1	0.999905	0.993795	0.748472	1
-0.012041	-1.47493	0.140241	0.414252	1	1	0.92337	0.879421	0.41718	1
-0.0104318	-1.2478	0.212115	0.239178	1	1	0.982627	0.96448	0.795284	1
-0.0156755	-2.03805	0.0415537	0.0415537	0.706413	0.623306	0.513982	0.470926	0.235471	0.809915
-0.0130694	-1.69738	0.0896346	0.0896346	1	1	0.797387	0.755524	0.507929	1
-0.011515	-1.56814	0.11686	0.142943	1	1	0.879078	0.84496	0.40986	1
-0.00985928	-1.32109	0.186481	0.381291	1	1	0.97006	0.938508	0.582234	1
-0.00826327	-1.07004	0.28461	0.375312	1	1	0.996633	0.984473	0.784014	1
-0.00930523	-1.17824	0.23871	0.388689	1	1	0.990309	0.977115	0.642969	1
-0.0110648	-1.37845	0.168076	0.168076	1	1	0.956205	0.90857	0.521313	1
-0.00988393	-1.24629	0.212669	0.24033	1	1	0.982834	0.94326	0.602563	1
-0.0093919	-1.17924	0.238312	0.238312	1	1	0.990223	0.970953	0.795218	1
-0.013938	-1.75994	0.0784274	0.208583	1	1	0.750539	0.706273	0.414023	1
-0.00335236	-0.435818	0.662972	0.662972	1	1	1	0.999834	0.892117	1
-0.00383142	-0.498221	0.618332	0.618332	1	1	1	0.999243	0.908138	1
-0.0161028	-2.06446	0.0389827	0.138715	0.662705	0.58474	0.491336	0.449232	0.220902	0.759803
-0.0134652	-1.69234	0.090591	0.090591	1	1	0.800975	0.709015	0.30801	1
-0.023255	-2.84225	0.00448258	0.0257209	0.0762039	0.0762039	0.0735315	0.0735315	0.0762039	0.262107
-0.0163238	-1.93526	0.0529673	0.0665833	0.900444	0.847477	0.603535	0.581361	0.450222	1
0.00145405	0.190276	0.849095	0.849095	1	1	1	0.999832	0.958903	1
-0.00523728	-0.672564	0.501229	0.501229	1	1	0.999993	0.998856	0.886875	1
-0.00881143	-1.10364	0.269759	0.269759	1	1	0.995225	0.987601	0.91718	1
-0.0129803	-1.58415	0.11317	0.11317	1	1	0.870196	0.813892	0.480972	1
-0.00666784	-0.905203	0.365365	0.499499	1	1	0.999561	0.991182	0.643519	1
-0.0079253	-1.04479	0.296128	0.296128	1	1	0.997445	0.985211	0.839028	1
-0.00940338	-1.15738	0.247128	0.408264	1	1	0.991978	0.965415	0.600168	1
-0.00869214	-1.11054	0.266776	0.569783	1	1	0.994883	0.91646	0.453519	1
-0.00509716	-0.616518	0.537557	0.537557	1	1	0.999998	0.999553	0.992071	1
-0.00714489	-0.833587	0.40452	0.40452	1	1	0.999851	0.996662	0.867889	1
-0.00510083	-0.576013	0.564611	0.767376	1	1	0.999999	0.961481	0.639892	1
-0.0129332	-1.54295	0.122854	0.298648	1	1	0.892299	0.792574	0.348087	1
0.00405164	0.468172	0.639665	0.73995	1	1	1	0.992457	0.72026	1
0.00477383	0.581208	0.561105	0.561105	1	1	0.999999	0.999389	0.828273	1
0.00260214	0.310703	0.756028	0.756028	1	1	1	0.999971	0.963471	1
0.00485039	0.572775	0.566802	0.607198	1	1	0.999999	0.995531	0.798106	1
-0.000585937	-0.0659765	0.947397	0.95294	1	1	1	0.999682	0.947397	1
0.00434316	0.488684	0.625069	0.663108	1	1	1	0.995299	0.79924	1
0.0129435	1.50834	0.131479	0.132827	1	1	0.908953	0.8793	0.689615	1
0.00741146	0.864685	0.387219	0.463719	1	1	0.999758	0.992535	0.803775	1
0.0131648	1.66169	0.0965852	0.109613	1	1	0.822138	0.822138	0.506473	1
0.0101286	1.24152	0.214424	0.214424	1	1	0.983473	0.973219	0.993432	1
0.00364041	0.413454	0.679277	0.694402	1	1	1	0.999675	0.863333	1
0.000742218	0.0851778	0.932121	0.932121	1	1	1	0.999993	0.998903	1
-0.00464409	-0.532096	0.594664	0.594664	1	1	1	0.99988	0.975112	1
-0.0015796	-0.183769	0.854196	0.854196	1	1	1	0.9997	0.968089	1
-0.00916625	-1.13437	0.256647	0.493424	1	1	0.993539	0.948483	0.458165	1
-0.0122705	-1.49225	0.135643	0.258849	1	1	0.916096	0.826092	0.334903	1
-0.0122432	-1.37361	0.169573	0.307536	1	1	0.957526	0.870487	0.411821	1
-0.0156448	-1.77486	0.0759314	0.151872	1	0.987109	0.738801	0.641776	0.258167	0.887978
0.00158214	0.177309	0.859267	0.859267	1	1	1	0.999747	0.955518	1
-0.00270132	-0.305892	0.759689	0.759689	1	1	1	0.999927	0.930059	1
0.0140839	1.56753	0.117001	0.151693	1	1	0.879406	0.824836	0.497253	1
0.0109193	1.22028	0.222366	0.410491	1	1	0.986095	0.951101	0.598272	1
0.0055948	0.645076	0.518883	0.583262	1	1	0.999996	0.993363	0.722506	1
0.00853373	0.992703	0.320862	0.499499	1	1	0.998609	0.973082	0.550776	1
0.00167661	0.198504	0.842652	0.842652	1	1	1	0.999982	0.925873	1
0.000256754	0.0299659	0.976094	0.976094	1	1	1	0.99997	0.976094	1
-0.00919474	-1.04364	0.29666	0.486275	1	1	0.997478	0.970376	0.542294	1
-0.0103954	-1.18868	0.234574	0.398631	1	1	0.989374	0.947164	0.524439	1
0.00647982	0.725626	0.468074	0.620719	1	1	0.999978	0.993591	0.77271	1
0.00209437	0.235518	0.813808	0.813808	1	1	1	0.999963	0.955616	1
0.00954147	1.12473	0.260713	0.499499	1	1	0.994114	0.934034	0.492458	1
0.00225626	0.2609	0.794172	0.819677	1	1	1	0.999631	0.966928	1
0.0145007	1.65398	0.0981424	0.158867	1	1	0.827279	0.787642	0.509338	1
0.00251253	0.287903	0.773423	0.815111	1	1	1	0.997548	0.842618	1
0.00450177	0.5092	0.610616	0.631149	1	1	1	0.998643	0.834212	1
0.00687281	0.769507	0.441599	0.443297	1	1	0.99995	0.997052	0.797768	1
0.00279808	0.332149	0.739779	0.808709	1	1	1	0.998807	0.957257	1
8.74071e-05	0.0105097	0.991615	0.994438	1	1	1	0.991615	0.991615	1
0.00285213	0.320165	0.748846	0.795713	1	1	1	0.999001	0.944321	1
0.0107734	1.19382	0.232559	0.336546	1	1	0.988889	0.981134	0.722408	1
0.00462446	0.509367	0.610499	0.741716	1	1	1	0.976984	0.74132	1
0.000118949	0.0132112	0.989459	0.989459	1	1	1	0.99938	0.989459	1
-0.0012146	-0.135149	0.892495	0.892495	1	1	1	0.999577	0.948276	1
-0.0230377	-2.57961	0.00989574	0.0895602	0.168228	0.168228	0.155546	0.155546	0.14099	0.484944
-0.00153797	-0.174477	0.861492	0.915459	1	1	1	0.998508	0.915335	1
-0.000764975	-0.0890554	0.929038	0.945138	1	1	1	0.99255	0.929038	1
0.00189722	0.277037	0.781754	0.85104	1	1	1	0.973277	0.830613	1
0.0194208	2.36203	0.0181813	0.0507658	0.309082	0.309082	0.267965	0.267965	0.309082	1
-0.000269738	-0.0346524	0.972357	0.972357	1	1	1	0.999928	0.972357	1
0.00352105	0.442307	0.65827	0.65827	1	1	1	0.999683	0.910479	1
-0.00392102	-0.490115	0.624056	0.653418	1	1	1	0.998916	0.852914	1
0.00124083	0.166309	0.867915	0.888982	1	1	1	0.99864	0.92216	1
0.0146634	1.69052	0.0909388	0.138865	1	1	0.802265	0.782485	0.77298	1
0.0182631	2.09499	0.0361803	0.128929	0.615065	0.542704	0.465523	0.424643	0.205022	0.705183
0.0139456	1.62548	0.10407	0.225284	1	1	0.845596	0.807641	0.58973	1
0.0122914	1.43024	0.152657	0.168799	1	1	0.940158	0.901638	0.528001	1
-0.00222684	-0.302587	0.762207	0.762207	1	1	1	0.999963	0.932271	1
-0.00305376	-0.381845	0.702579	0.778865	1	1	1	0.994442	0.852237	1
0.00220269	0.330763	0.740826	0.821559	1	1	1	0.994292	0.839603	1
0.00750052	1.08738	0.276879	0.499499	1	1	0.995958	0.956178	0.522994	1
0.00119237	0.147757	0.882536	0.9199	1	1	1	0.998909	0.882536	1
0.0050629	0.602406	0.546909	0.622548	1	1	0.999999	0.995988	0.774787	1
-0.00160647	-0.213264	0.831122	0.855678	1	1	1	0.999923	0.861824	1
-0.00683714	-0.875161	0.381493	0.477659	1	1	0.999716	0.995673	0.667048	1
-0.00798337	-0.965672	0.334216	0.499499	1	1	0.999008	0.974296	0.581082	1
-0.00442161	-0.526098	0.598824	0.598824	1	1	1	0.998892	0.848334	1
-0.00359156	-0.453163	0.650434	0.733597	1	1	1	0.988121	0.789813	1
-0.00558699	-0.695989	0.486441	0.499499	1	1	0.999988	0.997515	0.75124	1
-0.00545666	-0.674282	0.500137	0.500137	1	1	0.999992	0.999026	0.949661	1
-0.00893907	-1.09521	0.273434	0.308068	1	1	0.995618	0.984276	0.773297	1
-0.00582434	-0.762929	0.445511	0.445511	1	1	0.999956	0.999155	0.940102	1
-0.00314083	-0.410303	0.681586	0.754435	1	1	1	0.994845	0.776092	1
-0.00576506	-0.786675	0.431478	0.431478	1	1	0.999932	0.997995	0.904444	1
-0.0062486	-0.82559	0.409043	0.527985	1	1	0.999869	0.985867	0.695373	1
-0.00237197	-0.292329	0.770037	0.808265	1	1	1	0.997203	0.88667	1
-0.000887713	-0.110008	0.912404	0.912404	1	1	1	0.999601	0.95216	1
0.000712556	0.0927342	0.926115	0.94191	1	1	1	0.999597	0.964981	1
-0.0055428	-0.720208	0.471403	0.686968	1	1	0.99998	0.978185	0.61539	1
0.000500378	0.0633272	0.949506	0.971454	1	1	1	0.982036	0.949506	1
-0.00501697	-0.63359	0.526353	0.68502	1	1	0.999997	0.982527	0.688308	1
0.005726	0.680427	0.49624	0.548796	1	1	0.999991	0.996256	0.843607	1
-0.00237991	-0.282608	0.777479	0.846708	1	1	1	0.984921	0.826072	1
-0.00670864	-0.838721	0.401632	0.597468	1	1	0.999838	0.983566	0.682775	1
-0.000563661	-0.0689999	0.94499	0.960587	1	1	1	0.999167	0.94499	1
0.00544688	0.686299	0.49253	0.49253	1	1	0.99999	0.999274	0.825711	1
-0.00396541	-0.496232	0.619735	0.619735	1	1	1	0.999478	0.906904	1
-0.00322394	-0.407068	0.683961	0.701931	1	1	1	0.99883	0.726708	1
-0.00284148	-0.343236	0.731423	0.734436	1	1	1	0.999522	0.853957	1
-0.00818127	-1.04286	0.297022	0.526993	1	1	0.9975	0.937878	0.459035	1
-0.0129878	-1.64158	0.100687	0.100687	1	1	0.835378	0.816948	0.547296	1
-0.0066589	-0.795821	0.426142	0.426142	1	1	0.999921	0.996127	0.905552	1
-0.0141536	-1.73916	0.0820175	0.144495	1	1	0.766555	0.698226	0.283732	0.975911
-0.00111622	-0.134466	0.893035	0.893035	1	1	1	0.999988	0.988931	1
-0.00226092	-0.265824	0.790377	0.790377	1	1	1	0.999985	0.970896	1
0.00422865	0.49787	0.618579	0.618579	1	1	1	0.999645	0.911694	1
0.0219345	2.516	0.0118745	0.164588	0.201866	0.189991	0.183782	0.173973	0.100933	0.347164
-0.00423485	-0.517532	0.604788	0.604788	1	1	1	0.999765	0.886629	1
-0.00529344	-0.637253	0.523965	0.523965	1	1	0.999997	0.999716	0.80052	1
-0.00765199	-0.874117	0.382061	0.382061	1	1	0.999721	0.994984	0.905227	1
0.000835033	0.111302	0.911378	0.927928	1	1	1	0.999853	0.968339	1
0.0100142	1.14123	0.253783	0.253783	1	1	0.993102	0.970189	0.719052	1
0.011129	1.25527	0.20939	0.335073	1	1	0.981577	0.966319	0.625477	1
0.00308936	0.373532	0.708755	0.72355	1	1	1	0.999319	0.81641	1
0.00723235	0.8718	0.383324	0.383324	1	1	0.99973	0.998135	0.864331	1
-0.024201	-2.87148	0.00408836	0.0148923	0.0695022	0.0695022	0.0672748	0.0672748	0.0695022	0.239056
-0.0126113	-1.51618	0.129485	0.190343	1	1	0.905334	0.883944	0.733749	1
-0.0132767	-1.54573	0.122181	0.227753	1	1	0.890885	0.816235	0.415416	1
-0.00927719	-1.09876	0.271881	0.353737	1	1	0.995456	0.969505	0.660282	1
-0.0106246	-1.2818	0.199923	0.199923	1	1	0.977445	0.949885	0.67974	1
-0.00716446	-0.854905	0.39261	0.60529	1	1	0.999792	0.979375	0.606762	1
0.00226891	0.266472	0.789877	0.886161	1	1	1	0.99404	0.851574	1
-0.000744453	-0.0871637	0.930542	0.930542	1	1	1	0.99969	0.988701	1
0.00235769	0.272562	0.785192	0.785192	1	1	1	0.99988	0.940188	1
0.00696344	0.8068	0.419788	0.503652	1	1	0.999904	0.995223	0.71364	1
-0.0135555	-1.57898	0.114351	0.353055	1	1	0.873104	0.817332	0.473972	1
-0.00850618	-0.974822	0.329656	0.329656	1	1	0.998886	0.991767	0.822519	1
-0.0208295	-2.64263	0.00823063	0.0130435	0.139921	0.123459	0.131076	0.116594	0.0466402	0.160422
-0.0155414	-1.98597	0.0470455	0.0490295	0.799774	0.705683	0.559215	0.514619	0.266591	0.916955
-0.0134733	-1.63676	0.101691	0.216549	1	1	0.838475	0.777175	0.411784	1
-0.0152781	-1.81816	0.0690501	0.187929	1	0.966702	0.703689	0.632745	0.293463	1
-0.00656912	-0.762283	0.445897	0.499499	1	1	0.999956	0.995215	0.782033	1
-0.0103297	-1.20606	0.227805	0.343192	1	1	0.987659	0.962697	0.601187	1
-0.00931195	-1.13831	0.255	0.255	1	1	0.993291	0.978221	0.867	1
-0.0105879	-1.30041	0.193472	0.272409	1	1	0.974146	0.967944	0.725328	1
-0.0121632	-1.44764	0.147729	0.163326	1	1	0.933957	0.909078	0.788131	1
-0.0127042	-1.49385	0.135225	0.135225	1	1	0.915403	0.902174	0.936551	1
-0.00605885	-0.789816	0.429642	0.499499	1	1	0.999928	0.994211	0.707531	1
-0.00221237	-0.285838	0.775004	0.775004	1	1	1	0.999913	0.892357	1
-0.0228271	-2.75617	0.00585169	0.0266161	0.0994787	0.093627	0.0949553	0.0896281	0.0497394	0.171081
-0.0128961	-1.54522	0.122304	0.146726	1	1	0.891144	0.858693	0.541224	1
-0.0270656	-3.17584	0.00149551	0.00162582	0.0254237	0.0254237	0.0251217	0.0251217	0.0254237	0.087446
-0.0202619	-2.35272	0.0186429	0.0294261	0.316929	0.298287	0.273794	0.259998	0.158465	0.545048
-0.00310093	-0.409573	0.682122	0.807642	1	1	1	0.996281	0.764222	1
-0.00863647	-1.13409	0.256767	0.28627	1	1	0.993556	0.97715	0.642662	1
-0.00670579	-0.792782	0.427911	0.54082	1	1	0.999925	0.992964	0.727449	1
-0.0154419	-1.79307	0.0729715	0.0815729	1	1	0.724207	0.67908	0.413505	1
-0.00282871	-0.363454	0.716268	0.716268	1	1	1	0.999946	0.869754	1
-0.00411486	-0.520792	0.602516	0.602516	1	1	1	0.999687	0.935422	1
-0.00705029	-0.823316	0.410335	0.514509	1	1	0.999874	0.98893	0.697569	1
0.0035456	0.422582	0.672603	0.715196	1	1	1	0.999868	0.988858	1
-0.00709384	-0.803096	0.421925	0.458828	1	1	0.99991	0.995833	0.792089	1
-0.005043	-0.591487	0.554199	0.603219	1	1	0.999999	0.99844	0.804222	1
0.00512988	0.597747	0.550013	0.550013	1	1	0.999999	0.999446	0.920073	1
0.0177298	2.10268	0.0355019	0.0556649	0.603533	0.568031	0.459092	0.439182	0.301766	1
-0.00237741	-0.297106	0.766387	0.766387	1	1	1	0.999991	0.952544	1
-0.00224974	-0.270249	0.78697	0.78697	1	1	1	0.999914	0.924828	1
-0.00916703	-1.11345	0.265522	0.346552	1	1	0.994732	0.981898	0.671465	1
0.00176545	0.235089	0.814141	0.844526	1	1	1	0.999936	0.973513	1
0.00888107	1.01555	0.309851	0.309851	1	1	0.998172	0.98944	0.862826	1
0.0102225	1.16172	0.245359	0.245359	1	1	0.991652	0.985341	0.79829	1
0.0060961	0.739804	0.459425	0.459425	1	1	0.999971	0.998848	0.961087	1
0.00788641	0.958587	0.337774	0.337774	1	1	0.999094	0.996881	0.982073	1
-0.0264584	-3.12509	0.00177918	0.0109184	0.030246	0.0284668	0.0298193	0.0280901	0.015123	0.0520163
-0.0110409	-1.3027	0.192686	0.229225	1	1	0.973714	0.92335	0.469748	1
-0.0166262	-1.91861	0.0550434	0.271064	0.935737	0.825651	0.618054	0.572262	0.21815	0.750339
-0.00989267	-1.17164	0.241351	0.315798	1	1	0.990865	0.972424	0.76713	1
-0.0190834	-2.31859	0.0204236	0.0546621	0.347201	0.323109	0.295872	0.278495	0.0945071	0.325062
-0.013532	-1.64235	0.100528	0.279197	1	1	0.834884	0.687891	0.213622	0.734765
-0.00592889	-0.762889	0.445535	0.445535	1	1	0.999956	0.998556	0.771374	1
-0.00703641	-0.894374	0.371129	0.499499	1	1	0.999624	0.984616	0.68339	1
-0.0114854	-1.43347	0.151733	0.383191	1	1	0.939038	0.900125	0.50432	1
-0.0139369	-1.6925	0.0905611	0.186674	1	1	0.800864	0.708891	0.283662	0.975672
-0.013724	-1.61031	0.107341	0.227756	1	1	0.854905	0.837457	0.693815	1
-0.0121631	-1.41289	0.157698	0.191903	1	1	0.945931	0.923789	0.798733	1
-0.0151943	-1.93511	0.0529866	0.0529866	0.900772	0.794799	0.603672	0.558082	0.300257	1
-0.0105955	-1.36556	0.172087	0.172087	1	1	0.959659	0.928913	0.731368	1
-0.0114848	-1.50227	0.133039	0.207173	1	1	0.911693	0.864483	0.565416	1
-0.0085727	-1.11693	0.264033	0.285958	1	1	0.994547	0.965688	0.641222	1
-0.00715579	-0.897833	0.369282	0.369282	1	1	0.999604	0.996037	0.970739	1
-0.00882485	-1.09455	0.273722	0.273722	1	1	0.995647	0.978461	0.775547	1
-0.0155446	-1.90912	0.0562554	0.144936	0.956343	0.900087	0.626298	0.604022	0.449979	1
-0.0155759	-1.92694	0.0539961	0.141625	0.917934	0.809942	0.610794	0.565096	0.305978	1
-0.0142227	-1.68677	0.0916587	0.0916587	1	1	0.80491	0.739692	0.38955	1
-0.0151555	-1.82586	0.0678817	0.085894	1	1	0.697303	0.65161	0.384663	1
-0.00175833	-0.219097	0.826576	0.826576	1	1	1	0.999518	0.878237	1
-0.00157436	-0.196901	0.843906	0.843906	1	1	1	0.999989	0.988779	1
-0.0246079	-2.96762	0.00300348	0.0366738	0.0510591	0.0510591	0.0498505	0.0498505	0.0271004	0.0932132
-0.0146242	-1.75229	0.0797337	0.16841	1	1	0.756482	0.712457	0.451824	1
-0.0251998	-2.93289	0.00336068	0.00519756	0.0571316	0.0571316	0.0556211	0.0556211	0.0571316	0.196507
-0.0210218	-2.40793	0.0160492	0.105062	0.272836	0.256787	0.240465	0.228077	0.136418	0.469217
-0.00153105	-0.197971	0.843069	0.865941	1	1	1	0.999781	0.949513	1
-0.0054308	-0.700334	0.483724	0.618995	1	1	0.999987	0.994039	0.747574	1
-0.0112206	-1.34342	0.179146	0.239157	1	1	0.965125	0.936945	0.681102	1
-0.0158653	-1.8912	0.0586071	0.0586071	0.996321	0.8205	0.641817	0.570668	0.24908	0.856724
-0.00401838	-0.519208	0.60362	0.60362	1	1	1	0.999962	0.973313	1
-0.00670341	-0.861647	0.388889	0.457919	1	1	0.999769	0.992736	0.818118	1
-0.00800982	-0.920052	0.357553	0.445489	1	1	0.999459	0.992305	0.716536	1
-0.00509779	-0.600046	0.54848	0.570382	1	1	0.999999	0.997464	0.729197	1
-0.00502184	-0.610094	0.541804	0.541804	1	1	0.999998	0.998821	0.904211	1
-0.00908341	-1.06629	0.286302	0.427389	1	1	0.996766	0.984504	0.688108	1
0.00285752	0.338471	0.735011	0.735011	1	1	1	0.999998	0.972208	1
0.00358009	0.425102	0.670765	0.703581	1	1	1	0.999581	0.842516	1
0.0157053	1.82297	0.0683172	0.0683172	1	1	0.699698	0.654044	0.387131	1
0.0151578	1.70154	0.0888516	0.218417	1	1	0.794404	0.728201	0.348375	1
0.0163703	1.92996	0.0536211	0.102112	0.911559	0.804317	0.608163	0.562503	0.303853	1
-0.000846295	-0.0966842	0.922978	0.935031	1	1	1	0.994518	0.922978	1
-0.00395984	-0.46682	0.640632	0.663141	1	1	1	0.999722	0.936679	1
-0.00611544	-0.716029	0.473979	0.573399	1	1	0.999982	0.994138	0.762337	1
0.00309544	0.413284	0.679401	0.72006	1	1	1	0.99858	0.888448	1
0.00242279	0.333034	0.739111	0.814692	1	1	1	0.99736	0.80441	1
0.00955787	1.15398	0.248518	0.248518	1	1	0.992226	0.975625	0.795656	1
0.00598137	0.727819	0.46673	0.615627	1	1	0.999977	0.98711	0.661201	1
0.00293626	0.348298	0.727619	0.727619	1	1	1	0.999668	0.949383	1
0.00695512	0.802861	0.422061	0.467841	1	1	0.99991	0.997593	0.800234	1
0.00499355	0.576845	0.564048	0.564048	1	1	0.999999	0.998568	0.82318	1
0.0060669	0.690654	0.489788	0.583059	1	1	0.999989	0.992946	0.651237	1
0.0074175	0.896848	0.369807	0.369807	1	1	0.99961	0.996076	0.983558	1
0.00561519	0.674518	0.499987	0.499987	1	1	0.999992	0.999512	0.98768	1
0.0132566	1.55893	0.119024	0.119024	1	1	0.884019	0.850562	0.67447	1
0.0119579	1.38686	0.165495	0.165495	1	1	0.953838	0.920567	0.703355	1
0.0182589	2.13476	0.0327889	0.0327889	0.557412	0.491834	0.432637	0.393517	0.185804	0.639083
0.020692	2.37329	0.0176363	0.0380485	0.299818	0.264545	0.261027	0.234255	0.0999393	0.343746
0.0167859	2.05582	0.0398079	0.0398079	0.676734	0.597118	0.498711	0.456284	0.225578	0.775887
0.018192	2.21856	0.0265243	0.0265243	0.450914	0.397865	0.366821	0.331846	0.150305	0.51698
0.0154735	1.87062	0.0614079	0.0621684	1	0.921118	0.659508	0.613496	0.347978	1
0.011882	1.44982	0.14712	0.14712	1	1	0.93315	0.908099	0.833678	1
0.00989714	1.18648	0.235444	0.235444	1	1	0.989578	0.97668	0.930168	1
0.0123842	1.47647	0.139828	0.139828	1	1	0.922741	0.858873	0.475415	1
0.0191268	2.27259	0.0230576	0.0230576	0.39198	0.345865	0.327377	0.295252	0.13066	0.449412
0.0201634	2.40975	0.0159695	0.0425109	0.271481	0.239542	0.239418	0.214532	0.0904936	0.311257
0.015733	1.84104	0.0656248	0.0656248	1	0.853123	0.6846	0.586213	0.223124	0.767448
0.020031	2.36461	0.0180553	0.0628789	0.30694	0.27083	0.266366	0.239139	0.0961056	0.33056
0.00657723	0.819906	0.412276	0.473984	1	1	0.999881	0.995083	0.797967	1
0.00596842	0.747314	0.45488	0.45488	1	1	0.999967	0.999099	0.907895	1
0.0185701	2.20515	0.0274513	0.0309609	0.466673	0.41177	0.376993	0.341326	0.155558	0.535048
0.0191927	2.27602	0.0228516	0.0346173	0.388477	0.342773	0.32496	0.293018	0.129492	0.445395
0.0244614	2.92442	0.00345347	0.00345347	0.0587091	0.0552556	0.0571147	0.0538472	0.0293545	0.100966
0.016845	1.97282	0.0485246	0.0919014	0.824918	0.776394	0.570702	0.548809	0.394755	1
0.0138918	1.60463	0.108585	0.108585	1	1	0.858304	0.748256	0.307658	1
0.0178062	2.07925	0.0376023	0.0376023	0.639239	0.564034	0.478772	0.437246	0.21308	0.732899
0.00841014	0.975963	0.32909	0.32909	1	1	0.998869	0.996256	0.938487	1
0.0139917	1.64776	0.0994122	0.182723	1	1	0.831367	0.792082	0.5042	1
0.014199	1.81028	0.0702619	0.0702619	1	1	0.710179	0.664719	0.398151	1
0.0108388	1.39413	0.163288	0.174609	1	1	0.951718	0.931034	0.8748	1
0.0103901	1.24318	0.213811	0.213811	1	1	0.983252	0.956162	0.726959	1
0.00122009	0.148269	0.882131	0.882131	1	1	1	0.999807	0.999802	1
0.0082761	1.00597	0.314437	0.316592	1	1	0.998368	0.99042	0.868073	1
0.0145147	1.75157	0.0798573	0.212607	1	1	0.757038	0.713036	0.452525	1
0.0083106	1.15136	0.249591	0.249591	1	1	0.992413	0.982046	0.881051	1
0.00413452	0.526575	0.598492	0.659623	1	1	1	0.993469	0.726741	1
0.00162848	0.191494	0.84814	0.903419	1	1	1	0.984846	0.851631	1
-0.00353428	-0.407839	0.683395	0.699054	1	1	1	0.999899	0.922188	1
0.00685018	0.829941	0.406578	0.406578	1	1	0.99986	0.996786	0.987405	1
1.85546e-06	0.000226418	0.999819	0.999847	1	1	1	0.999819	0.999819	1
-0.00213444	-0.244041	0.807201	0.853294	1	1	1	0.999949	0.968795	1
-0.00659525	-0.747161	0.454972	0.619236	1	1	0.999967	0.985713	0.703139	1
-0.0165112	-1.93972	0.0524233	0.234853	0.891195	0.786349	0.599646	0.554122	0.297065	1
-0.0184525	-2.14767	0.0317479	0.0935949	0.539714	0.488135	0.422165	0.390878	0.179905	0.618792
-0.0171942	-2.2373	0.025274	0.025274	0.429658	0.404384	0.352852	0.336072	0.214829	0.738915
-0.0167322	-2.11105	0.034776	0.113024	0.591192	0.52164	0.45213	0.41194	0.197064	0.677812
-0.00301876	-0.377713	0.705646	0.705646	1	1	1	0.999235	0.903752	1
-0.00732334	-0.902825	0.366626	0.400544	1	1	0.999575	0.993419	0.828787	1
0.0028662	0.345012	0.730087	0.77335	1	1	1	0.998567	0.95473	1
0.00340881	0.404877	0.685571	0.690649	1	1	1	0.999696	0.889404	1
-0.00474663	-0.546599	0.584658	0.584658	1	1	1	0.999679	0.83419	1
0.00407902	0.466929	0.640554	0.668838	1	1	1	0.997843	0.847056	1
0.00678112	0.773243	0.439385	0.593201	1	1	0.999947	0.982364	0.622461	1
0.00942751	1.07162	0.2839	0.33159	1	1	0.996576	0.96454	0.603288	1
-0.00647984	-0.773785	0.439064	0.516754	1	1	0.999946	0.992607	0.746408	1
-0.00114636	-0.137398	0.890717	0.893283	1	1	1	0.999734	0.946387	1
-0.00924438	-1.04183	0.297501	0.297501	1	1	0.997528	0.985554	0.72215	1
-0.00133859	-0.151872	0.879289	0.890377	1	1	1	0.997461	0.901447	1
-0.000241251	-0.0278093	0.977814	0.977814	1	1	1	0.999909	0.977814	1
-0.00465759	-0.539488	0.589554	0.721439	1	1	1	0.99659	0.835202	1
0.00150014	0.185375	0.852936	0.852936	1	1	1	0.999902	0.941624	1
0.00327038	0.394185	0.693447	0.693447	1	1	1	0.999993	0.94556	1
0.00936807	1.08768	0.276745	0.499499	1	1	0.995945	0.945847	0.507901	1
0.00715329	0.833046	0.404825	0.567742	1	1	0.999852	0.984255	0.655207	1
-0.000193044	-0.0229603	0.981682	0.985204	1	1	1	0.999528	0.981682	1
0.00950373	1.12987	0.258542	0.348671	1	1	0.993813	0.972392	0.732535	1
-0.00489189	-0.573876	0.566056	0.644359	1	1	0.999999	0.994783	0.701761	1
0.00403497	0.470986	0.637654	0.688652	1	1	1	0.997737	0.877095	1
-0.0128887	-1.49633	0.134578	0.195773	1	1	0.914321	0.833733	0.381305	1
0.000754601	0.0883631	0.929589	0.93799	1	1	1	0.999994	0.991542	1
-0.00579822	-0.711385	0.476851	0.557211	1	1	0.999984	0.99439	0.810647	1
-0.0113789	-1.41213	0.157923	0.1736	1	1	0.946175	0.936081	0.793379	1
-0.00490478	-0.608687	0.542736	0.629243	1	1	0.999998	0.99582	0.727956	1
0.00260002	0.324917	0.745246	0.756903	1	1	1	0.999765	0.940081	1
7.65445e-05	0.00868884	0.993067	0.996087	1	1	1	0.997679	0.993067	1
-0.0110288	-1.23958	0.21514	0.217049	1	1	0.983727	0.961561	0.731476	1
0.00606524	0.682239	0.495093	0.715446	1	1	0.999991	0.93501	0.601185	1
0.00619176	0.694135	0.487603	0.638515	1	1	0.999988	0.990726	0.753568	1
0.00441664	0.502359	0.615419	0.615419	1	1	1	0.999134	0.927264	1
0.0132209	1.51583	0.129574	0.355412	1	1	0.905497	0.856699	0.506292	1
0.00413027	0.467252	0.640323	0.640323	1	1	1	0.998819	0.777535	1
-0.000447941	-0.0513115	0.959078	0.959078	1	1	1	0.999961	0.962237	1
0.00239706	0.288963	0.772612	0.827683	1	1	1	0.990131	0.8209	1
0.0213653	2.46664	0.0136442	0.0220192	0.231951	0.231951	0.20828	0.20828	0.231951	0.797807
0.0120407	1.56549	0.117477	0.179261	1	1	0.880508	0.826155	0.499279	1
0.00694357	0.934258	0.350178	0.465343	1	1	0.999343	0.986574	0.731987	1
0.00476254	0.593234	0.553029	0.575701	1	1	0.999999	0.997619	0.783457	1
0.000999098	0.13494	0.89266	0.924076	1	1	1	0.998565	0.946356	1
0.0155108	1.74928	0.0802529	0.197279	1	1	0.758808	0.737762	0.55733	1
0.0135776	1.52661	0.126868	0.126868	1	1	0.900378	0.850336	0.445677	1
0.0125002	1.50844	0.131453	0.320785	1	1	0.908906	0.879246	0.563261	1
0.0107243	1.32618	0.184789	0.291639	1	1	0.968984	0.968984	0.741859	1
-0.0237421	-2.73572	0.00622796	0.0761157	0.105875	0.0996473	0.100761	0.0951254	0.0529376	0.182082
-0.00623122	-0.744	0.456882	0.574216	1	1	0.999969	0.992429	0.711487	1
-0.0104905	-1.27269	0.203137	0.390376	1	1	0.978937	0.917734	0.493333	1
0.000628844	0.0784635	0.93746	0.947415	1	1	1	0.998837	0.93746	1
-0.00653928	-0.80371	0.421571	0.421571	1	1	0.999909	0.998597	0.967519	1
0.000471727	0.0560073	0.955336	0.963819	1	1	1	0.995122	0.955336	1
0.00429171	0.540817	0.588638	0.646628	1	1	1	0.99578	0.710842	1
-0.00169255	-0.205168	0.837443	0.837443	1	1	1	0.999995	0.988434	1
-0.000850392	-0.110902	0.911695	0.911695	1	1	1	0.999957	0.985333	1
0.00126457	0.157629	0.874751	0.874751	1	1	1	0.999969	0.901456	1
0.00337498	0.408375	0.683001	0.766449	1	1	1	0.999159	0.953804	1
0.0104138	1.21181	0.225596	0.348775	1	1	0.987045	0.953483	0.564079	1
0.000914216	0.116468	0.907282	0.914465	1	1	1	0.999876	0.916837	1
0.00891223	1.13844	0.254945	0.47153	1	1	0.993283	0.947291	0.478883	1
0.00248133	0.354004	0.723339	0.78576	1	1	1	0.99055	0.768547	1
-0.00158126	-0.211899	0.832187	0.882479	1	1	1	0.999819	0.94815	1
0.00601919	0.783958	0.433071	0.529875	1	1	0.999935	0.990808	0.70349	1
0.00461899	0.57594	0.56466	0.56466	1	1	0.999999	0.99891	0.760047	1
0.0141501	1.76875	0.0769459	0.381963	1	1	0.743633	0.646855	0.261616	0.899842
0.0120376	1.46842	0.142002	0.27308	1	1	0.925993	0.882831	0.602821	1
0.0111919	1.41502	0.157072	0.304887	1	1	0.945244	0.850055	0.369277	1
0.014226	1.70278	0.0886203	0.286353	1	1	0.793515	0.751406	0.438696	1
0.00161309	0.194175	0.84604	0.883782	1	1	1	0.999883	0.945203	1
0.000631324	0.074721	0.940437	0.940437	1	1	1	0.999906	0.987595	1
0.000999415	0.123742	0.901521	0.901521	1	1	1	0.998746	0.928791	1
0.00623498	0.764256	0.44472	0.642403	1	1	0.999955	0.983723	0.652097	1
-0.00903383	-1.0401	0.298301	0.299549	1	1	0.997576	0.986291	0.845185	1
-0.00235562	-0.277379	0.781491	0.781491	1	1	1	0.999992	0.99958	1
0.00932443	1.18155	0.237394	0.401906	1	1	0.990021	0.96131	0.644444	1
0.00205222	0.261632	0.793607	0.844357	1	1	1	0.998452	0.868269	1
-0.00214027	-0.280511	0.779088	0.813172	1	1	1	0.998923	0.867529	1
-0.00462268	-0.550634	0.581889	0.581889	1	1	1	0.999609	0.999605	1
0.00384175	0.47807	0.632604	0.632604	1	1	1	0.999838	0.971268	1
-0.000901451	-0.110215	0.91224	0.934823	1	1	1	0.999324	0.997391	1
-0.00481105	-0.548044	0.583666	0.583666	1	1	1	0.999935	0.968273	1
-0.0088842	-1.00967	0.312662	0.378519	1	1	0.998294	0.983824	0.759322	1
-0.00122807	-0.143006	0.886287	0.886287	1	1	1	0.999985	0.990985	1
0.00166462	0.190334	0.849049	0.849049	1	1	1	0.999973	0.991541	1
0.0232458	2.66398	0.00772629	0.00772629	0.131347	0.123621	0.123534	0.116709	0.0656735	0.225887
0.00771097	0.881509	0.378049	0.378049	1	1	0.999688	0.995666	0.91812	1
0.0170733	1.93937	0.0524654	0.131455	0.891912	0.845456	0.599948	0.579875	0.350018	1
0.00547573	0.634874	0.525515	0.525515	1	1	0.999997	0.999422	0.858206	1
0.0206167	2.34988	0.0187856	0.0478166	0.319355	0.30057	0.275586	0.261717	0.155172	0.533724
0.0133217	1.51951	0.128644	0.140732	1	1	0.903767	0.854542	0.505315	1
0.0287453	3.25659	0.0011288	0.0551473	0.0191897	0.0191897	0.0190174	0.0190174	0.0191897	0.0660039
0.00473124	0.554521	0.579226	0.579226	1	1	1	0.999017	0.971277	1
0.0187063	2.13092	0.0331033	0.103446	0.562756	0.562756	0.435763	0.435763	0.562756	1
0.00413156	0.472053	0.636892	0.636892	1	1	1	0.998972	0.636892	1
-0.00222999	-0.254482	0.799125	0.799125	1	1	1	0.999906	0.879956	1
0.00932446	1.06902	0.28507	0.28507	1	1	0.99667	0.987252	0.955624	1
0.00507304	0.574487	0.565643	0.565643	1	1	0.999999	0.99945	0.889026	1
0.0110779	1.29772	0.194392	0.194392	1	1	0.974643	0.948883	0.58621	1
0.00649503	0.754909	0.450309	0.450309	1	1	0.999962	0.998816	0.831054	1
0.0156811	1.85386	0.0637689	0.161842	1	0.956533	0.673779	0.627826	0.353865	1
0.00504509	0.587089	0.557148	0.557148	1	1	0.999999	0.998612	0.89727	1
0.00342623	0.406872	0.684105	0.757846	1	1	1	0.999108	0.894598	1
0.0177035	2.07112	0.0383559	0.0383559	0.652051	0.613695	0.485667	0.465153	0.326025	1
0.0241739	2.79572	0.00518166	0.0143531	0.0880882	0.0829065	0.0845295	0.0797612	0.0440441	0.151492
0.0190499	2.18587	0.0288325	0.17417	0.490152	0.490152	0.391864	0.391864	0.277345	0.953943
0.0113393	1.32734	0.184407	0.184407	1	1	0.968735	0.955915	0.91195	1
0.0198359	2.4082	0.0160373	0.0160373	0.272635	0.272635	0.24031	0.24031	0.272635	0.937741
0.00741399	0.886628	0.375286	0.375286	1	1	0.999664	0.994344	0.858593	1
0.00917704	1.08638	0.277317	0.277317	1	1	0.996	0.994464	0.926716	1
0.0205697	2.51584	0.0118798	0.111165	0.201957	0.190077	0.183858	0.174045	0.0861908	0.296458
-0.0045339	-0.511796	0.608798	0.608798	1	1	1	0.999495	0.900925	1
0.0140006	1.69465	0.0901527	0.229291	1	1	0.799338	0.779455	0.544327	1
0.00944786	1.12285	0.261512	0.269186	1	1	0.994221	0.989404	0.930432	1
0.0157613	1.87603	0.0606607	0.0974958	1	0.90991	0.65487	0.608855	0.32249	1
0.0295658	3.51618	0.000438432	0.00185744	0.00745334	0.00745334	0.00742726	0.00742726	0.00745334	0.0256362
0.0218057	2.59692	0.00941078	0.0279404	0.159983	0.159983	0.148487	0.148487	0.159983	0.550271
0.0107546	1.26121	0.207242	0.379259	1	1	0.980707	0.937026	0.440388	1
0.0196361	2.37943	0.0173456	0.051906	0.294875	0.260183	0.257299	0.230848	0.0982915	0.338079
0.0077134	0.926423	0.354234	0.354234	1	1	0.999409	0.997807	0.980739	1
0.0242941	3.00546	0.00265392	0.0292779	0.0451166	0.0451166	0.0441713	0.0441713	0.0451166	0.155181
0.0228621	2.65234	0.00799772	0.00799772	0.135961	0.135961	0.127601	0.127601	0.135961	0.467646
0.0138558	1.68274	0.092436	0.23615	1	1	0.807729	0.716597	0.314282	1
0.0120615	1.43231	0.152065	0.288319	1	1	0.939444	0.898313	0.488705	1
0.0283813	3.41117	0.00064767	0.00572392	0.0110104	0.0103627	0.0109535	0.0103125	0.0055052	0.0189354
0.000195285	0.0221159	0.982356	0.988239	1	1	1	0.999546	0.982356	1
0.0129262	1.58343	0.113333	0.272856	1	1	0.870601	0.814369	0.481664	1
0.00920002	1.09313	0.274347	0.274347	1	1	0.995711	0.984531	0.773868	1
0.0109116	1.3698	0.170761	0.25895	1	1	0.958547	0.927303	0.725733	1
0.0137169	1.63948	0.101123	0.204352	1	1	0.836731	0.775197	0.429773	1
0.00681118	0.795973	0.426054	0.426054	1	1	0.99992	0.996121	0.721238	1
0.0146745	1.7186	0.0856982	0.291526	1	1	0.781967	0.658748	0.242811	0.835163
0.00514994	0.603682	0.546059	0.546059	1	1	0.999999	0.999386	0.935909	1
0.0128571	1.48025	0.138816	0.177757	1	1	0.92118	0.893722	0.601327	1
0.0228525	2.71647	0.0066019	0.0513998	0.112232	0.10563	0.106496	0.100558	0.0561162	0.193015
0.0176381	2.03762	0.0415965	0.0518437	0.70714	0.582351	0.514351	0.448332	0.176785	0.608061
0.0265447	3.20875	0.00133449	0.0263208	0.0226863	0.0226863	0.0224457	0.0224457	0.0226863	0.0780306
0.000201761	0.0231772	0.981509	0.982144	1	1	1	0.998778	0.981509	1
0.0185508	2.18167	0.0291417	0.144948	0.49541	0.466268	0.395148	0.376993	0.215881	0.742532
0.0192236	2.26332	0.023623	0.113104	0.401592	0.354346	0.333964	0.301345	0.0915096	0.314752
0.00192008	0.227279	0.820209	0.820209	1	1	1	0.999998	0.923439	1
0.0169897	2.01536	0.0438756	0.162628	0.745884	0.702009	0.533614	0.512212	0.372942	1
0.0278911	3.30369	0.000955291	0.0735688	0.01624	0.0152847	0.0161164	0.0151756	0.00811998	0.0279291
0.00549119	0.734036	0.462932	0.468649	1	1	0.999974	0.998005	0.702521	1
0.018791	2.23582	0.0253705	0.107251	0.431299	0.431299	0.353941	0.353941	0.245798	0.845437
0.0207425	2.47811	0.0132132	0.0731706	0.224624	0.224624	0.202379	0.202379	0.165112	0.567912
0.0129709	1.54207	0.123067	0.177764	1	1	0.892743	0.87769	0.745676	1
0.0212528	2.56742	0.0102504	0.0102504	0.174257	0.174257	0.160674	0.160674	0.174257	0.599365
0.00686352	0.864375	0.387389	0.489369	1	1	0.999759	0.99537	0.710423	1
0.0192522	2.33353	0.0196269	0.0196269	0.333658	0.314031	0.286074	0.271781	0.166829	0.573817
0.0231842	2.81419	0.00489316	0.0105754	0.0831837	0.0782905	0.0800058	0.075482	0.0415918	0.143057
0.0177278	2.12131	0.0339036	0.0478535	0.576361	0.508554	0.44365	0.403917	0.19212	0.660808
0.00913738	1.13485	0.256449	0.494803	1	1	0.993509	0.956106	0.494224	1
0.023238	2.74149	0.00611965	0.00611965	0.104034	0.104034	0.0990933	0.0990933	0.104034	0.35783
0.0264584	3.18676	0.0014402	0.0483666	0.0244833	0.0244833	0.0242033	0.0242033	0.0244833	0.0842118
0.0303282	3.76607	0.000166145	0.00171212	0.00282446	0.00282446	0.00282071	0.00282071	0.00282446	0.00971489
0.00844891	1.12368	0.261157	0.261157	1	1	0.994174	0.973538	0.697467	1
0.0245351	3.26343	0.00110193	0.00110193	0.0187328	0.0187328	0.0185685	0.0185685	0.0187328	0.0644323
0.0129984	1.52298	0.127775	0.127775	1	1	0.902121	0.852497	0.502839	1
0.0127239	1.63948	0.101123	0.14867	1	1	0.836731	0.797929	0.573031	1
0.00990127	1.3478	0.177733	0.177733	1	1	0.96409	0.956328	0.727673	1
-0.000675888	-0.0651559	0.94805	0.960404	1	1	1	0.999839	0.980384	1
-0.0105526	-1.01361	0.31078	0.31078	1	1	0.998213	0.988511	0.880544	1
0.00445508	0.423748	0.671753	0.782557	1	1	1	0.968362	0.671753	1
-0.0072116	-0.686127	0.49264	0.583999	1	1	0.99999	0.989532	0.644222	1
0.00344	0.329151	0.742045	0.783385	1	1	1	0.999709	0.894868	1
0.0197487	1.87316	0.0610587	0.0610587	1	1	0.657348	0.657348	0.536077	1
0.0048785	0.469377	0.638805	0.638805	1	1	1	0.999651	0.842568	1
-0.0105743	-1.01012	0.312448	0.338532	1	1	0.998285	0.978857	0.663952	1
-0.0161483	-1.54335	0.122761	0.265973	1	1	0.892103	0.850814	0.521733	1
-0.0086396	-0.825405	0.409151	0.470918	1	1	0.99987	0.995183	0.807846	1
-0.0122111	-1.16793	0.242847	0.242847	1	1	0.991167	0.973123	0.723196	1
-0.00694138	-0.661818	0.508095	0.555023	1	1	0.999994	0.995763	0.785237	1
-0.00979802	-0.934073	0.350276	0.350276	1	1	0.999345	0.99129	0.85067	1
0.00461301	0.442444	0.658172	0.658172	1	1	1	0.999634	0.885224	1
0.00815933	0.775572	0.43801	0.467442	1	1	0.999944	0.998234	0.804757	1
-0.00451073	-0.433819	0.664424	0.664424	1	1	1	0.999839	0.984946	1
-0.0132179	-1.27707	0.20159	0.394232	1	1	0.978231	0.946428	0.574232	1
0.00041494	0.0397988	0.968254	0.968254	1	1	1	0.999382	0.968254	1
-0.000424055	-0.0404943	0.967699	0.967699	1	1	1	0.999966	0.988065	1
-0.0175964	-1.67585	0.093782	0.093782	1	1	0.81252	0.793118	0.797147	1
-0.0181289	-1.72091	0.0852811	0.163045	1	1	0.78027	0.78027	0.656957	1
-0.0030299	-0.288715	0.772802	0.858979	1	1	1	0.997414	0.875842	1
-0.00648279	-0.61915	0.535823	0.535823	1	1	0.999998	0.999474	0.849906	1
0.0183433	1.74405	0.0811645	0.0811645	1	1	0.76284	0.719091	0.326782	1
-0.0157475	-1.49673	0.134478	0.230495	1	1	0.914152	0.847026	0.434358	1
-0.00311632	-0.299572	0.764506	0.853153	1	1	1	0.996924	0.928329	1
0.00325812	0.310237	0.756383	0.805506	1	1	1	0.991888	0.857235	1
-0.00317781	-0.308323	0.75784	0.75784	1	1	1	0.999951	0.968056	1
0.00247684	0.237458	0.812304	0.812304	1	1	1	0.99995	0.924416	1
-0.00605653	-0.579953	0.561952	0.659854	1	1	0.999999	0.996114	0.747612	1
-0.00286501	-0.273353	0.784584	0.855544	1	1	1	0.991998	0.784584	1
-0.0145017	-1.38313	0.166639	0.431729	1	1	0.954901	0.887799	0.384664	1
-0.00228934	-0.218751	0.826846	0.849102	1	1	1	0.999103	0.880048	1
-0.000859571	-0.0817166	0.934873	0.934873	1	1	1	0.999523	0.942732	1
-0.00828963	-0.794247	0.42706	0.42706	1	1	0.999923	0.999283	0.922274	1
-0.00708771	-0.675018	0.499671	0.574978	1	1	0.999992	0.996073	0.765894	1
-0.00517186	-0.494135	0.621215	0.621215	1	1	1	0.9997	0.9873	1
0.00760662	0.736379	0.461508	0.640636	1	1	0.999973	0.983282	0.60351	1
-0.0169886	-1.61728	0.105832	0.305438	1	1	0.850677	0.821838	0.520214	1
0.0165099	1.59173	0.111459	0.111459	1	1	0.865872	0.849047	0.9474	1
-0.0037515	-0.356191	0.721701	0.785842	1	1	1	0.999535	0.872641	1
0.00604934	0.575216	0.565151	0.565151	1	1	0.999999	0.999945	0.982399	1
-0.00829579	-0.785541	0.432145	0.432145	1	1	0.999934	0.998876	0.970683	1
0.00750342	0.725001	0.468459	0.468459	1	1	0.999978	0.998856	0.953029	1
-0.00327075	-0.315681	0.752248	0.767405	1	1	1	0.997369	0.852547	1
-0.00879959	-0.840362	0.400714	0.403153	1	1	0.999834	0.994025	0.851518	1
0.0157704	1.50486	0.132374	0.132374	1	1	0.910536	0.881154	0.750122	1
0.00315494	0.300014	0.764169	0.768419	1	1	1	0.999828	0.98901	1
0.000658497	0.0629266	0.949825	0.949825	1	1	1	0.999998	0.992242	1
0.0133553	1.26577	0.205607	0.231866	1	1	0.98002	0.949828	0.639594	1
0.0114941	1.09378	0.274065	0.395238	1	1	0.995682	0.978582	0.702617	1
0.0210731	1.9929	0.0462846	0.221531	0.786838	0.786838	0.553193	0.553193	0.420134	1
0.000669606	0.0646893	0.948422	0.956727	1	1	1	0.998855	0.948422	1
-0.0131616	-1.25956	0.207842	0.207842	1	1	0.980954	0.969649	0.842919	1
0.015436	1.47775	0.139488	0.291247	1	1	0.92222	0.877934	0.592825	1
-0.00620165	-0.599595	0.548782	0.613065	1	1	0.999999	0.992949	0.777442	1
0.0100198	0.960323	0.336903	0.432049	1	1	0.999074	0.989102	0.772881	1
0.00832274	0.811536	0.417067	0.417067	1	1	0.999896	0.99846	0.839256	1
0.0129986	1.23742	0.215946	0.374938	1	1	0.984009	0.964539	0.61058	1
-0.0012273	-0.116738	0.907068	0.907068	1	1	1	0.999147	0.907068	1
0.0135084	1.29017	0.197005	0.270686	1	1	0.976005	0.953658	0.685471	1
0.0210638	2.01569	0.0438442	0.0438442	0.745351	0.745351	0.533354	0.533354	0.745351	1
0.00249926	0.241015	0.809546	0.833376	1	1	1	0.999776	0.98302	1
-0.00558316	-0.530125	0.596031	0.596031	1	1	1	0.999139	0.803829	1
0.0089794	0.859003	0.390348	0.497337	1	1	0.999778	0.994409	0.741826	1
-0.0045296	-0.434639	0.663828	0.663828	1	1	1	0.999982	0.912174	1
-0.0192415	-1.83598	0.0663731	0.271167	1	0.950104	0.688866	0.625262	0.282086	0.970248
0.00906689	0.87	0.38431	0.38431	1	1	0.999737	0.995181	0.883965	1
0.0111364	1.06329	0.28766	0.499499	1	1	0.996869	0.961908	0.540164	1
-0.00739898	-0.708897	0.478396	0.478396	1	1	0.999984	0.998509	0.821639	1
0.00249637	0.241452	0.809207	0.809207	1	1	1	0.99998	0.920764	1
-0.00590268	-0.561424	0.574514	0.574514	1	1	1	0.999917	0.994284	1
-0.0110673	-1.05535	0.291278	0.291278	1	1	0.997129	0.988619	0.854268	1
-0.000746304	-0.0714774	0.943018	0.943942	1	1	1	0.999321	0.943018	1
-0.00477956	-0.457225	0.647514	0.682205	1	1	1	0.997582	0.787087	1
0.00686519	0.656657	0.511408	0.612278	1	1	0.999995	0.993353	0.790358	1
-0.00295902	-0.28083	0.778843	0.811975	1	1	1	0.995766	0.819104	1
0.00050788	0.048904	0.960996	0.960996	1	1	1	0.999976	0.960996	1
-0.00544136	-0.530207	0.595973	0.595973	1	1	1	0.999884	0.963588	1
0.00578789	0.546909	0.584446	0.638541	1	1	1	0.999111	0.989969	1
0.00011094	0.0106607	0.991494	0.991494	1	1	1	0.999927	0.991494	1
0.00609406	0.578214	0.563125	0.563125	1	1	0.999999	0.999329	0.829338	1
-0.0106883	-1.02232	0.306642	0.426907	1	1	0.998022	0.982195	0.687848	1
-0.0123082	-1.1727	0.240928	0.303596	1	1	0.990778	0.97249	0.794678	1
-0.00624004	-0.597841	0.549952	0.549952	1	1	0.999999	0.999243	0.883978	1
0.00330746	0.312747	0.754476	0.80351	1	1	1	0.999781	0.892011	1
-0.00185564	-0.176363	0.86001	0.86001	1	1	1	0.999985	0.933063	1
-0.00940182	-0.898754	0.368793	0.368793	1	1	0.999599	0.993663	0.89564	1
-0.0132412	-1.27423	0.202593	0.326669	1	1	0.978691	0.947297	0.653804	1
-0.0153502	-1.47085	0.141346	0.141346	1	1	0.925026	0.881572	0.475483	1
-0.0126751	-1.21669	0.223734	0.296622	1	1	0.986505	0.977604	0.698568	1
-0.00504224	-0.497379	0.618926	0.687721	1	1	1	0.99774	0.825253	1
0.0156483	1.51882	0.12882	0.12882	1	1	0.904097	0.865753	0.547487	1
0.00908567	0.888769	0.374137	0.436837	1	1	0.999653	0.994229	0.761108	1
0.0151381	1.44851	0.147488	0.287457	1	1	0.93364	0.881168	0.501459	1
0.0030386	0.291327	0.770804	0.770804	1	1	1	0.999757	0.879921	1
-6.91443e-05	-0.00661641	0.994721	0.994721	1	1	1	0.999978	0.994721	1
0.0296733	2.84429	0.00445503	0.0112807	0.0757356	0.0757356	0.0730956	0.0730956	0.0757356	0.260497
0.00389672	0.370364	0.711115	0.825196	1	1	1	0.998902	0.841002	1
-0.0139939	-1.37203	0.170067	0.284594	1	1	0.957953	0.938955	0.719586	1
-0.0173739	-1.67485	0.0939769	0.0939769	1	1	0.813204	0.813204	0.924126	1
-0.0238483	-2.28764	0.0221674	0.0221674	0.376846	0.376846	0.316881	0.316881	0.376846	1
-0.0103883	-1.01212	0.311493	0.311493	1	1	0.998244	0.996296	0.95662	1
-0.0158181	-1.51571	0.129607	0.234445	1	1	0.905558	0.875339	0.734439	1
-0.00239182	-0.232287	0.816318	0.845653	1	1	1	0.999726	0.874672	1
-0.00211388	-0.201967	0.839945	0.888063	1	1	1	0.999802	0.965925	1
-0.00138677	-0.132911	0.894265	0.894265	1	1	1	0.999974	0.985336	1
-0.00649191	-0.618805	0.536051	0.647415	1	1	0.999998	0.990027	0.759405	1
-0.00834063	-0.795766	0.426176	0.426176	1	1	0.999921	0.999862	0.91621	1
0.00512616	0.487195	0.626125	0.626125	1	1	1	0.999857	0.974399	1
0.00645691	0.612635	0.540123	0.540123	1	1	0.999998	0.999805	0.928807	1
0.004346	0.412374	0.680069	0.680069	1	1	1	0.998958	0.847063	1
-0.00105426	-0.10011	0.920258	0.920258	1	1	1	0.999918	0.92939	1
0.00942564	0.903979	0.366016	0.366016	1	1	0.999568	0.998926	0.926693	1
-0.0292331	-2.79956	0.00512148	0.00512148	0.0870652	0.0870652	0.0835877	0.0835877	0.0870652	0.299465
-0.00967127	-0.920797	0.357166	0.357166	1	1	0.999453	0.998494	0.989097	1
-0.0237522	-2.28205	0.0224958	0.0295947	0.382428	0.359932	0.32077	0.305138	0.191214	0.657691
0.0176336	1.68386	0.0922217	0.0922217	1	1	0.806956	0.787344	0.580204	1
-0.00119149	-0.11401	0.909231	0.930316	1	1	1	0.999862	0.944328	1
0.00436636	0.416795	0.676832	0.676832	1	1	1	0.999881	0.979276	1
0.00199472	0.194679	0.845646	0.845646	1	1	1	0.999873	0.958399	1
0.0150004	1.47246	0.140911	0.140911	1	1	0.924378	0.897536	0.656381	1
0.00173603	0.168721	0.866018	0.872588	1	1	1	0.99945	0.93441	1
0.013317	1.2704	0.203955	0.203955	1	1	0.979301	0.958967	0.829493	1
-0.0103155	-0.989134	0.322608	0.322608	1	1	0.998669	0.979658	0.685542	1
-0.00211303	-0.201422	0.840371	0.840371	1	1	1	0.999983	0.928968	1
0.000760718	0.0725171	0.942191	0.945542	1	1	1	0.999786	0.942191	1
0.00666196	0.644913	0.51899	0.51899	1	1	0.999996	0.999235	0.882283	1
-0.011926	-1.16548	0.243837	0.243837	1	1	0.991361	0.973576	0.81779	1
0.0118407	1.1314	0.257899	0.418069	1	1	0.993721	0.972103	0.65251	1
0.0124271	1.18178	0.237305	0.237305	1	1	0.990001	0.982811	0.831289	1
-0.00256321	-0.243423	0.80768	0.80768	1	1	1	0.998928	0.863588	1
0.00524861	0.503696	0.61448	0.643559	1	1	1	0.998734	0.925292	1
-0.00770678	-0.748751	0.454015	0.583149	1	1	0.999966	0.99173	0.643188	1
-0.0202709	-1.95686	0.0503757	0.104378	0.856386	0.856386	0.584682	0.584682	0.535861	1
-0.0217877	-2.07192	0.038284	0.25559	0.650828	0.612544	0.485013	0.464512	0.269826	0.928082
-0.00754406	-0.747277	0.454904	0.505176	1	1	0.999967	0.995311	0.714896	1
0.00431327	0.413551	0.679207	0.679207	1	1	1	0.999814	0.88044	1
0.0121162	1.19135	0.23353	0.23353	1	1	0.989125	0.958891	0.641045	1
0.00280597	0.26793	0.788756	0.788756	1	1	1	0.999988	0.919611	1
0.0104534	0.999198	0.317709	0.499499	1	1	0.998495	0.977103	0.600117	1
-0.00371714	-0.355819	0.721979	0.721979	1	1	1	0.999652	0.870497	1
0.0280266	2.66986	0.00759362	0.00759362	0.129091	0.129091	0.121539	0.121539	0.119285	0.410287
-0.00541638	-0.513696	0.607469	0.607469	1	1	1	0.999436	0.859998	1
-0.00585185	-0.577799	0.563406	0.563406	1	1	0.999999	0.999899	0.913258	1
-0.0106935	-1.0274	0.304245	0.304245	1	1	0.997902	0.991048	0.905876	1
-0.0185494	-1.7666	0.0773087	0.0773087	1	1	0.745341	0.70088	0.438083	1
-0.0147631	-1.4248	0.15423	0.15423	1	1	0.942018	0.904163	0.655477	1
-0.0127802	-1.23022	0.218629	0.218629	1	1	0.984914	0.948205	0.619449	1
0.000321823	0.0316163	0.974778	0.974778	1	1	1	0.999692	0.974778	1
0.00428945	0.413348	0.679356	0.679356	1	1	1	0.999652	0.857387	1
0.0108766	1.03247	0.301863	0.499499	1	1	0.997777	0.966474	0.570187	1
-0.0146822	-1.40667	0.15954	0.175012	1	1	0.947906	0.925849	0.678044	1
-0.00229818	-0.219226	0.826476	0.826476	1	1	1	0.999932	0.970784	1
-0.000796377	-0.0759533	0.939457	0.961033	1	1	1	0.999471	0.993965	1
0.0236372	2.26803	0.0233368	0.0233368	0.396726	0.396726	0.330637	0.330637	0.23504	0.808433
-0.00985485	-0.943912	0.345224	0.435217	1	1	0.999253	0.993038	0.782019	1
0.00568305	0.541079	0.588458	0.588458	1	1	1	0.999661	0.918632	1
0.00635445	0.603634	0.546093	0.546093	1	1	0.999999	0.999705	0.940688	1
0.0167176	1.60091	0.10941	0.10941	1	1	0.860515	0.824139	0.619988	1
-0.0142579	-1.35253	0.17622	0.209228	1	1	0.962949	0.955024	0.882153	1
-0.0181731	-1.72727	0.0841323	0.259109	1	1	0.775531	0.707815	0.305621	1
0.00935625	0.900612	0.367804	0.367804	1	1	0.999588	0.998371	0.849028	1
-0.00264674	-0.254083	0.799434	0.799434	1	1	1	0.999935	0.976778	1
-0.00181965	-0.175746	0.860495	0.878375	1	1	1	0.9999	0.995732	1
-0.000943308	-0.0894757	0.928705	0.928705	1	1	1	0.99996	0.987163	1
0.00493533	0.46756	0.640104	0.640104	1	1	1	0.999899	0.888929	1
0.00128356	0.122047	0.902862	0.923555	1	1	1	0.999083	0.959353	1
-0.00156989	-0.149244	0.881362	0.881362	1	1	1	0.999929	0.940652	1
-0.00459478	-0.4397	0.660158	0.660158	1	1	1	0.999822	0.993964	1
-0.00646623	-0.613447	0.539587	0.539587	1	1	0.999998	0.999787	0.782218	1
-0.00687053	-0.688512	0.491137	0.597725	1	1	0.99999	0.991263	0.628822	1
-0.00687098	-0.662206	0.507846	0.507846	1	1	0.999994	0.998453	0.842154	1
0.00832964	0.8047	0.421001	0.582411	1	1	0.999908	0.981778	0.650638	1
0.00311616	0.299788	0.764342	0.77618	1	1	1	0.999829	0.943505	1
-0.00463478	-0.442114	0.658411	0.774906	1	1	1	0.988138	0.799499	1
-0.00862897	-0.824683	0.40956	0.634485	1	1	0.999871	0.974983	0.632957	1
-0.00349537	-0.336713	0.736336	0.769808	1	1	1	0.997239	0.834514	1
-0.000555307	-0.0530307	0.957708	0.957708	1	1	1	0.999996	0.989451	1
-0.0165266	-1.62648	0.103862	0.364722	1	1	0.844984	0.786553	0.29511	1
-0.0213732	-2.03596	0.0417658	0.078757	0.710019	0.710019	0.515807	0.515807	0.494057	1
-0.0133251	-1.26415	0.20619	0.20619	1	1	0.980268	0.980268	0.892726	1
-0.0147054	-1.39782	0.162181	0.162181	1	1	0.950619	0.94106	0.9711	1
-0.00441598	-0.428271	0.668458	0.668458	1	1	1	0.999854	0.998099	1
-0.000580326	-0.0554276	0.955798	0.955798	1	1	1	0.999463	0.955798	1
0.0139912	1.36281	0.172956	0.367766	1	1	0.960374	0.929952	0.48367	1
0.00195879	0.188121	0.850783	0.854401	1	1	1	0.999504	0.949313	1
-0.015742	-1.49164	0.135808	0.135808	1	1	0.916368	0.870419	0.577185	1
0.0216089	2.07963	0.0375702	0.0375702	0.638693	0.638693	0.478476	0.478476	0.32618	1
0.00233799	0.224613	0.822283	0.827507	1	1	1	0.999022	0.822283	1
0.00904212	0.856849	0.391538	0.490509	1	1	0.999785	0.995768	0.758162	1
-0.00848442	-0.806882	0.419743	0.486601	1	1	0.999904	0.995835	0.74739	1
-0.00999252	-0.949873	0.342187	0.342187	1	1	0.999191	0.995682	0.918439	1
-0.0230291	-2.19342	0.0282873	0.0282873	0.480884	0.452596	0.386034	0.368161	0.240442	0.827012
0.00448033	0.427414	0.669082	0.669082	1	1	1	0.999314	0.934279	1
-0.00247311	-0.237161	0.812534	0.837139	1	1	1	0.998765	0.957216	1
0.00150057	0.143145	0.886177	0.886177	1	1	1	0.999904	0.988084	1
-0.0146753	-1.38893	0.164867	0.164867	1	1	0.953243	0.943022	0.727566	1
0.012881	1.23049	0.218525	0.218525	1	1	0.98488	0.975241	0.808421	1
-0.0100353	-0.959637	0.337248	0.402185	1	1	0.999082	0.992819	0.770948	1
-0.0134009	-1.27862	0.201042	0.262695	1	1	0.977976	0.977976	0.786714	1
-0.016379	-1.57384	0.115537	0.115537	1	1	0.875963	0.875963	0.937033	1
0.00563077	0.537017	0.591261	0.591261	1	1	1	0.999221	0.903478	1
-0.00119499	-0.114218	0.909066	0.909066	1	1	1	0.99969	0.909066	1
0.0105058	1.00345	0.315652	0.315652	1	1	0.998416	0.996618	0.903189	1
0.0144436	1.38229	0.166896	0.311254	1	1	0.955137	0.955079	0.659769	1
-0.0166054	-1.60074	0.109448	0.110181	1	1	0.860619	0.860619	0.928837	1
0.00922082	0.880914	0.378374	0.417817	1	1	0.999691	0.998576	0.795365	1
-0.0134915	-1.27892	0.200938	0.418046	1	1	0.977927	0.929342	0.487992	1
0.0120436	1.14314	0.252992	0.345059	1	1	0.992977	0.977446	0.725528	1
0.00725942	0.804636	0.421036	0.421036	1	1	0.999908	0.999525	0.971574	1
-0.0141329	-1.57412	0.115469	0.214774	1	1	0.8758	0.797106	0.392594	1
-0.0120796	-1.33888	0.18062	0.444467	1	1	0.966174	0.908414	0.417792	1
-0.0145436	-1.61087	0.107217	0.156169	1	1	0.854562	0.80666	0.455674	1
-0.000681828	-0.0754071	0.939891	0.949292	1	1	1	0.999958	0.939891	1
-0.00280737	-0.30881	0.757468	0.757468	1	1	1	0.999951	0.983247	1
0.0126257	1.39053	0.164379	0.444735	1	1	0.952776	0.870192	0.399205	1
-0.00702571	-0.774271	0.438777	0.456285	1	1	0.999946	0.9969	0.863052	1
-0.0229654	-2.5323	0.0113365	0.0884404	0.19272	0.19272	0.176195	0.176195	0.19272	0.662872
-0.0182526	-2.03168	0.0421943	0.0421943	0.717304	0.717304	0.519475	0.519475	0.256866	0.883506
-0.0128097	-1.41864	0.156013	0.393091	1	1	0.944062	0.906954	0.458431	1
-0.0221644	-2.45629	0.0140433	0.0538884	0.238736	0.238736	0.213709	0.213709	0.221805	0.762911
-0.0145874	-1.60614	0.108253	0.228522	1	1	0.857403	0.820681	0.520781	1
0.000709345	0.0793602	0.936747	0.945943	1	1	1	0.998012	0.936747	1
0.0101781	1.12168	0.262005	0.262005	1	1	0.994286	0.980738	0.745639	1
0.00278042	0.308815	0.757464	0.778511	1	1	1	0.99852	0.919778	1
-0.0157028	-1.74089	0.0817129	0.229001	1	1	0.765234	0.696821	0.312586	1
-0.00357453	-0.393142	0.694218	0.698192	1	1	1	0.999122	0.907823	1
-0.0125551	-1.38654	0.165591	0.165591	1	1	0.953927	0.944784	0.926627	1
-0.0103581	-1.13741	0.255376	0.321869	1	1	0.993348	0.987088	0.71878	1
-0.0132373	-1.45787	0.144887	0.225391	1	1	0.930112	0.918271	0.759541	1
0.00399185	0.439009	0.660658	0.734994	1	1	1	0.999346	0.916359	1
-0.0150052	-1.6635	0.0962235	0.182469	1	1	0.820924	0.75742	0.373787	1
0.00968571	1.08132	0.279563	0.279563	1	1	0.996206	0.990925	0.885972	1
-0.0117701	-1.31235	0.189411	0.348555	1	1	0.971842	0.919535	0.5027	1
-0.00853293	-0.944107	0.345123	0.476055	1	1	0.999251	0.985492	0.700813	1
0.00285565	0.315867	0.752105	0.851126	1	1	1	0.985082	0.847832	1
-0.00755888	-0.844716	0.398276	0.484742	1	1	0.999822	0.993777	0.763984	1
0.00940066	1.04542	0.295836	0.295836	1	1	0.997427	0.995587	0.986822	1
-0.0126523	-1.42768	0.153393	0.153393	1	1	0.941035	0.919653	0.680571	1
0.00595589	0.65647	0.511526	0.511526	1	1	0.999995	0.999622	0.982828	1
-1.7455e-05	-0.00194816	0.998446	0.998617	1	1	1	0.999925	0.998446	1
-0.0144609	-1.62293	0.104615	0.239223	1	1	0.847183	0.829329	0.441438	1
0.0072864	0.811456	0.41711	0.499499	1	1	0.999896	0.994912	0.787875	1
-0.0111699	-1.23595	0.216487	0.216487	1	1	0.984195	0.979829	0.978631	1
0.00322837	0.35613	0.721746	0.721746	1	1	1	0.999906	0.910429	1
-0.00958892	-1.06201	0.28824	0.28824	1	1	0.996912	0.987968	0.943376	1
-0.00348383	-0.388489	0.697657	0.699817	1	1	1	0.999822	0.954479	1
-0.0153044	-1.68899	0.0912308	0.231681	1	1	0.803342	0.746494	0.320911	1
0.0153185	1.70286	0.0886046	0.300278	1	1	0.793454	0.773374	0.50167	1
0.00410778	0.451266	0.651801	0.677909	1	1	1	0.999379	0.829876	1
0.00829999	0.912996	0.361252	0.499499	1	1	0.99951	0.982707	0.580175	1
0.000498382	0.0549694	0.956163	0.958698	1	1	1	0.998546	0.984383	1
0.00159001	0.176556	0.859858	0.859858	1	1	1	0.999973	0.987034	1
0.0100658	1.11553	0.264632	0.306058	1	1	0.994623	0.965994	0.642679	1
-0.00930313	-1.02628	0.304767	0.304767	1	1	0.997929	0.994379	0.935291	1
0.00391965	0.431276	0.66627	0.66627	1	1	1	0.999996	0.980506	1
0.00556878	0.611754	0.540705	0.654101	1	1	0.999998	0.985269	0.603245	1
-0.00985208	-1.08601	0.277483	0.280187	1	1	0.996015	0.993868	0.937638	1
0.00658228	0.724782	0.468591	0.468591	1	1	0.999979	0.998888	0.865644	1
0.00139312	0.153148	0.878283	0.910829	1	1	1	0.999719	0.933175	1
0.0199191	2.19491	0.0281775	0.150129	0.479017	0.422662	0.384854	0.348665	0.159672	0.549202
0.00511976	0.570266	0.568501	0.602494	1	1	0.999999	0.998145	0.847304	1
-0.00752508	-0.830305	0.406373	0.534943	1	1	0.999859	0.98909	0.628031	1
0.0108511	1.20077	0.229849	0.41505	1	1	0.988203	0.961858	0.563869	1
-0.00203986	-0.226119	0.821111	0.821111	1	1	1	0.999955	0.876963	1
0.00226722	0.251745	0.80124	0.80124	1	1	1	0.999988	0.998188	1
0.00716993	0.824573	0.40962	0.40962	1	1	0.999871	0.999782	0.998932	1
0.0016548	0.184243	0.853824	0.892412	1	1	1	0.998635	0.891445	1
-0.000841272	-0.0930087	0.925897	0.946947	1	1	1	0.999113	0.9337	1
0.019949	2.21435	0.0268119	0.182324	0.455802	0.455802	0.369993	0.369993	0.218207	0.750536
0.0173063	1.92185	0.0546341	0.0971133	0.92878	0.874146	0.615232	0.592996	0.46439	1
0.00107893	0.120277	0.904265	0.904265	1	1	1	0.999992	0.998007	1
0.0117889	1.31114	0.18982	0.18982	1	1	0.972082	0.957468	0.764138	1
-0.00233696	-0.259137	0.795531	0.837101	1	1	1	0.99506	0.845252	1
-0.0066717	-0.746683	0.45526	0.45526	1	1	0.999967	0.999604	0.798907	1
-0.00845437	-0.937459	0.34853	0.497648	1	1	0.999314	0.98623	0.658828	1
0.02103	2.3288	0.0198758	0.0198758	0.337889	0.337889	0.289149	0.289149	0.337889	1
0.0136455	1.5112	0.130747	0.243026	1	1	0.907639	0.877765	0.651911	1
-0.00493365	-0.545548	0.585381	0.585381	1	1	1	0.999989	0.956156	1
0.00243962	0.275353	0.783047	0.783047	1	1	1	0.999977	0.982694	1
-0.0106392	-1.16897	0.242423	0.242423	1	1	0.991082	0.964263	0.630774	1
0.00536743	0.595935	0.551223	0.576166	1	1	0.999999	0.998284	0.780899	1
0.00450086	0.500176	0.616955	0.616955	1	1	1	0.99879	0.953475	1
0.00329815	0.367919	0.712936	0.712936	1	1	1	0.998794	0.827042	1
-0.00592686	-0.657548	0.510834	0.668464	1	1	0.999995	0.968238	0.620298	1
-0.00997048	-1.09928	0.271656	0.271656	1	1	0.995432	0.977714	0.769693	1
-0.0150111	-1.66936	0.0950561	0.0950561	1	1	0.816951	0.776476	0.421639	1
-0.0046503	-0.539058	0.589851	0.646163	1	1	1	0.998014	0.784285	1
0.00620115	0.683685	0.494179	0.503091	1	1	0.999991	0.998244	0.717546	1
0.000381104	0.0421385	0.966389	0.966389	1	1	1	0.999217	0.966389	1
0.00466206	0.512861	0.608052	0.622747	1	1	1	0.999443	0.990807	1
-0.0102558	-1.13103	0.258051	0.258051	1	1	0.993743	0.984681	0.962797	1
0.000390875	0.043203	0.96554	0.970373	1	1	1	0.999179	0.96554	1
-0.00108136	-0.119003	0.905274	0.938767	1	1	1	0.996499	0.905274	1
-0.00261524	-0.288143	0.773239	0.773239	1	1	1	0.999949	0.960117	1
0.00349453	0.385904	0.699571	0.699571	1	1	1	0.999337	0.900789	1
-0.000323947	-0.0360748	0.971223	0.97561	1	1	1	0.99923	0.989697	1
0.00196447	0.218727	0.826864	0.891319	1	1	1	0.99481	0.918448	1
-0.00865478	-0.961251	0.336433	0.418797	1	1	0.999062	0.983448	0.714921	1
0.00765621	0.846216	0.397439	0.397439	1	1	0.999818	0.996198	0.915545	1
0.00310662	0.353412	0.723782	0.723782	1	1	1	0.999628	0.878878	1
0.0157423	1.75968	0.0784717	0.0865452	1	1	0.750743	0.708676	0.444673	1
0.00465902	0.516488	0.605518	0.605518	1	1	1	0.999769	0.924837	1
0.0233157	2.59083	0.00957898	0.0399724	0.162843	0.153264	0.150942	0.14273	0.0814214	0.280053
-0.013538	-1.5037	0.13267	0.293114	1	1	0.911052	0.881759	0.588973	1
0.0094046	1.05097	0.293283	0.362892	1	1	0.997264	0.98903	0.79213	1
0.0120015	1.32199	0.18618	0.30217	1	1	0.969871	0.931314	0.633013	1
0.00400557	0.440085	0.659879	0.659879	1	1	1	0.999876	0.912842	1
-0.0142405	-1.61239	0.106888	0.359681	1	1	0.853648	0.798714	0.436691	1
-0.00165305	-0.184784	0.8534	0.8534	1	1	1	0.999988	0.93373	1
-0.00331341	-0.368897	0.712207	0.712207	1	1	1	0.99923	0.833329	1
0.00725136	0.818324	0.413178	0.499499	1	1	0.999884	0.992482	0.780448	1
-0.0219857	-2.43199	0.0150216	0.0150216	0.255368	0.255368	0.226868	0.226868	0.255368	0.878351
-0.00314454	-0.351872	0.724937	0.724937	1	1	1	0.999986	0.890325	1
-0.0148302	-1.6534	0.0982593	0.0982593	1	1	0.827659	0.788054	0.556802	1
0.00136978	0.151756	0.879381	0.882442	1	1	1	0.999809	0.934342	1
0.000127495	0.0141512	0.988709	0.988709	1	1	1	0.999995	0.997916	1
-0.00124817	-0.139433	0.889109	0.889109	1	1	1	1	0.987148	1
-0.0108317	-1.20064	0.2299	0.43808	1	1	0.988216	0.963861	0.510599	1
-0.00787557	-0.869387	0.384642	0.384642	1	1	0.99974	0.998884	0.935796	1
-0.00463557	-0.514198	0.607117	0.631295	1	1	1	0.999141	0.861481	1
-0.000908799	-0.100413	0.920017	0.936067	1	1	1	0.999852	0.953766	1
0.00119027	0.131598	0.895303	0.895303	1	1	1	0.999926	0.988834	1
-0.0109082	-1.20965	0.226423	0.272979	1	1	0.987278	0.954076	0.641532	1
0.0117579	1.29481	0.195396	0.195396	1	1	0.975174	0.962131	0.853944	1
-0.00443691	-0.495107	0.620528	0.620528	1	1	1	0.99998	0.91722	1
0.017553	1.93825	0.052602	0.107187	0.894233	0.789029	0.600927	0.555382	0.298078	1
-0.00260224	-0.294046	0.768725	0.774012	1	1	1	0.999416	0.949867	1
0.00283163	0.315738	0.752203	0.763368	1	1	1	0.999768	0.930102	1
0.00483089	0.537319	0.591051	0.637688	1	1	1	0.997829	0.772913	1
0.00365443	0.411499	0.68071	0.68071	1	1	1	0.999892	0.957615	1
0.00281962	0.311135	0.7557	0.7557	1	1	1	0.999775	0.969049	1
0.00192044	0.21138	0.832592	0.832592	1	1	1	0.998351	0.884529	1
0.00705221	0.777916	0.436624	0.499499	1	1	0.999942	0.99602	0.824735	1
-0.00387371	-0.426654	0.669634	0.689432	1	1	1	0.997201	0.813128	1
-0.00656209	-0.724022	0.469058	0.509975	1	1	0.999979	0.995968	0.729016	1
-0.00833917	-0.927636	0.353603	0.353603	1	1	0.9994	0.996561	0.894246	1
-0.0150165	-1.68289	0.0924067	0.12374	1	1	0.807624	0.788037	0.755437	1
0.00595728	0.660294	0.50907	0.50907	1	1	0.999994	0.999187	0.816168	1
0.00730568	0.808697	0.418695	0.418695	1	1	0.999901	0.998458	0.90729	1
0.00699107	0.773811	0.439048	0.44447	1	1	0.999946	0.998818	0.876432	1
0.00577347	0.645506	0.518604	0.644564	1	1	0.999996	0.994009	0.696753	1
0.00557555	0.62194	0.533986	0.643167	1	1	0.999998	0.989038	0.68699	1
-0.0159416	-1.77603	0.0757382	0.0757382	1	1	0.737871	0.693151	0.429183	1
-0.00844276	-0.931476	0.351615	0.536266	1	1	0.999367	0.97681	0.597745	1
0.00698352	0.787581	0.430948	0.518241	1	1	0.999931	0.99139	0.732612	1
0.00724618	0.794332	0.427009	0.487416	1	1	0.999923	0.997568	0.815159	1
0.00102722	0.114618	0.908749	0.908749	1	1	1	0.999996	0.965546	1
-0.00183788	-0.204387	0.838052	0.838052	1	1	1	0.999516	0.949793	1
-0.00956235	-1.061	0.288699	0.498245	1	1	0.996946	0.972394	0.540428	1
-0.00264106	-0.29166	0.770549	0.770549	1	1	1	0.999851	0.889898	1
0.0148632	1.63141	0.102813	0.102813	1	1	0.841873	0.823752	0.850735	1
0.00424204	0.466844	0.640614	0.640614	1	1	1	0.9999	0.993954	1
-0.012915	-1.48632	0.137204	0.137204	1	1	0.918635	0.905696	0.780512	1
-0.0023259	-0.260008	0.794859	0.794859	1	1	1	0.999994	0.9825	1
-0.00924978	-1.02095	0.307285	0.307285	1	1	0.998053	0.991543	0.901177	1
-0.00208355	-0.232995	0.815767	0.818795	1	1	1	0.999965	0.925938	1
-0.0078682	-0.874337	0.381941	0.499499	1	1	0.99972	0.98684	0.690113	1
0.00284502	0.324158	0.74582	0.74582	1	1	1	0.999895	0.964363	1
0.00115119	0.129345	0.897085	0.897085	1	1	1	0.999995	0.941257	1
0.00605586	0.665384	0.50581	0.50581	1	1	0.999994	0.998152	0.787819	1
-0.0106016	-1.17817	0.238736	0.238736	1	1	0.990315	0.983288	0.942637	1
0.00534649	0.589445	0.555567	0.555567	1	1	0.999999	0.998762	0.83359	1
0.00770341	0.853938	0.393146	0.393146	1	1	0.999795	0.999081	0.963231	1
0.0109476	1.22104	0.222081	0.265042	1	1	0.986008	0.978719	0.72471	1
-0.00599588	-0.674163	0.500212	0.500212	1	1	0.999992	0.999757	0.851103	1
-0.00653655	-0.719911	0.471585	0.471585	1	1	0.99998	0.999373	0.832146	1
0.00380466	0.419865	0.674587	0.699369	1	1	1	0.998596	0.843465	1
0.00346537	0.383027	0.701703	0.701703	1	1	1	0.999793	0.981687	1
-0.00289301	-0.324217	0.745776	0.745776	1	1	1	0.999941	0.912017	1
-0.0342709	-3.82498	0.000131038	0.000131038	0.00222765	0.00222765	0.00222531	0.00222531	0.00222765	0.00766211
-0.00775036	-0.858894	0.390406	0.549787	1	1	0.999778	0.982228	0.553075	1
0.00177039	0.19514	0.845285	0.845285	1	1	1	0.999999	0.954595	1
-0.00701531	-0.782267	0.434064	0.434064	1	1	0.999937	0.998938	0.973462	1
0.00280914	0.308744	0.757518	0.757518	1	1	1	0.999988	0.944878	1
-0.00259761	-0.286032	0.774855	0.774855	1	1	1	0.99987	0.87749	1
0.00180927	0.20003	0.841459	0.841459	1	1	1	0.99998	0.953744	1
-0.018994	-2.11895	0.034103	0.034103	0.579751	0.579751	0.445599	0.445599	0.339638	1
-0.00872079	-0.961678	0.336219	0.416868	1	1	0.999057	0.992684	0.800483	1
-0.000704268	-0.077647	0.938109	0.938109	1	1	1	0.998641	0.938109	1
0.00514687	0.584856	0.558649	0.722227	1	1	0.999999	0.979737	0.678359	1
-0.00234867	-0.26005	0.794827	0.861432	1	1	1	0.994299	0.797225	1
-0.00697554	-0.766353	0.443472	0.443472	1	1	0.999953	0.999425	0.908162	1
0.00598129	0.666084	0.505362	0.505362	1	1	0.999994	0.998228	0.836563	1
-0.0035644	-0.394095	0.693514	0.693514	1	1	1	0.999746	0.976442	1
-0.0063459	-0.699755	0.484085	0.49184	1	1	0.999987	0.998664	0.928987	1
0.00275361	0.306126	0.759511	0.759511	1	1	1	0.999257	0.922263	1
-0.00795637	-0.873711	0.382282	0.422627	1	1	0.999722	0.995755	0.81235	1
-0.0181575	-2.04456	0.0409069	0.0782749	0.695417	0.654511	0.508376	0.487408	0.347709	1
-0.00260743	-0.287235	0.773935	0.811873	1	1	1	0.999586	0.877126	1
-0.00259214	-0.285937	0.774928	0.774928	1	1	1	0.999422	0.932347	1
-0.0103986	-1.15013	0.250099	0.263449	1	1	0.9925	0.982215	0.76744	1
0.00193945	0.214771	0.829948	0.829948	1	1	1	0.999982	0.870636	1
0.00615462	0.682068	0.495201	0.519677	1	1	0.999991	0.997142	0.717691	1
0.00133195	0.149293	0.881323	0.881323	1	1	1	0.999841	0.973377	1
0.000703291	0.0784169	0.937497	0.949493	1	1	1	0.999982	0.937497	1
-0.00979316	-1.07799	0.281045	0.281045	1	1	0.996336	0.980927	0.745336	1
0.0124201	1.37043	0.170562	0.235902	1	1	0.958378	0.949819	0.805417	1
0.000704135	0.0785063	0.937426	0.94806	1	1	1	0.998729	0.937426	1
-0.0024532	-0.270319	0.786916	0.813674	1	1	1	0.995741	0.786916	1
0.00816743	0.898074	0.369153	0.499499	1	1	0.999603	0.984176	0.697289	1
0.002979	0.327946	0.742955	0.742955	1	1	1	0.999966	0.953279	1
-0.0191876	-2.11073	0.0348033	0.0348033	0.591656	0.522049	0.452393	0.412189	0.197219	0.678344
-0.000937109	-0.104316	0.916919	0.916919	1	1	1	0.999852	0.974921	1
-0.00323242	-0.359425	0.719279	0.719279	1	1	1	0.999997	0.970551	1
-0.0100677	-1.11261	0.265885	0.320702	1	1	0.994776	0.9755	0.716152	1
-0.00738663	-0.810204	0.417829	0.499499	1	1	0.999899	0.992318	0.789233	1
0.00752412	0.835224	0.403598	0.418198	1	1	0.999847	0.997975	0.837632	1
-0.000484304	-0.0535487	0.957295	0.962798	1	1	1	0.999952	0.957295	1
-0.00663733	-0.732188	0.464059	0.499499	1	1	0.999975	0.998043	0.796429	1
-0.00719855	-0.803861	0.421484	0.499499	1	1	0.999909	0.996011	0.796136	1
-0.00142573	-0.157894	0.874542	0.900959	1	1	1	0.99921	0.929201	1
-0.00951671	-1.06047	0.288937	0.288937	1	1	0.996963	0.98812	0.896015	1
0.0137455	1.5308	0.125829	0.125829	1	1	0.898342	0.898342	0.932586	1
-0.0041553	-0.465035	0.64191	0.750709	1	1	1	0.986252	0.779462	1
-0.00164973	-0.182327	0.855327	0.855327	1	1	1	0.999833	0.918789	1
0.00122739	0.136231	0.891639	0.891639	1	1	1	0.999779	0.946913	1
-0.00563089	-0.620439	0.534974	0.534974	1	1	0.999998	0.999527	0.950127	1
0.00506903	0.556803	0.577666	0.577666	1	1	1	0.999222	0.843397	1
0.0204255	2.1402	0.0323475	0.149661	0.549907	0.549907	0.428218	0.428218	0.223365	0.768276
0.0118731	1.27609	0.201933	0.377474	1	1	0.978389	0.957484	0.576955	1
0.0232833	2.46815	0.0135874	0.145793	0.230985	0.217398	0.207505	0.196588	0.115493	0.397243
0.0164934	1.75509	0.0792549	0.231597	1	1	0.75432	0.733172	0.457218	1
0.0135104	1.41618	0.156735	0.332921	1	1	0.94487	0.908062	0.610726	1
0.00454752	0.49318	0.62189	0.62189	1	1	1	0.999269	0.961102	1
0.0166323	1.77667	0.0756337	0.22209	1	1	0.737367	0.715877	0.569216	1
0.0101077	1.09077	0.275385	0.459441	1	1	0.995814	0.970961	0.562174	1
-0.0102958	-1.08673	0.277165	0.490543	1	1	0.995985	0.969458	0.542408	1
-0.0111435	-1.18679	0.235321	0.364011	1	1	0.989549	0.960029	0.555361	1
-0.00474495	-0.52443	0.599984	0.649039	1	1	1	0.999128	0.849977	1
-0.000478853	-0.0536144	0.957243	0.957243	1	1	1	0.999996	0.977308	1
-0.0103167	-1.0774	0.281311	0.446703	1	1	0.996359	0.973579	0.618486	1
-0.0143832	-1.51595	0.129543	0.186635	1	1	0.905441	0.856629	0.468218	1
-0.005706	-0.612589	0.540153	0.628602	1	1	0.999998	0.990545	0.765217	1
-0.0128368	-1.35004	0.177014	0.364298	1	1	0.963552	0.915521	0.441903	1
