0	0	0	0	0	0	0	0	0	0
-0.00598099	-1.00679	0.314044	0.314044	1	1	0.998352	0.989147	0.889792	1
-0.00337678	-0.822026	0.411068	0.411068	1	1	0.999877	0.998259	0.976735	1
0.0230201	3.45426	0.000552506	0.00383025	0.0093926	0.0093926	0.0093512	0.0093512	0.0093926	0.0323064
0.021276	3.46823	0.000524582	0.00299872	0.0089179	0.0089179	0.00888057	0.00888057	0.0089179	0.0306736
-0.000853096	-0.151666	0.879451	0.893446	1	1	1	0.999795	0.927823	1
1.3028e-07	3.44091e-05	0.999973	0.999973	1	1	1	0.999973	0.999973	1
-0.0227021	-3.04344	0.00234082	0.0428309	0.0397939	0.0374531	0.0390573	0.0368027	0.0148585	0.0511064
-0.0114118	-2.94775	0.00320328	0.039301	0.0544557	0.0512525	0.0530823	0.0500394	0.0263173	0.0905197
-0.0132496	-2.06352	0.039071	0.0584826	0.664208	0.546995	0.492131	0.427629	0.166052	0.571144
-0.00623366	-1.89133	0.0585896	0.107737	0.996024	0.820255	0.641703	0.570557	0.238477	0.820253
0.00399886	0.720056	0.471496	0.676111	1	1	0.99998	0.958767	0.616572	1
0.00297076	0.545134	0.585665	0.742781	1	1	1	0.997904	0.905118	1
-0.00371535	-0.561281	0.57461	0.704106	1	1	1	0.994074	0.783441	1
-0.000591504	-0.0885712	0.929423	0.934332	1	1	1	0.999366	0.929423	1
-0.000691134	-0.109799	0.91257	0.91257	1	1	1	0.999844	0.969605	1
-0.01415	-2.27824	0.0227187	0.0729958	0.386217	0.386217	0.323398	0.323398	0.365038	1
0.00550595	0.793212	0.42766	0.42766	1	1	0.999924	0.997841	0.727666	1
-0.00362712	-0.525822	0.599015	0.719292	1	1	1	0.998333	0.820217	1
-0.00331363	-0.460643	0.645058	0.645058	1	1	1	0.999748	0.932667	1
-0.0152825	-2.16105	0.0306989	0.201111	0.521881	0.491182	0.41143	0.392789	0.260941	0.897519
0.0049835	0.661625	0.508216	0.508216	1	1	0.999994	0.999044	0.819205	1
-0.00192263	-0.251063	0.801767	0.802456	1	1	1	0.999894	0.952232	1
-0.00382542	-0.536338	0.591729	0.621931	1	1	1	0.998689	0.838282	1
-0.0110141	-1.54659	0.121972	0.121972	1	1	0.890442	0.838148	0.51838	1
-0.000618901	-0.10165	0.919036	0.938306	1	1	1	0.995189	0.919036	1
0.00277163	0.4985	0.618135	0.663857	1	1	1	0.998816	0.899499	1
-0.00324489	-0.587359	0.556966	0.556966	1	1	0.999999	0.999342	0.914329	1
0.0114761	2.00582	0.044884	0.185893	0.763028	0.718144	0.541907	0.520379	0.278905	0.959309
0.00281303	0.487459	0.625936	0.697458	1	1	1	0.993139	0.720955	1
-0.00762912	-1.11626	0.264318	0.264318	1	1	0.994583	0.986396	0.887629	1
0.00368823	0.53383	0.593463	0.593463	1	1	1	0.999254	0.942702	1
0.00500397	0.735127	0.462267	0.499499	1	1	0.999974	0.998821	0.826454	1
0.0032871	0.485869	0.627063	0.627063	1	1	1	0.999424	0.904218	1
-0.00311092	-0.408755	0.682722	0.773516	1	1	1	0.999676	0.936584	1
-0.00357568	-0.46993	0.638408	0.638408	1	1	1	0.999962	0.975012	1
0.00216402	0.289237	0.772402	0.82475	1	1	1	0.999627	0.920932	1
0.00155549	0.20549	0.83719	0.83719	1	1	1	0.999981	0.990123	1
0.00714271	1.1207	0.262423	0.289131	1	1	0.994341	0.983525	0.78808	1
0.0100112	1.54502	0.122352	0.232947	1	1	0.891246	0.891246	0.616973	1
-0.00998593	-1.53348	0.125167	0.125167	1	1	0.897025	0.865451	0.626695	1
-0.0201435	-3.07493	0.0021073	0.0021073	0.0358241	0.0358241	0.0352264	0.0352264	0.0358241	0.123219
0.00110094	0.152997	0.878402	0.888259	1	1	1	0.999855	0.996029	1
0.000672675	0.0930466	0.925867	0.929269	1	1	1	0.998034	0.925867	1
-0.00781626	-1.09712	0.272598	0.335227	1	1	0.995531	0.984039	0.809874	1
0.00237762	0.342827	0.731731	0.731731	1	1	1	0.999881	0.912808	1
-0.00122164	-0.174217	0.861696	0.861696	1	1	1	0.999991	0.988689	1
-0.00492607	-0.684053	0.493947	0.499499	1	1	0.999991	0.998139	0.752665	1
0.00300639	0.449771	0.652879	0.652879	1	1	1	0.999888	0.924912	1
0.00237166	0.349795	0.726494	0.726494	1	1	1	0.999886	0.941947	1
0.00903191	1.19679	0.231396	0.410809	1	1	0.988599	0.974891	0.615417	1
0.00828391	1.16588	0.243673	0.243673	1	1	0.991329	0.984842	0.986543	1
-0.00976831	-1.32663	0.184641	0.395427	1	1	0.968888	0.908999	0.393935	1
-0.0139437	-1.891	0.0586332	0.0685481	0.996764	0.879498	0.641985	0.595998	0.332255	1
0.00572572	0.82159	0.411316	0.476408	1	1	0.999878	0.997058	0.697942	1
0.00587361	0.838617	0.40169	0.40169	1	1	0.999839	0.996314	0.853592	1
0.00766478	1.05203	0.292793	0.31271	1	1	0.997231	0.977869	0.711069	1
0.0109922	1.56187	0.118328	0.195102	1	1	0.88245	0.866674	0.576265	1
-0.0115846	-1.70626	0.0879698	0.123959	1	1	0.790995	0.724495	0.373871	1
0.000749814	0.108689	0.91345	0.925209	1	1	1	0.998932	0.91345	1
-0.000498676	-0.0667011	0.94682	0.953974	1	1	1	0.999864	0.985853	1
-0.00216243	-0.28776	0.773533	0.809426	1	1	1	0.996676	0.87667	1
-0.00417107	-0.561351	0.574562	0.574562	1	1	1	0.999806	0.871101	1
0.0123979	1.64653	0.0996642	0.222455	1	1	0.832167	0.770034	0.391703	1
-0.0164935	-2.25042	0.0244291	0.0244291	0.415294	0.390865	0.34325	0.326804	0.207647	0.714213
0.00896096	1.2087	0.226788	0.441207	1	1	0.98738	0.954335	0.546358	1
-0.00495759	-0.659696	0.509454	0.509454	1	1	0.999994	0.998355	0.72194	1
-0.00333149	-0.451897	0.651346	0.651346	1	1	1	0.999782	0.928112	1
-0.0105936	-1.58266	0.113509	0.334296	1	1	0.871036	0.791182	0.385929	1
-0.0194597	-2.92553	0.00344107	0.0148951	0.0584982	0.0584982	0.0569152	0.0569152	0.0584982	0.201207
-0.00376257	-0.526253	0.598716	0.671826	1	1	1	0.999328	0.848781	1
0.000100734	0.0149082	0.988106	0.988106	1	1	1	0.999998	0.996035	1
-0.0120384	-1.65174	0.0985967	0.0985967	1	1	0.828752	0.789241	0.41534	1
-0.00820058	-1.14064	0.254029	0.254029	1	1	0.993141	0.960195	0.616929	1
-0.0147636	-2.03082	0.0422809	0.0422809	0.718776	0.718776	0.520213	0.520213	0.718776	1
-0.0111489	-1.52009	0.128498	0.128498	1	1	0.903492	0.872935	0.663399	1
-0.00972896	-1.32047	0.186686	0.294529	1	1	0.970188	0.944586	0.681702	1
-0.0112053	-1.51424	0.129975	0.129975	1	1	0.906235	0.876127	0.490948	1
0.00256313	0.444477	0.656701	0.656701	1	1	1	0.999963	0.979519	1
0.00428597	0.735205	0.46222	0.46222	1	1	0.999974	0.999415	0.938432	1
-0.000871978	-0.13468	0.892865	0.892865	1	1	1	0.999946	0.962448	1
-0.0121536	-1.83026	0.0672201	0.0672201	1	1	0.69363	0.647882	0.380914	1
0.0111883	1.57651	0.114918	0.114918	1	1	0.874478	0.85818	0.831685	1
0.0103	1.44576	0.148254	0.148254	1	1	0.934647	0.923271	0.679616	1
0.000517601	0.0901904	0.928136	0.928136	1	1	1	0.999977	0.977677	1
-0.0022478	-0.389293	0.697062	0.697062	1	1	1	0.999552	0.85919	1
-0.0175986	-2.89571	0.0037856	0.0037856	0.0643552	0.0643552	0.0624426	0.0624426	0.0643552	0.221353
-0.0158743	-2.62038	0.00878724	0.040139	0.149383	0.149383	0.139329	0.139329	0.149383	0.513811
-0.00966406	-1.33863	0.180701	0.258402	1	1	0.966231	0.966231	0.80055	1
-0.0158623	-2.27625	0.0228378	0.0294174	0.388242	0.388242	0.324799	0.324799	0.287308	0.988211
0.00300865	0.495333	0.620369	0.687517	1	1	1	0.998563	0.878856	1
0.00378174	0.602913	0.546571	0.58442	1	1	0.999999	0.998213	0.92917	1
-0.00134095	-0.203276	0.838921	0.838921	1	1	1	0.999891	0.936229	1
-0.0140955	-2.15232	0.0313794	0.0468365	0.53345	0.50207	0.418415	0.399574	0.266725	0.917414
0.00603701	0.837026	0.402584	0.402584	1	1	0.999843	0.99654	0.977704	1
-0.0182455	-2.51205	0.0120082	0.0198158	0.204139	0.204139	0.185658	0.185658	0.179933	0.61889
0.00325559	0.540655	0.588749	0.588749	1	1	1	0.999664	0.879774	1
-0.00506186	-0.851697	0.394389	0.394389	1	1	0.999802	0.999459	0.924952	1
0.00156843	0.228686	0.819114	0.819114	1	1	1	0.999989	0.981493	1
-0.00520541	-0.762579	0.44572	0.499499	1	1	0.999956	0.997212	0.780778	1
0.00494456	0.763012	0.445462	0.499499	1	1	0.999956	0.996314	0.782934	1
0.00999509	1.525	0.12727	0.249859	1	1	0.901154	0.851297	0.540897	1
0.0105919	1.51257	0.130399	0.160666	1	1	0.907009	0.877029	0.738927	1
0.00116637	0.170667	0.864487	0.864487	1	1	1	0.999995	0.941631	1
0.00256321	0.366443	0.714037	0.714037	1	1	1	0.999464	0.799943	1
-0.00758719	-1.0758	0.282023	0.410067	1	1	0.99642	0.973865	0.684913	1
-0.000729213	-0.10229	0.918527	0.942731	1	1	1	0.998477	0.973096	1
-0.0122117	-1.67575	0.0937973	0.145596	1	1	0.812573	0.793867	0.699862	1
0.00509866	0.797944	0.424909	0.424909	1	1	0.999918	0.998691	0.976991	1
-0.002009	-0.313562	0.753856	0.753856	1	1	1	0.999715	0.862497	1
-0.0068479	-0.98551	0.324381	0.362365	1	1	0.998727	0.990955	0.878374	1
0.00215966	0.316555	0.751584	0.817507	1	1	1	0.999336	0.85646	1
0.00268414	0.402004	0.687683	0.687683	1	1	1	0.999972	0.975769	1
0.00754668	1.16316	0.244774	0.247732	1	1	0.991541	0.980363	0.883367	1
0.0104404	1.52343	0.127662	0.127662	1	1	0.901905	0.871093	0.704434	1
0.00478899	0.725844	0.46794	0.544726	1	1	0.999978	0.993578	0.795498	1
0.00704063	1.03056	0.302753	0.485173	1	1	0.997824	0.972844	0.60212	1
0.00969564	1.45273	0.146307	0.31003	1	1	0.93206	0.906777	0.565019	1
-0.00803591	-1.11996	0.262741	0.262741	1	1	0.994383	0.985982	0.960185	1
-0.00865359	-1.21611	0.223954	0.223954	1	1	0.98657	0.971264	0.889486	1
-0.0143707	-2.0907	0.0365626	0.225393	0.621565	0.548439	0.469116	0.428058	0.207188	0.712635
-0.00636622	-0.942795	0.345793	0.366547	1	1	0.999264	0.993854	0.892217	1
0.00398157	0.561459	0.574489	0.71817	1	1	1	0.985523	0.651087	1
0.00637474	0.934537	0.350034	0.566986	1	1	0.999341	0.954157	0.495881	1
-0.00381613	-0.525394	0.599313	0.695339	1	1	1	0.994061	0.727737	1
-0.00189457	-0.267682	0.788946	0.849939	1	1	1	0.999775	0.968779	1
0.0094442	1.23729	0.21599	0.500701	1	1	0.984024	0.893953	0.367182	1
0.00456271	0.608315	0.542983	0.680428	1	1	0.999998	0.996462	0.718763	1
0.00788609	1.02315	0.306243	0.374462	1	1	0.998002	0.987569	0.801886	1
0.00390106	0.512733	0.608142	0.632419	1	1	1	0.997754	0.834228	1
-0.00625216	-0.996582	0.318975	0.488012	1	1	0.998542	0.97854	0.626807	1
-0.0158123	-2.493	0.0126718	0.0126718	0.215421	0.215421	0.194907	0.194907	0.18463	0.635044
0.011104	1.75311	0.0795924	0.205288	1	1	0.755846	0.686871	0.27261	0.937656
0.000645979	0.103877	0.917267	0.928697	1	1	1	0.999843	0.93155	1
-0.00496872	-0.737358	0.46091	0.46091	1	1	0.999973	0.998882	0.86533	1
-0.0113142	-1.68807	0.091407	0.172766	1	1	0.803989	0.762567	0.507742	1
-0.0087161	-1.28622	0.198374	0.300841	1	1	0.976691	0.929586	0.56206	1
0.0138186	1.9138	0.0556544	0.0556544	0.946125	0.890471	0.622231	0.599968	0.38199	1
0.0127928	1.78545	0.0741979	0.0741979	1	1	0.730345	0.708734	0.630682	1
0.00745217	1.0732	0.28319	0.28319	1	1	0.996518	0.981599	0.741579	1
0.00689648	1.00497	0.31492	0.31492	1	1	0.998387	0.994984	0.762116	1
-0.000653753	-0.100117	0.920252	0.920252	1	1	1	0.999987	0.973302	1
0.00935243	1.25469	0.209602	0.330097	1	1	0.981661	0.953011	0.617812	1
0.00654179	0.996722	0.318907	0.318907	1	1	0.998539	0.992226	0.774489	1
0.00904071	1.26568	0.205636	0.205636	1	1	0.980032	0.93687	0.573068	1
-0.00643841	-0.809506	0.41823	0.41823	1	1	0.9999	0.997416	0.828919	1
0.00974132	1.40479	0.160094	0.16087	1	1	0.948486	0.913058	0.557946	1
0.00538296	0.750377	0.453033	0.625604	1	1	0.999965	0.987787	0.700142	1
0.00474271	0.608955	0.542559	0.542559	1	1	0.999998	0.99941	0.795932	1
0.0057072	0.791816	0.428474	0.428474	1	1	0.999926	0.996282	0.72642	1
0.000547245	0.077905	0.937904	0.954495	1	1	1	0.999614	0.958977	1
-0.00415959	-0.555081	0.578843	0.578843	1	1	1	0.999583	0.893855	1
0.00366713	0.521894	0.601748	0.66819	1	1	1	0.991464	0.74286	1
0.0103864	1.55146	0.120802	0.451215	1	1	0.887935	0.773637	0.293377	1
0.00714584	1.01834	0.308525	0.499499	1	1	0.998111	0.96386	0.582769	1
0.00866466	1.30013	0.193566	0.452424	1	1	0.974197	0.884552	0.411329	1
0.0202661	2.99321	0.0027627	0.172239	0.0469659	0.0442032	0.0459421	0.043299	0.0228307	0.0785274
0.0197152	2.74588	0.0060382	0.0535653	0.102649	0.090573	0.0978374	0.0868431	0.0342165	0.117689
0.0145522	2.1373	0.0325809	0.0870791	0.553875	0.488713	0.430558	0.391557	0.184625	0.635028
0.0195463	2.76397	0.00571355	0.0451764	0.0971304	0.0914168	0.0928151	0.087602	0.0485652	0.167043
0.0248089	3.48562	0.000491658	0.0181807	0.00835819	0.00835819	0.0083254	0.0083254	0.00835819	0.0287484
0.0266008	3.74992	0.0001772	0.000590415	0.00301239	0.00301239	0.00300813	0.00300813	0.00301239	0.0103613
0.00694007	0.976095	0.329025	0.482174	1	1	0.998868	0.981505	0.607677	1
0.0222488	2.96965	0.00298362	0.103098	0.0507215	0.0477379	0.0495288	0.0466844	0.0253608	0.0872297
0.000149967	0.0210214	0.983229	0.987299	1	1	1	0.999699	0.983229	1
0.00706368	1.12086	0.262355	0.374425	1	1	0.994332	0.964818	0.637149	1
0.010589	1.5739	0.115521	0.115521	1	1	0.875923	0.77078	0.327309	1
-0.0137432	-1.92631	0.0540744	0.105206	0.919265	0.757042	0.611341	0.540804	0.229816	0.790465
-0.00702711	-0.931245	0.351734	0.469751	1	1	0.999369	0.991503	0.707625	1
-0.000986228	-0.162312	0.871061	0.927994	1	1	1	0.987005	0.871061	1
-0.00226656	-0.34835	0.727579	0.727579	1	1	1	0.999944	0.886934	1
0.000324625	0.0536822	0.957189	0.961516	1	1	1	0.999922	0.993954	1
0.0029799	0.478033	0.63263	0.743558	1	1	1	0.996838	0.802529	1
-0.00667394	-1.03229	0.301942	0.50567	1	1	0.997781	0.956957	0.513302	1
0.0059085	1.05709	0.290477	0.290477	1	1	0.997073	0.98845	0.981219	1
-0.0153171	-2.13949	0.0324039	0.0324039	0.550867	0.518463	0.428785	0.409655	0.275433	0.947367
-0.00198878	-0.343602	0.731148	0.731148	1	1	1	0.999881	0.847752	1
0.00221914	0.377782	0.705595	0.705595	1	1	1	0.999944	0.99418	1
-0.000602764	-0.0876116	0.930186	0.930186	1	1	1	0.999976	0.994634	1
0.00219549	0.336936	0.736167	0.786002	1	1	1	0.998722	0.879068	1
0.00478397	0.669068	0.503457	0.63395	1	1	0.999993	0.996305	0.810505	1
-0.000148425	-0.0221695	0.982313	0.984876	1	1	1	0.999372	0.982313	1
-0.00157036	-0.221779	0.824488	0.850762	1	1	1	0.999165	0.934419	1
-0.017768	-2.31234	0.0207651	0.0731289	0.353007	0.311477	0.300034	0.270033	0.117669	0.404729
0.000711629	0.123224	0.901931	0.901931	1	1	1	0.999916	0.971022	1
0.0022306	0.344649	0.73036	0.73036	1	1	1	0.999854	0.968417	1
0.00904459	1.51905	0.12876	0.300425	1	1	0.903984	0.833355	0.437783	1
-0.00756827	-1.24014	0.214931	0.391535	1	1	0.983653	0.95972	0.574568	1
0.00158515	0.269511	0.787538	0.829617	1	1	1	0.998184	0.816812	1
0.0013795	0.233177	0.815625	0.853799	1	1	1	0.996578	0.924375	1
-0.00206339	-0.38719	0.698618	0.710993	1	1	1	0.999251	0.95883	1
-0.00582799	-0.86001	0.38979	0.38979	1	1	0.999774	0.995632	0.844399	1
-0.001233	-0.22473	0.822191	0.822191	1	1	1	0.999572	0.912858	1
-0.0101705	-1.61391	0.106556	0.174621	1	1	0.852721	0.815495	0.436575	1
6.73171e-05	0.00935879	0.992533	0.994362	1	1	1	0.99438	0.992533	1
0.00448762	0.795879	0.426109	0.499499	1	1	0.999921	0.993247	0.77192	1
-0.00236647	-0.319398	0.749427	0.76058	1	1	1	0.998484	0.817688	1
0.00761762	1.12527	0.260481	0.29884	1	1	0.994083	0.980215	0.826857	1
-0.0190633	-2.79033	0.00526853	0.00957855	0.0895651	0.079028	0.0858877	0.076179	0.0255473	0.0878711
-0.00111663	-0.148328	0.882085	0.882085	1	1	1	0.999319	0.882085	1
0.00182015	0.304902	0.760443	0.826508	1	1	1	0.99911	0.881452	1
-0.00584641	-0.926783	0.354046	0.460248	1	1	0.999406	0.989453	0.666844	1
-0.00542021	-0.924497	0.355235	0.355235	1	1	0.999425	0.996672	0.883685	1
0.00274021	0.426668	0.669624	0.707549	1	1	1	0.999329	0.948634	1
-0.00653416	-1.01111	0.31197	0.493869	1	1	0.998265	0.976228	0.545434	1
0.00717755	1.29735	0.194519	0.265885	1	1	0.97471	0.939921	0.661364	1
-0.0157303	-2.20555	0.0274228	0.119752	0.466187	0.438765	0.376682	0.359107	0.129089	0.444009
-0.000608026	-0.1054	0.916059	0.916059	1	1	1	0.999954	0.986308	1
0.00220146	0.391695	0.695287	0.708989	1	1	1	0.9992	0.872542	1
-0.00552967	-0.808411	0.41886	0.448134	1	1	0.999902	0.995607	0.735024	1
0.000418976	0.0636135	0.949278	0.967283	1	1	1	0.999141	0.949278	1
-0.00429759	-0.61404	0.539193	0.624599	1	1	0.999998	0.997967	0.832675	1
-0.000764403	-0.11106	0.91157	0.934562	1	1	1	0.998287	0.949276	1
-0.00593015	-0.830862	0.406058	0.499499	1	1	0.999858	0.990802	0.660316	1
-0.0255265	-3.37148	0.00074854	0.0124774	0.0127252	0.0119766	0.0126493	0.0119096	0.00636259	0.0218845
0.00755376	1.26052	0.207492	0.405425	1	1	0.98081	0.930624	0.503908	1
-0.00119878	-0.184407	0.853695	0.908491	1	1	1	0.990195	0.907051	1
0.00874812	1.46493	0.142949	0.142949	1	1	0.927371	0.865388	0.486027	1
-0.00398514	-0.678659	0.497359	0.568315	1	1	0.999992	0.992781	0.704592	1
-0.01101	-1.65912	0.0971004	0.224473	1	1	0.823855	0.783931	0.550236	1
-0.00850761	-1.41013	0.158512	0.232564	1	1	0.946812	0.893922	0.53894	1
0.000783568	0.150703	0.880211	0.880211	1	1	1	0.999978	0.916263	1
-0.00411355	-0.617592	0.536849	0.536849	1	1	0.999998	0.99884	0.909306	1
0.00109057	0.201557	0.840264	0.871934	1	1	1	0.999425	0.938989	1
0.013255	2.10287	0.0354847	0.185263	0.603239	0.53227	0.458928	0.418383	0.20108	0.691625
0.000202331	0.0292561	0.976661	0.976661	1	1	1	0.999185	0.976661	1
-0.00291225	-0.511761	0.608822	0.634144	1	1	1	0.996572	0.796152	1
0.00275011	0.345594	0.72965	0.752969	1	1	1	0.997558	0.87209	1
-0.00829982	-1.09015	0.275656	0.275656	1	1	0.99584	0.986738	0.865421	1
0.0117704	1.47615	0.139915	0.16081	1	1	0.922873	0.895739	0.636141	1
0.0179886	2.26131	0.0237467	0.0475423	0.403694	0.379947	0.335396	0.31923	0.201847	0.694263
0.0103322	1.32074	0.186598	0.186598	1	1	0.970133	0.944502	0.793041	1
-0.00831697	-1.09962	0.271506	0.393495	1	1	0.995416	0.969332	0.584483	1
0.00808355	1.0227	0.306458	0.49186	1	1	0.998013	0.979649	0.595064	1
-0.0109309	-1.38001	0.167594	0.395954	1	1	0.955772	0.907879	0.51435	1
0.00569012	0.720081	0.47148	0.499499	1	1	0.99998	0.996782	0.847976	1
0.0007446	0.0934682	0.925532	0.925532	1	1	1	0.99999	0.965567	1
-0.00586038	-0.741593	0.458339	0.467746	1	1	0.99997	0.998539	0.859056	1
-0.00372124	-0.466973	0.640522	0.708176	1	1	1	0.999138	0.905346	1
-0.00318069	-0.405515	0.685102	0.736258	1	1	1	0.99907	0.851506	1
-0.00176026	-0.219903	0.825948	0.851442	1	1	1	0.999181	0.835923	1
0.000751988	0.0970034	0.922724	0.93016	1	1	1	0.997077	0.922724	1
0.00823998	1.07295	0.283304	0.283304	1	1	0.996527	0.983845	0.802694	1
-8.60176e-05	-0.0109784	0.991241	0.991241	1	1	1	0.999651	0.991241	1
0.000233276	0.0305688	0.975614	0.975614	1	1	1	0.999098	0.975614	1
-0.00686515	-0.865692	0.386665	0.452777	1	1	0.999754	0.992467	0.782207	1
-0.00647417	-0.83906	0.401442	0.499499	1	1	0.999838	0.990138	0.758279	1
-0.0197969	-2.50027	0.0124147	0.0195354	0.21105	0.21105	0.191336	0.191336	0.21105	0.725919
0.00188349	0.246296	0.805455	0.836435	1	1	1	0.998895	0.871527	1
-0.00541484	-0.707011	0.479565	0.479565	1	1	0.999985	0.999662	0.818962	1
0.00050662	0.0644492	0.948613	0.948613	1	1	1	0.999931	0.984753	1
-0.00228092	-0.303175	0.761759	0.815606	1	1	1	0.996954	0.923387	1
-0.00457078	-0.624877	0.532056	0.532056	1	1	0.999998	0.998924	0.919076	1
-0.00710622	-0.928454	0.353179	0.404401	1	1	0.999393	0.994637	0.833078	1
0.00344051	0.448853	0.653541	0.754911	1	1	1	0.986497	0.697146	1
-0.00284313	-0.37634	0.706667	0.737513	1	1	1	0.997967	0.847751	1
0.00693942	0.858393	0.390682	0.409152	1	1	0.99978	0.996708	0.849673	1
0.0149179	1.89515	0.0580813	0.249595	0.987382	0.9293	0.6384	0.616103	0.464079	1
-0.00513149	-0.642965	0.520252	0.602445	1	1	0.999996	0.990589	0.714549	1
0.00406387	0.534895	0.592726	0.696034	1	1	1	0.998721	0.916032	1
0.00408763	0.508086	0.611396	0.631538	1	1	1	0.998995	0.901128	1
0.00550044	0.68962	0.490438	0.533203	1	1	0.999989	0.995749	0.699092	1
0.00398605	0.508619	0.611023	0.622293	1	1	1	0.998896	0.874284	1
-0.00464256	-0.612905	0.539943	0.539943	1	1	0.999998	0.999077	0.939353	1
0.00744857	0.941382	0.346516	0.346516	1	1	0.999277	0.996037	0.870795	1
-0.00586499	-0.7435	0.457184	0.57472	1	1	0.999969	0.992463	0.777213	1
0.006568	0.833866	0.404363	0.4463	1	1	0.99985	0.996652	0.868316	1
0.00462991	0.58248	0.560247	0.560247	1	1	0.999999	0.999881	0.890832	1
-0.00831279	-1.04403	0.296479	0.296479	1	1	0.997467	0.992724	0.85985	1
-0.000151725	-0.0189618	0.984872	0.984872	1	1	1	0.999871	0.984872	1
-0.00438142	-0.558597	0.57644	0.584539	1	1	1	0.998964	0.839468	1
-0.000235955	-0.0295657	0.976414	0.984374	1	1	1	0.999985	0.976414	1
-0.00208193	-0.267665	0.788959	0.788959	1	1	1	0.999979	0.925984	1
0.00801676	1.04241	0.297228	0.438839	1	1	0.997512	0.989618	0.619835	1
0.00762974	0.976928	0.328612	0.328612	1	1	0.998856	0.991612	0.931068	1
-0.00143233	-0.187668	0.851138	0.851138	1	1	1	1	0.999562	1
0.00448751	0.56333	0.573214	0.573214	1	1	0.999999	0.998755	0.834178	1
-0.00695411	-0.896447	0.370021	0.416565	1	1	0.999612	0.996092	0.717547	1
-0.00916821	-1.16522	0.243937	0.350672	1	1	0.99138	0.953854	0.592419	1
0.00348212	0.455886	0.648475	0.650163	1	1	1	0.999767	0.902722	1
-0.00816873	-1.06538	0.286711	0.287682	1	1	0.996797	0.993705	0.941866	1
0.00486926	0.610876	0.541286	0.541286	1	1	0.999998	0.999101	0.923679	1
-0.00375569	-0.498645	0.618033	0.707999	1	1	1	0.989728	0.709883	1
-0.00324279	-0.441777	0.658654	0.737624	1	1	1	0.995915	0.746474	1
-0.010695	-1.40116	0.161175	0.161175	1	1	0.949602	0.914611	0.580156	1
-0.0005312	-0.070161	0.944066	0.944066	1	1	1	0.999398	0.952289	1
-0.00224069	-0.294417	0.768441	0.827352	1	1	1	0.995174	0.85395	1
0.0114985	1.42169	0.155127	0.155127	1	1	0.943055	0.920225	0.752562	1
0.0109515	1.38581	0.165816	0.211685	1	1	0.954138	0.920992	0.704717	1
0.00331821	0.398818	0.690031	0.690031	1	1	1	0.999739	0.96303	1
-0.00966355	-1.15621	0.247603	0.300699	1	1	0.992064	0.977393	0.71006	1
-0.0130028	-1.57462	0.115355	0.368176	1	1	0.875528	0.820211	0.362048	1
-0.0129879	-1.57092	0.116213	0.315621	1	1	0.877563	0.772923	0.329269	1
-0.0123381	-1.50879	0.131363	0.423577	1	1	0.908746	0.755441	0.279146	0.960138
-0.0168879	-2.04967	0.0404059	0.366562	0.686901	0.525277	0.503992	0.415024	0.13738	0.472526
-0.00784987	-0.927001	0.353934	0.499499	1	1	0.999405	0.980389	0.668541	1
-0.0181388	-2.14237	0.0321719	0.260869	0.546923	0.514751	0.426452	0.407387	0.149114	0.512886
-0.00057396	-0.0741549	0.940888	0.940888	1	1	1	0.99992	0.985518	1
-0.00178245	-0.233814	0.815131	0.815131	1	1	1	0.999861	0.905752	1
-0.00159831	-0.198109	0.842961	0.90486	1	1	1	0.995441	0.895646	1
-0.0041654	-0.520747	0.602547	0.602547	1	1	1	0.999891	0.982441	1
-0.00701602	-0.846903	0.397056	0.397056	1	1	0.999816	0.998608	0.943259	1
-0.00704745	-0.84163	0.400002	0.400002	1	1	0.999831	0.996906	0.707836	1
-0.0047483	-0.71803	0.472744	0.609585	1	1	0.999981	0.991419	0.685077	1
0.00979054	1.31707	0.187824	0.314647	1	1	0.970889	0.945662	0.613839	1
-0.000992726	-0.127552	0.898505	0.904907	1	1	1	0.99973	0.975555	1
0.000418141	0.055264	0.955929	0.955929	1	1	1	0.999989	0.955929	1
0.00101242	0.129713	0.896794	0.90365	1	1	1	0.999756	0.952844	1
0.0100668	1.25499	0.209491	0.209491	1	1	0.981617	0.970583	0.900618	1
-0.0145142	-2.09226	0.0364235	0.102324	0.619199	0.546352	0.467811	0.426817	0.175827	0.604767
0.00349306	0.449618	0.652989	0.75169	1	1	1	0.998254	0.872368	1
0.0105571	1.34181	0.179668	0.179668	1	1	0.965499	0.938985	0.664583	1
-0.00115118	-0.152844	0.878522	0.878522	1	1	1	0.999875	0.93343	1
0.00790982	1.04809	0.294605	0.294605	1	1	0.997349	0.989294	0.897941	1
0.00169894	0.226593	0.820742	0.841692	1	1	1	0.99986	0.964742	1
0.00924803	1.24706	0.212387	0.338987	1	1	0.982729	0.950206	0.515159	1
0.0085573	1.12343	0.261265	0.436286	1	1	0.994188	0.951596	0.555189	1
0.0104374	1.37022	0.170629	0.226278	1	1	0.958434	0.872286	0.414384	1
0.0109419	1.45134	0.146696	0.146696	1	1	0.932583	0.87284	0.498765	1
0.0243517	3.25622	0.0011303	0.0640692	0.0192152	0.0180849	0.0190424	0.0179324	0.00960759	0.0330458
0.0107651	1.36791	0.171349	0.250903	1	1	0.959044	0.940355	0.696598	1
0.0121687	1.55435	0.120111	0.120111	1	1	0.886427	0.833279	0.510472	1
0.0170596	2.14959	0.0315952	0.0500453	0.537118	0.473927	0.420614	0.382191	0.179039	0.615815
0.0239265	3.00605	0.00264883	0.0037956	0.04503	0.0423812	0.0440883	0.0415496	0.022515	0.0774416
0.019313	2.4324	0.0150049	0.0617048	0.255083	0.240078	0.226644	0.214863	0.127542	0.438686
0.00799869	1.00711	0.313889	0.313889	1	1	0.998345	0.992533	0.977793	1
0.00250516	0.332043	0.739859	0.739859	1	1	1	0.999979	0.96004	1
0.00449862	0.611689	0.540748	0.540748	1	1	0.999998	0.999602	0.824509	1
0.00754982	0.94862	0.342821	0.490321	1	1	0.999205	0.984974	0.666923	1
0.0146684	1.85002	0.0643206	0.198786	1	1	0.677031	0.65483	0.546725	1
0.00293225	0.360376	0.718569	0.718569	1	1	1	0.999968	0.982887	1
0.00256219	0.318904	0.749801	0.749801	1	1	1	0.999789	0.873641	1
0.00381488	0.502625	0.615232	0.615232	1	1	1	0.99952	0.896669	1
-0.00259362	-0.340346	0.733598	0.733598	1	1	1	0.999618	0.888289	1
0.00372575	0.467609	0.640068	0.652761	1	1	1	0.999227	0.856843	1
0.000879857	0.110903	0.911694	0.911694	1	1	1	0.999991	0.982067	1
0.011743	1.55609	0.119697	0.357075	1	1	0.885515	0.828392	0.40697	1
0.00208167	0.275707	0.782775	0.797926	1	1	1	0.998768	0.873493	1
0.00110172	0.139483	0.889069	0.90092	1	1	1	0.997935	0.889069	1
0.000162994	0.0208518	0.983364	0.988378	1	1	1	0.998896	0.983364	1
-0.0128836	-1.6351	0.102038	0.186582	1	1	0.839533	0.815151	0.578215	1
-0.0122481	-1.55539	0.119864	0.280974	1	1	0.885885	0.832624	0.509424	1
-0.00717939	-1.01291	0.311113	0.499499	1	1	0.998228	0.965953	0.557001	1
0.00220073	0.312633	0.754562	0.813045	1	1	1	0.991021	0.801722	1
0.00916476	1.14144	0.253697	0.381824	1	1	0.993089	0.970148	0.678734	1
0.00838235	1.0451	0.295984	0.295984	1	1	0.997436	0.985175	0.838622	1
0.00693035	0.898083	0.369148	0.48632	1	1	0.999603	0.990017	0.724751	1
0.00559938	0.73186	0.46426	0.46426	1	1	0.999975	0.998052	0.985376	1
-0.00819386	-1.00997	0.312518	0.312518	1	1	0.998288	0.992337	0.869821	1
-0.00857211	-1.05262	0.292524	0.343736	1	1	0.997213	0.988621	0.74256	1
-0.00403457	-0.517743	0.604641	0.645212	1	1	1	0.996181	0.845594	1
0.0116822	1.4552	0.145624	0.364474	1	1	0.931129	0.870747	0.495121	1
0.00443136	0.61306	0.539841	0.598483	1	1	0.999998	0.995631	0.796618	1
0.0109783	1.4158	0.156845	0.258898	1	1	0.944992	0.870911	0.371978	1
-0.00343328	-0.483783	0.628543	0.628543	1	1	1	0.999629	0.971385	1
-0.00225909	-0.313568	0.753851	0.753851	1	1	1	0.99988	0.899734	1
-0.0132215	-1.81522	0.0695003	0.167434	1	1	0.706116	0.660575	0.3803	1
0.0169017	2.48023	0.0131352	0.0449014	0.223298	0.210163	0.201306	0.190675	0.111649	0.384022
0.00635239	0.795445	0.426361	0.491017	1	1	0.999921	0.996142	0.822472	1
0.0120679	1.50025	0.13356	0.13356	1	1	0.912591	0.865618	0.567628	1
0.00699088	0.912654	0.361432	0.44367	1	1	0.999512	0.988726	0.739815	1
0.00669731	0.874078	0.382083	0.47026	1	1	0.999721	0.995483	0.781392	1
0.0116986	1.57294	0.115744	0.281918	1	1	0.876454	0.821312	0.437693	1
0.00713288	0.923729	0.355635	0.499499	1	1	0.999431	0.980849	0.548725	1
0.00647818	0.910514	0.362559	0.544708	1	1	0.999526	0.971589	0.560318	1
-0.00155889	-0.223045	0.823502	0.842152	1	1	1	0.999608	0.874971	1
-0.0179342	-2.44372	0.0145423	0.178328	0.247219	0.232677	0.220447	0.208943	0.121615	0.418302
-0.0221198	-2.89496	0.00379478	0.0732661	0.0645112	0.0531269	0.0625894	0.0518361	0.0161278	0.0554724
-0.00862778	-1.24396	0.213523	0.453725	1	1	0.983148	0.955953	0.450527	1
-0.0131424	-1.83719	0.0661919	0.0793497	1	0.992879	0.687838	0.642015	0.375088	1
-0.00502349	-0.716018	0.473986	0.473986	1	1	0.999982	0.999147	0.937762	1
-0.0137847	-1.9055	0.0567248	0.110513	0.964322	0.850873	0.629445	0.583537	0.305926	1
-0.00929721	-1.24732	0.21229	0.489915	1	1	0.982693	0.908027	0.420287	1
-0.010007	-1.31056	0.190015	0.216366	1	1	0.972196	0.957621	0.795284	1
-0.0115737	-1.64784	0.0993949	0.0993949	1	1	0.831312	0.769069	0.422428	1
-0.00599424	-0.852482	0.393953	0.393953	1	1	0.999799	0.997545	0.920471	1
-7.39579e-05	-0.0110299	0.9912	0.991779	1	1	1	0.999923	0.993368	1
-0.00303911	-0.446017	0.655588	0.767543	1	1	1	0.998563	0.796071	1
0.00574629	0.815021	0.415066	0.499499	1	1	0.99989	0.996844	0.784014	1
0.00396208	0.549436	0.58271	0.687707	1	1	1	0.997797	0.873212	1
-0.000280629	-0.0382841	0.969461	0.969461	1	1	1	0.99997	0.987262	1
0.00117823	0.162692	0.870762	0.878178	1	1	1	0.999899	0.870762	1
-0.00784314	-1.07885	0.280665	0.280665	1	1	0.996303	0.980806	0.795218	1
-0.00934287	-1.29227	0.196273	0.355834	1	1	0.975631	0.927339	0.556108	1
-0.00900313	-1.28145	0.200046	0.200046	1	1	0.977504	0.931328	0.566798	1
-0.00490738	-0.698614	0.484798	0.484798	1	1	0.999987	0.998682	0.908138	1
-0.00107798	-0.151298	0.879741	0.913589	1	1	1	0.997878	0.934725	1
-0.0104491	-1.43784	0.15049	0.15049	1	1	0.937502	0.858739	0.426388	1
-0.00389918	-0.521924	0.601727	0.682103	1	1	1	0.998829	0.852447	1
0.00378547	0.491437	0.623121	0.641318	1	1	1	0.99892	0.787629	1
0.0021905	0.313815	0.753664	0.753664	1	1	1	0.999832	0.958903	1
0.00730926	1.028	0.303957	0.303957	1	1	0.997887	0.991769	0.814042	1
-0.000881339	-0.120896	0.903774	0.903774	1	1	1	0.999663	0.988917	1
-0.00514545	-0.687622	0.491696	0.491696	1	1	0.99999	0.998849	0.818073	1
0.00592429	0.880602	0.37854	0.511229	1	1	0.999692	0.991182	0.643519	1
0.00905005	1.30739	0.19109	0.19109	1	1	0.972817	0.948643	0.764074	1
-0.00649261	-0.875199	0.381473	0.531749	1	1	0.999716	0.978577	0.648503	1
0.00273608	0.382806	0.701867	0.844672	1	1	1	0.9921	0.852267	1
0.00308845	0.409077	0.682486	0.682486	1	1	1	0.999897	0.992071	1
-0.00956984	-1.22296	0.221354	0.221354	1	1	0.985784	0.968313	0.752604	1
0.0110539	1.36675	0.171715	0.482755	1	1	0.95935	0.874114	0.356127	1
-0.0152108	-1.98746	0.0468806	0.180654	0.79697	0.703209	0.557917	0.513358	0.265657	0.91374
-0.0100833	-1.27593	0.201988	0.365683	1	1	0.978415	0.943756	0.5723	1
-0.00409876	-0.546592	0.584663	0.584663	1	1	1	0.999389	0.828273	1
0.00625881	0.81819	0.413255	0.413255	1	1	0.999884	0.998335	0.963471	1
-0.00313945	-0.406131	0.68465	0.715476	1	1	1	0.995531	0.798106	1
-0.0110913	-1.36688	0.171673	0.221469	1	1	0.959315	0.928414	0.72961	1
0.000570226	0.0702664	0.943982	0.950055	1	1	1	0.996862	0.961811	1
-0.00531293	-0.677644	0.498003	0.499499	1	1	0.999992	0.998319	0.772613	1
0.00738587	0.943282	0.345544	0.424094	1	1	0.999259	0.990566	0.803775	1
-0.0110584	-1.52847	0.126406	0.141109	1	1	0.899477	0.868281	0.506473	1
-0.00557208	-0.74764	0.454683	0.454683	1	1	0.999967	0.999773	0.993432	1
0.0114628	1.42605	0.153866	0.175389	1	1	0.941592	0.903584	0.653929	1
0.00450615	0.566313	0.571185	0.571185	1	1	0.999999	0.999091	0.971015	1
-0.00101266	-0.127031	0.898916	0.898916	1	1	1	0.999965	0.975112	1
0.00219949	0.280242	0.779294	0.779294	1	1	1	0.9997	0.946285	1
0.0110857	1.50243	0.132995	0.364364	1	1	0.911618	0.861127	0.38486	1
0.0148305	1.97555	0.0482145	0.134971	0.819646	0.723217	0.568317	0.523474	0.255218	0.877837
0.0162758	1.9997	0.0455414	0.137416	0.774204	0.546497	0.547238	0.42841	0.129034	0.443819
0.0158484	1.9687	0.0489964	0.11196	0.83294	0.68595	0.574307	0.505063	0.208235	0.716235
0.0207897	2.55123	0.0107393	0.0107393	0.182569	0.182569	0.167695	0.167695	0.0948151	0.326122
0.000319754	0.0396399	0.96838	0.96838	1	1	1	0.999927	0.96838	1
-0.00751993	-0.916601	0.359359	0.401872	1	1	0.999484	0.988355	0.689244	1
0.00347882	0.425747	0.670295	0.773997	1	1	1	0.996104	0.87654	1
0.0188192	2.37686	0.0174668	0.0432388	0.296935	0.279469	0.258855	0.24568	0.148468	0.510662
0.0212063	2.70158	0.00690483	0.0661165	0.117382	0.117382	0.111117	0.111117	0.117382	0.403742
0.0190255	2.46706	0.0136283	0.0136283	0.231682	0.218053	0.208064	0.197122	0.115841	0.39844
0.0247145	3.15931	0.00158295	0.00158295	0.0269102	0.0253272	0.0265721	0.0250288	0.0134551	0.0462795
0.00520826	0.647337	0.517419	0.665842	1	1	0.999996	0.987369	0.73301	1
0.0045377	0.56823	0.569883	0.686582	1	1	0.999999	0.997277	0.880728	1
0.00897855	1.10069	0.271041	0.452895	1	1	0.995366	0.977487	0.608346	1
-0.000889909	-0.10954	0.912775	0.912775	1	1	1	0.999984	0.955616	1
-0.0163562	-2.11056	0.0348186	0.20511	0.591917	0.557098	0.452541	0.432791	0.295958	1
-0.010824	-1.36994	0.170715	0.23132	1	1	0.958508	0.927246	0.677039	1
-0.000571347	-0.0713304	0.943135	0.951549	1	1	1	0.999036	0.943135	1
-0.00209085	-0.262351	0.793053	0.831262	1	1	1	0.997548	0.842618	1
-0.0107932	-1.3373	0.181135	0.207349	1	1	0.966533	0.93905	0.571387	1
-0.00392326	-0.481101	0.630448	0.631719	1	1	1	0.997972	0.824432	1
-0.00712626	-0.926483	0.354203	0.499499	1	1	0.999409	0.981515	0.663158	1
0.0108785	1.43181	0.152208	0.342271	1	1	0.939617	0.911665	0.575021	1
0.000664817	0.0817052	0.934882	0.947322	1	1	1	0.999001	0.985582	1
-0.00287203	-0.348533	0.727443	0.779041	1	1	1	0.999803	0.931233	1
-0.00962698	-1.16131	0.245526	0.452407	1	1	0.991683	0.957021	0.505957	1
-0.012479	-1.51769	0.129104	0.129104	1	1	0.904626	0.855612	0.54869	1
-0.0197209	-2.40382	0.0162307	0.0162307	0.275922	0.275922	0.242844	0.242844	0.17462	0.600614
-0.00531964	-0.651999	0.514407	0.667834	1	1	0.999995	0.996908	0.781322	1
0.0101394	1.26003	0.207667	0.443309	1	1	0.980882	0.9268	0.451187	1
0.0136095	1.73532	0.0826942	0.179967	1	1	0.769463	0.726024	0.448058	1
0.0103819	1.66048	0.0968285	0.260358	1	1	0.822951	0.762832	0.402377	1
0.0084037	1.11898	0.263159	0.354731	1	1	0.994436	0.986093	0.694118	1
-0.00652633	-0.917694	0.358786	0.358786	1	1	0.999476	0.9892	0.762421	1
-0.00231867	-0.318898	0.749806	0.749806	1	1	1	0.999683	0.910479	1
-0.00740641	-1.01361	0.310778	0.353092	1	1	0.998213	0.992081	0.8135	1
0.0186838	2.74383	0.00607628	0.0212836	0.103297	0.0972204	0.0984248	0.0929131	0.0516483	0.177647
0.00611017	0.771301	0.440534	0.499499	1	1	0.999948	0.994858	0.83212	1
0.0148892	1.87009	0.061481	0.175305	1	0.860734	0.659958	0.588658	0.261294	0.898735
0.00869095	1.10887	0.267493	0.408113	1	1	0.994967	0.974644	0.649627	1
0.0128487	1.63646	0.101754	0.115379	1	1	0.838669	0.820393	0.528001	1
0.00928318	1.38137	0.167175	0.167175	1	1	0.955392	0.922775	0.710492	1
0.0112024	1.53355	0.125151	0.259443	1	1	0.896994	0.798999	0.354594	1
0.0133644	2.19736	0.0280023	0.134062	0.476039	0.448037	0.382966	0.36519	0.181043	0.622706
0.00612171	0.971608	0.331253	0.546252	1	1	0.99893	0.959997	0.563131	1
-0.0125866	-1.70818	0.0876133	0.245025	1	1	0.789602	0.722984	0.372356	1
-0.00896922	-1.16879	0.242497	0.339555	1	1	0.991097	0.97296	0.728082	1
-0.00229228	-0.333106	0.739056	0.776347	1	1	1	0.999923	0.861824	1
-0.00580337	-0.813431	0.415977	0.509261	1	1	0.999893	0.995673	0.667048	1
0.00942564	1.24875	0.211767	0.382541	1	1	0.982496	0.942475	0.545996	1
0.0048126	0.627201	0.530532	0.530532	1	1	0.999997	0.998892	0.848334	1
0.00466937	0.645322	0.518723	0.627915	1	1	0.999996	0.988121	0.725595	1
-0.00694174	-0.946877	0.343709	0.358254	1	1	0.999223	0.990271	0.75124	1
-0.0145087	-1.96276	0.0496832	0.0496832	0.844614	0.745248	0.579503	0.534386	0.281538	0.968365
-0.0060421	-0.810485	0.417668	0.450667	1	1	0.999898	0.995516	0.773297	1
0.00451544	0.647877	0.517069	0.517069	1	1	0.999996	0.999155	0.940102	1
0.00607777	0.869925	0.384348	0.50721	1	1	0.999738	0.991838	0.630344	1
0.00876764	1.31089	0.189903	0.189903	1	1	0.972131	0.920119	0.538059	1
0.00710438	1.02821	0.303861	0.43189	1	1	0.997882	0.973272	0.645705	1
-0.000167046	-0.0225431	0.982015	0.98507	1	1	1	0.998152	0.982015	1
-0.00332342	-0.450984	0.652004	0.652004	1	1	1	0.999601	0.825538	1
-0.00841978	-1.20014	0.230096	0.345661	1	1	0.988267	0.956625	0.626515	1
-0.0113061	-1.60856	0.107723	0.368114	1	1	0.855956	0.772754	0.324321	1
-0.00415425	-0.575459	0.564985	0.745047	1	1	0.999999	0.982036	0.686053	1
-0.00608208	-0.840795	0.400469	0.590388	1	1	0.999833	0.975736	0.618907	1
7.33355e-05	0.00954092	0.992388	0.993292	1	1	1	0.998813	0.992388	1
-0.0107278	-1.39477	0.163096	0.340038	1	1	0.951528	0.901194	0.554526	1
-0.0147162	-2.01479	0.043935	0.204639	0.746895	0.61509	0.534107	0.466882	0.186724	0.642246
-0.00657228	-0.880959	0.378347	0.528088	1	1	0.999691	0.987124	0.607061	1
-0.0047355	-0.653298	0.513569	0.513569	1	1	0.999995	0.999274	0.825711	1
0.0104346	1.43001	0.152725	0.152725	1	1	0.940239	0.916753	0.837495	1
0.00488711	0.675843	0.499146	0.525162	1	1	0.999992	0.99883	0.707123	1
-0.000297484	-0.0393474	0.968614	0.96898	1	1	1	0.999522	0.968614	1
0.0100365	1.40045	0.161389	0.395596	1	1	0.94982	0.82797	0.342952	1
0.0109761	1.51899	0.128776	0.128776	1	1	0.904013	0.860241	0.547296	1
-0.0143581	-1.87831	0.0603481	0.0603481	1	0.905222	0.652913	0.606898	0.341973	1
-0.00237738	-0.319807	0.749117	0.788435	1	1	1	0.999751	0.886326	1
0.000517051	0.0682042	0.945623	0.945623	1	1	1	0.999988	0.988931	1
-0.00345737	-0.44519	0.656186	0.656186	1	1	1	0.999985	0.970896	1
-0.00175741	-0.226551	0.820775	0.820775	1	1	1	0.999928	0.911694	1
0.0166449	2.09035	0.0365947	0.248214	0.62211	0.548921	0.469417	0.428343	0.20737	0.71326
-0.00253012	-0.338698	0.73484	0.73484	1	1	1	0.999908	0.886629	1
-0.00413045	-0.544442	0.586141	0.586141	1	1	1	0.999716	0.80052	1
-0.0152026	-1.90173	0.0572164	0.0572164	0.972678	0.858246	0.632714	0.586781	0.324226	1
0.016725	2.44249	0.0145921	0.0471627	0.248066	0.233474	0.221117	0.209583	0.0875519	0.301139
0.0102695	1.28151	0.200023	0.200023	1	1	0.977493	0.945045	0.680078	1
0.00836613	1.03331	0.301466	0.427485	1	1	0.997755	0.986503	0.625477	1
0.00879802	1.16514	0.243971	0.269885	1	1	0.991387	0.984931	0.81641	1
-0.000118611	-0.0156581	0.987507	0.987507	1	1	1	0.999358	0.987507	1
0.0111188	1.44462	0.148575	0.220543	1	1	0.935063	0.85487	0.420962	1
0.00653696	0.860485	0.389528	0.457339	1	1	0.999773	0.995611	0.820409	1
-0.0013876	-0.176892	0.859595	0.890212	1	1	1	0.993944	0.859595	1
-0.00715716	-0.92848	0.353166	0.433247	1	1	0.999393	0.987179	0.714343	1
-0.0137048	-1.81076	0.0701881	0.0701881	1	1	0.709787	0.664319	0.397733	1
-0.022827	-2.98345	0.00285244	0.0713191	0.0484915	0.0427866	0.0474005	0.0419427	0.0161638	0.0555963
-0.0162645	-2.09169	0.0364749	0.261129	0.620074	0.510649	0.468294	0.405595	0.153632	0.528427
-0.020883	-2.67756	0.00741998	0.00741998	0.12614	0.1113	0.118923	0.105701	0.0420466	0.144621
-0.0181002	-2.29175	0.0219266	0.0219266	0.372752	0.328899	0.314015	0.282913	0.0995237	0.342317
-0.0235367	-2.98704	0.00281922	0.0132945	0.0479267	0.0451075	0.0468608	0.0441661	0.0239633	0.0824232
-0.0224577	-2.86472	0.00417665	0.0920251	0.0710031	0.0668264	0.0686795	0.0647734	0.0355015	0.122109
-0.0128898	-1.61739	0.105806	0.105806	1	1	0.850602	0.813156	0.599565	1
-0.00710557	-0.98749	0.32341	0.353549	1	1	0.998695	0.993774	0.74685	1
-0.00702133	-0.982635	0.325795	0.33009	1	1	0.998771	0.995991	0.88309	1
-0.0133411	-1.77462	0.0759701	0.180299	1	1	0.738987	0.694303	0.411784	1
-0.0203486	-2.65106	0.00802815	0.0548743	0.136479	0.120422	0.128055	0.113885	0.0454929	0.156475
-0.00796195	-1.01161	0.311731	0.370174	1	1	0.998255	0.988699	0.782033	1
-0.0090451	-1.15635	0.247547	0.36345	1	1	0.992054	0.962697	0.601187	1
-0.00422038	-0.565096	0.572012	0.572012	1	1	0.999999	0.999724	0.990519	1
-0.0015601	-0.209858	0.83378	0.859414	1	1	1	0.999318	0.885891	1
-0.00826651	-1.07769	0.281183	0.29939	1	1	0.996348	0.986321	0.788131	1
-0.00577959	-0.744375	0.456655	0.456655	1	1	0.999969	0.998662	0.936551	1
-0.00494948	-0.706349	0.479976	0.545899	1	1	0.999985	0.994632	0.707531	1
0.000188589	0.0266739	0.97872	0.97872	1	1	1	0.999913	0.97872	1
-0.00223	-0.294718	0.768212	0.812587	1	1	1	0.990648	0.816225	1
-0.00360598	-0.472976	0.636234	0.656896	1	1	1	0.997683	0.901332	1
0.00390163	0.501437	0.616067	0.618772	1	1	1	0.998716	0.805626	1
0.00732485	0.931234	0.35174	0.388686	1	1	0.999369	0.991503	0.790836	1
0.00785552	1.13599	0.255969	0.499499	1	1	0.993438	0.932766	0.483498	1
0.00318963	0.458689	0.646461	0.666256	1	1	1	0.996846	0.781004	1
-0.0043149	-0.55854	0.57648	0.66656	1	1	1	0.99624	0.786188	1
-0.00614842	-0.781597	0.434458	0.447739	1	1	0.999938	0.996653	0.739396	1
0.00279018	0.392654	0.694578	0.694578	1	1	1	0.999946	0.869754	1
0.00322585	0.44737	0.654611	0.654611	1	1	1	0.999687	0.935422	1
0.00842775	1.07819	0.280955	0.393315	1	1	0.996328	0.980898	0.697569	1
0.00665886	0.869066	0.384818	0.453008	1	1	0.999741	0.99659	0.820135	1
-0.0135067	-1.67482	0.0939794	0.122387	1	1	0.813213	0.772453	0.53255	1
0.0005213	0.0669579	0.946616	0.953079	1	1	1	0.99844	0.946616	1
-0.0008977	-0.114531	0.908818	0.908818	1	1	1	0.999926	0.920073	1
0.00475913	0.617872	0.536664	0.573882	1	1	0.999998	0.995972	0.678843	1
-0.000841428	-0.115168	0.908313	0.908313	1	1	1	0.999995	0.952544	1
-0.00124037	-0.163118	0.870427	0.870427	1	1	1	0.999914	0.924828	1
-0.0080705	-1.0734	0.2831	0.364176	1	1	0.99651	0.981898	0.671465	1
0.0157734	2.3012	0.0213872	0.0549162	0.363582	0.342195	0.307555	0.292422	0.12527	0.430871
0.000337538	0.0422669	0.966286	0.966286	1	1	1	0.999673	0.966286	1
0.00490301	0.609927	0.541915	0.541915	1	1	0.999998	0.999284	0.79829	1
0.00165308	0.219674	0.826126	0.826126	1	1	1	0.999961	0.961087	1
0.000216894	0.0288645	0.976973	0.976973	1	1	1	0.999868	0.982073	1
0.00197601	0.255516	0.798326	0.83513	1	1	1	0.998346	0.891887	1
-0.00566216	-0.731627	0.464402	0.499499	1	1	0.999975	0.996373	0.857843	1
-0.000497663	-0.0628815	0.949861	0.971224	1	1	1	0.998204	0.949861	1
-0.00608078	-0.788708	0.430289	0.499499	1	1	0.99993	0.993677	0.772222	1
-0.0165368	-2.20026	0.0277962	0.0682298	0.472536	0.361351	0.380738	0.306822	0.0945071	0.325062
-0.0238748	-3.17395	0.00150528	0.0365141	0.0255898	0.0225793	0.025284	0.0223429	0.00852994	0.0293392
-0.00463831	-0.653465	0.513462	0.513462	1	1	0.999995	0.999033	0.771374	1
-0.00788629	-1.09761	0.272385	0.407263	1	1	0.995509	0.97798	0.653362	1
-0.00822417	-1.12413	0.260966	0.494068	1	1	0.994148	0.96185	0.50432	1
-0.0193162	-2.5687	0.0102128	0.0450668	0.173618	0.153192	0.160132	0.142711	0.0578725	0.199056
-0.00906245	-1.16472	0.24414	0.382982	1	1	0.99142	0.973713	0.693815	1
-0.00830126	-1.05594	0.291006	0.329417	1	1	0.99711	0.989653	0.798733	1
-0.00818651	-1.14188	0.253511	0.253511	1	1	0.993059	0.977649	0.815965	1
-0.0038825	-0.547978	0.583711	0.583711	1	1	1	0.999625	0.960596	1
0.00561542	0.804227	0.421272	0.499499	1	1	0.999908	0.994022	0.726804	1
0.000807267	0.115163	0.908317	0.912394	1	1	1	0.998484	0.943432	1
0.0101139	1.38973	0.16462	0.16462	1	1	0.953007	0.919392	0.699633	1
0.0099305	1.34873	0.177434	0.177434	1	1	0.963867	0.921074	0.603277	1
0.000184192	0.024775	0.980235	0.984908	1	1	1	0.99998	0.98249	1
0.00476433	0.645436	0.518649	0.622495	1	1	0.999996	0.992692	0.688865	1
-0.00257246	-0.334252	0.738191	0.738191	1	1	1	0.998937	0.879521	1
-0.00317021	-0.418461	0.675613	0.693854	1	1	1	0.998835	0.830968	1
-0.0135707	-1.85144	0.0641166	0.0641166	1	0.897633	0.675832	0.604538	0.272496	0.937263
-0.00631257	-0.864251	0.387457	0.387457	1	1	0.999759	0.995445	0.841673	1
-0.00213945	-0.282411	0.777631	0.842382	1	1	1	0.996492	0.798279	1
-0.00482386	-0.632639	0.526974	0.618995	1	1	0.999997	0.995358	0.787593	1
0.00567324	0.723094	0.469628	0.490807	1	1	0.999979	0.998239	0.858445	1
0.0100232	1.25738	0.208627	0.397341	1	1	0.981272	0.930239	0.506665	1
0.00528617	0.74851	0.454159	0.523294	1	1	0.999966	0.993489	0.77207	1
0.00508288	0.717829	0.472868	0.610264	1	1	0.999981	0.994039	0.747574	1
-0.00544767	-0.714287	0.475055	0.531406	1	1	0.999983	0.994751	0.681102	1
-0.00821827	-1.07262	0.283449	0.283449	1	1	0.996539	0.974431	0.688375	1
-0.00118062	-0.167042	0.867338	0.867338	1	1	1	0.999962	0.973313	1
0.00185479	0.26118	0.793956	0.821981	1	1	1	0.999629	0.926494	1
-0.00462105	-0.581277	0.561058	0.629786	1	1	0.999999	0.992863	0.760191	1
0.00553984	0.714019	0.475221	0.499499	1	1	0.999983	0.997464	0.729197	1
0.00668559	0.889374	0.373809	0.373809	1	1	0.99965	0.996365	0.904211	1
-0.00749225	-0.963262	0.335424	0.473384	1	1	0.999038	0.988832	0.688108	1
0.0227898	2.95702	0.00310871	0.00310871	0.0528481	0.0528481	0.051554	0.051554	0.0487678	0.167739
0.0124514	1.61937	0.105378	0.147226	1	1	0.849382	0.81181	0.522016	1
0.00763789	0.971075	0.331518	0.331518	1	1	0.998937	0.99407	0.742152	1
0.0132858	1.63308	0.102463	0.237511	1	1	0.84082	0.75471	0.348375	1
0.00645226	0.832957	0.404875	0.480473	1	1	0.999853	0.994427	0.66156	1
0.00439878	0.550424	0.582033	0.642594	1	1	1	0.994518	0.76112	1
0.0175355	2.26428	0.0235639	0.0346287	0.400586	0.329894	0.333277	0.283834	0.100146	0.344459
0.0245354	3.14614	0.00165599	0.0133686	0.0281518	0.0281518	0.0277819	0.0277819	0.0281518	0.0968295
0.0148393	2.1699	0.0300224	0.0598969	0.510381	0.450336	0.404408	0.366968	0.170127	0.585161
0.0101718	1.53166	0.125616	0.281075	1	1	0.897921	0.825367	0.427095	1
0.0120436	1.59239	0.111307	0.111307	1	1	0.865483	0.829677	0.630742	1
0.0166298	2.21602	0.0266974	0.126368	0.453856	0.427159	0.368732	0.351416	0.226928	0.780531
0.00796751	1.03475	0.300792	0.300792	1	1	0.997718	0.986345	0.735304	1
0.0115457	1.45901	0.144572	0.187064	1	1	0.929673	0.917787	0.800234	1
0.0262235	3.31839	0.000906453	0.000906453	0.0154097	0.0135968	0.0152985	0.0135109	0.00513656	0.0176675
0.0221107	2.75745	0.00582886	0.0284191	0.0990907	0.0932618	0.094602	0.0892936	0.0495453	0.170414
0.0198228	2.62565	0.00865282	0.00865282	0.147098	0.129792	0.137343	0.122218	0.0490326	0.16865
0.0176382	2.32124	0.0202805	0.0202805	0.344768	0.304207	0.294121	0.264595	0.114923	0.395282
0.00957903	1.23402	0.217203	0.217203	1	1	0.984439	0.96756	0.923113	1
0.0146499	1.86131	0.0627104	0.0627104	1	0.940656	0.667452	0.621464	0.355359	1
0.0083048	1.06347	0.287575	0.287575	1	1	0.996863	0.982905	0.814797	1
0.00646131	0.811697	0.416972	0.478029	1	1	0.999896	0.995462	0.758684	1
0.00948406	1.27226	0.203291	0.203291	1	1	0.979006	0.947893	0.691188	1
0.00502808	0.671643	0.501816	0.501816	1	1	0.999993	0.999058	0.9436	1
0.00430092	0.569475	0.569038	0.570166	1	1	0.999999	0.99822	0.841442	1
0.00557239	0.744593	0.456524	0.456524	1	1	0.999969	0.998778	0.836378	1
-0.0019916	-0.261459	0.793741	0.793741	1	1	1	0.999997	0.996354	1
-0.000580666	-0.0758157	0.939566	0.939566	1	1	1	0.999857	0.939566	1
0.007786	1.01313	0.311006	0.311006	1	1	0.998223	0.98339	0.755301	1
0.00612851	0.802166	0.422463	0.499499	1	1	0.999912	0.995075	0.797986	1
0.0103899	1.33216	0.182817	0.182817	1	1	0.967684	0.911319	0.517983	1
0.00873154	1.12907	0.258878	0.374446	1	1	0.993861	0.972542	0.733489	1
0.00700061	0.955764	0.339199	0.403913	1	1	0.999127	0.992696	0.797967	1
0.00395629	0.542525	0.587461	0.587461	1	1	1	0.999609	0.907895	1
0.00432233	0.562061	0.574078	0.582349	1	1	1	0.998917	0.805886	1
0.00025152	0.0326525	0.973952	0.975818	1	1	1	0.999698	0.973952	1
0.00226522	0.296569	0.766798	0.766798	1	1	1	0.999499	0.913288	1
-0.00282484	-0.362298	0.717132	0.756916	1	1	1	0.999488	0.996402	1
0.0183623	2.32307	0.0201821	0.0201821	0.343095	0.262367	0.292915	0.232833	0.068619	0.236019
0.0122606	1.56835	0.116809	0.116809	1	1	0.878961	0.824304	0.49644	1
0.00475587	0.604408	0.545577	0.545577	1	1	0.999998	0.999519	0.938487	1
0.00752912	0.970907	0.331602	0.43239	1	1	0.998939	0.99224	0.762503	1
-0.00143926	-0.200942	0.840745	0.840745	1	1	1	0.999985	0.953963	1
0.00193379	0.27247	0.785262	0.79076	1	1	1	0.999108	0.8748	1
-0.00196187	-0.257129	0.797081	0.797081	1	1	1	0.999569	0.903358	1
-0.007465	-0.993423	0.320512	0.320512	1	1	0.998597	0.98736	0.762369	1
0.00543506	0.723309	0.469495	0.471472	1	1	0.999979	0.998234	0.868073	1
0.00629926	0.832207	0.405298	0.553707	1	1	0.999854	0.977086	0.62637	1
-0.0053195	-0.806858	0.419754	0.419754	1	1	0.999904	0.998543	0.881051	1
0.00989186	1.37916	0.167856	0.248693	1	1	0.956008	0.910713	0.490631	1
0.012631	1.62617	0.103924	0.30281	1	1	0.845166	0.759848	0.35334	1
0.0127269	1.60816	0.107811	0.127416	1	1	0.856196	0.838819	0.608824	1
0.00148862	0.197476	0.843456	0.843456	1	1	1	0.99996	0.991597	1
0.00740473	0.989962	0.322201	0.400963	1	1	0.998655	0.990598	0.744817	1
0.00711846	0.89119	0.372835	0.499499	1	1	0.999641	0.984988	0.704243	1
-9.08594e-05	-0.0112723	0.991006	0.994018	1	1	1	0.999705	0.991006	1
-0.00675312	-0.868234	0.385273	0.594899	1	1	0.999744	0.979608	0.654965	1
-0.0087843	-1.11943	0.262967	0.382127	1	1	0.994412	0.958662	0.558806	1
0.00359676	0.512359	0.608404	0.608404	1	1	1	0.999679	0.90653	1
-0.00576167	-0.79587	0.426114	0.550192	1	1	0.999921	0.987621	0.58006	1
-0.0137982	-1.89095	0.0586402	0.0586402	0.996884	0.820963	0.642031	0.57088	0.249221	0.857209
-0.0057212	-0.772477	0.439838	0.471968	1	1	0.999947	0.996958	0.828787	1
0.0153045	2.0176	0.0436412	0.0921582	0.7419	0.698259	0.531667	0.510296	0.37095	1
0.00896004	1.16554	0.243808	0.251936	1	1	0.991355	0.982788	0.766985	1
0.00663253	0.836251	0.40302	0.40302	1	1	0.999845	0.998777	0.83419	1
0.00856768	1.07387	0.282887	0.325241	1	1	0.996493	0.990489	0.746108	1
-0.012488	-1.55942	0.118907	0.281334	1	1	0.883756	0.781092	0.3305	1
-0.0113156	-1.4084	0.159023	0.20194	1	1	0.947358	0.874856	0.44491	1
-0.0147046	-1.92289	0.0545034	0.107146	0.926558	0.817551	0.614327	0.568581	0.308853	1
0.00716133	0.940085	0.347181	0.358689	1	1	0.99929	0.996089	0.921801	1
0.0106716	1.31654	0.188004	0.188004	1	1	0.970999	0.933289	0.639214	1
0.00433102	0.537977	0.590597	0.62539	1	1	1	0.997461	0.754128	1
-0.00848978	-1.07192	0.283763	0.283763	1	1	0.996565	0.981774	0.803995	1
-0.0152408	-1.93394	0.0531296	0.201226	0.903203	0.850074	0.604689	0.582508	0.401396	1
-0.0104827	-1.41904	0.155899	0.155899	1	1	0.943933	0.917334	0.66257	1
-0.00819783	-1.08219	0.279176	0.279176	1	1	0.996171	0.977464	0.677999	1
-0.000582356	-0.0740571	0.940965	0.963328	1	1	1	0.999635	0.961738	1
0.00499865	0.637575	0.523755	0.661887	1	1	0.999997	0.988332	0.655207	1
-0.00365626	-0.476115	0.633996	0.700564	1	1	1	0.995264	0.829072	1
0.00442458	0.57584	0.564727	0.632909	1	1	0.999999	0.993199	0.80003	1
0.00251083	0.322378	0.747168	0.795393	1	1	1	0.994783	0.791565	1
0.00732142	0.93547	0.349553	0.426127	1	1	0.999332	0.992992	0.793931	1
0.00614469	0.781042	0.434784	0.499499	1	1	0.999939	0.994112	0.719988	1
0.00123792	0.158729	0.873883	0.888859	1	1	1	0.999994	0.991542	1
0.0182993	2.45901	0.0139377	0.0424661	0.23694	0.23694	0.212276	0.212276	0.124613	0.428612
0.00840252	1.14181	0.253541	0.27122	1	1	0.993064	0.984481	0.793379	1
0.0174856	2.3767	0.0174746	0.0594241	0.297067	0.297067	0.258955	0.258955	0.297067	1
-0.00192352	-0.263208	0.792392	0.802	1	1	1	0.999765	0.940081	1
-0.00528282	-0.656694	0.511383	0.710875	1	1	0.999995	0.996751	0.864742	1
-0.000548427	-0.0674995	0.946184	0.946407	1	1	1	0.99898	0.946184	1
-0.0102633	-1.26376	0.206328	0.499499	1	1	0.980326	0.87504	0.360591	1
-0.00671022	-0.82328	0.410355	0.577406	1	1	0.999874	0.985388	0.697604	1
0.0131888	1.64263	0.100469	0.100469	1	1	0.834699	0.795712	0.501014	1
0.00249338	0.312941	0.754328	0.848689	1	1	1	0.997318	0.847777	1
0.00878801	1.08887	0.276218	0.276218	1	1	0.995895	0.960547	0.586963	1
-0.00611903	-0.767884	0.442562	0.442562	1	1	0.999952	0.997103	0.940444	1
0.0166878	2.20302	0.0276005	0.0970231	0.469209	0.469209	0.378616	0.378616	0.261827	0.900567
0.0151774	1.9184	0.0550697	0.0748989	0.936185	0.881116	0.618235	0.595986	0.350353	1
0.00415716	0.591831	0.553968	0.611636	1	1	0.999999	0.996303	0.737056	1
0.00586807	0.864131	0.387523	0.499499	1	1	0.99976	0.987871	0.731987	1
-0.0123639	-1.68617	0.091773	0.111665	1	1	0.805327	0.74015	0.390035	1
0.0190773	2.82291	0.00476206	0.0462018	0.0809551	0.076193	0.0779432	0.0735313	0.0404775	0.139225
0.0133288	1.6459	0.0997951	0.225073	1	1	0.832581	0.793405	0.55733	1
0.022181	2.73048	0.00632786	0.00632786	0.107574	0.107574	0.102297	0.102297	0.107574	0.370005
0.0200177	2.64514	0.00816996	0.0816929	0.138889	0.138889	0.130172	0.130172	0.138889	0.477717
0.00977603	1.32324	0.185764	0.292711	1	1	0.969609	0.968984	0.741859	1
0.0219369	2.76787	0.00564582	0.07273	0.095979	0.095979	0.091764	0.091764	0.0529376	0.182082
0.0173994	2.27473	0.0229293	0.0858404	0.389798	0.389798	0.325873	0.325873	0.253427	0.871677
0.0105075	1.3959	0.162756	0.34615	1	1	0.951193	0.900671	0.493333	1
0.0065708	0.897715	0.369344	0.450503	1	1	0.999605	0.990048	0.784857	1
0.000886044	0.119259	0.905071	0.905071	1	1	1	0.99999	0.967519	1
-0.00961121	-1.25002	0.211302	0.311344	1	1	0.98232	0.942067	0.59869	1
0.00841328	1.16046	0.245872	0.325257	1	1	0.991748	0.966167	0.60896	1
0.000884353	0.11735	0.906584	0.906584	1	1	1	0.999995	0.988434	1
-0.000128776	-0.0183837	0.985333	0.985333	1	1	1	0.999957	0.985333	1
-0.00795216	-1.08549	0.277714	0.277714	1	1	0.996037	0.994513	0.901456	1
-0.00051022	-0.0675808	0.94612	0.960797	1	1	1	0.999656	0.981583	1
-0.00514389	-0.655295	0.512283	0.612381	1	1	0.999995	0.993436	0.79171	1
-0.00178628	-0.24917	0.803231	0.818258	1	1	1	0.999876	0.916837	1
0.000372595	0.0521176	0.958435	0.973705	1	1	1	0.97649	0.958435	1
0.00492742	0.769474	0.441618	0.554629	1	1	0.99995	0.99055	0.697378	1
-0.0015382	-0.22565	0.821475	0.874914	1	1	1	0.999819	0.94815	1
0.00623229	0.888393	0.374337	0.476538	1	1	0.999655	0.990808	0.70349	1
0.00405288	0.553165	0.580154	0.580154	1	1	1	0.99891	0.760047	1
0.0141735	1.93904	0.052506	0.337834	0.892603	0.787591	0.60024	0.554706	0.226696	0.779732
0.012052	1.60927	0.107568	0.229704	1	1	0.85553	0.818604	0.602821	1
0.00672637	0.931301	0.351705	0.499499	1	1	0.999369	0.979772	0.609588	1
-0.000509354	-0.0667474	0.946783	0.966663	1	1	1	0.999968	0.977877	1
-0.00156576	-0.206354	0.836516	0.876549	1	1	1	0.999883	0.945203	1
0.00611562	0.792477	0.428089	0.428089	1	1	0.999925	0.997859	0.930463	1
0.0101731	1.37918	0.167848	0.167848	1	1	0.956001	0.936461	0.613092	1
-0.00698888	-0.937843	0.348333	0.568808	1	1	0.999311	0.969272	0.592165	1
0.00213157	0.268807	0.78808	0.788614	1	1	1	0.999573	0.946756	1
0.00317029	0.408664	0.682789	0.682789	1	1	1	0.999967	0.99958	1
0.0126125	1.7497	0.0801797	0.214506	1	1	0.758481	0.689657	0.340764	1
0.0132528	1.85	0.0643232	0.165088	1	0.953544	0.677047	0.626636	0.273373	0.940282
0.00558425	0.8015	0.422848	0.499499	1	1	0.999913	0.992894	0.786012	1
0.0016355	0.213315	0.831083	0.831083	1	1	1	0.999862	0.999605	1
0.00446574	0.608459	0.542888	0.542888	1	1	0.999998	0.999838	0.971268	1
0.0134078	1.79587	0.0725252	0.182703	1	1	0.721941	0.676755	0.410976	1
0.00231449	0.288757	0.772769	0.772769	1	1	1	0.999979	0.968273	1
-0.00400929	-0.498724	0.617977	0.663571	1	1	1	0.998813	0.936665	1
0.0106355	1.35634	0.175001	0.175001	1	1	0.962007	0.944179	0.990985	1
-0.000718691	-0.0899915	0.928295	0.928295	1	1	1	0.999973	0.991541	1
-0.00482776	-0.605382	0.54493	0.54493	1	1	0.999998	0.999767	0.874159	1
0.00724456	0.906715	0.364564	0.364564	1	1	0.999551	0.995666	0.91812	1
0.00367616	0.456983	0.647686	0.722261	1	1	1	0.994572	0.788758	1
0.00403801	0.512658	0.608194	0.608194	1	1	1	0.99977	0.858206	1
0.00486896	0.607492	0.543529	0.608909	1	1	0.999998	0.995871	0.70248	1
0.00419404	0.523724	0.600474	0.611645	1	1	1	0.998375	0.804111	1
0.00924767	1.14665	0.251537	0.499499	1	1	0.992741	0.926289	0.475126	1
0.00650975	0.835369	0.403517	0.403517	1	1	0.999847	0.99513	0.857473	1
0.0104652	1.30523	0.191825	0.318556	1	1	0.973233	0.959019	0.659313	1
0.00455162	0.569227	0.569206	0.569206	1	1	0.999999	0.998972	0.63575	1
0.00899237	1.12368	0.261158	0.261158	1	1	0.994174	0.985555	0.879956	1
0.0040882	0.513173	0.607834	0.607834	1	1	1	0.999441	0.95992	1
-0.00154398	-0.191313	0.848282	0.848282	1	1	1	0.999965	0.889026	1
0.0101874	1.30659	0.191361	0.191361	1	1	0.972971	0.948883	0.58621	1
-0.00620681	-0.789705	0.429706	0.429706	1	1	0.999929	0.998816	0.831054	1
0.00691327	0.894874	0.370862	0.499499	1	1	0.999621	0.984558	0.700516	1
-0.00202969	-0.258504	0.79602	0.79602	1	1	1	0.999647	0.984164	1
-0.00685348	-0.891159	0.372851	0.499499	1	1	0.999641	0.98536	0.704274	1
0.00177718	0.227669	0.819905	0.819905	1	1	1	0.999992	0.953065	1
0.00192149	0.243253	0.807811	0.831297	1	1	1	0.999682	0.915519	1
0.0170115	2.13672	0.0326288	0.184056	0.55469	0.522062	0.431038	0.411847	0.277345	0.953943
-0.00325322	-0.416948	0.676719	0.676719	1	1	1	0.999881	0.986698	1
-0.000909132	-0.120827	0.903828	0.903828	1	1	1	0.999919	0.903828	1
-0.0120164	-1.57401	0.115495	0.115495	1	1	0.875862	0.841326	0.654471	1
-0.00675048	-0.874985	0.381589	0.381589	1	1	0.999717	0.997501	0.926716	1
0.00115072	0.153975	0.877631	0.922331	1	1	1	0.998355	0.877631	1
0.00792018	0.978769	0.327702	0.327702	1	1	0.998829	0.996604	0.900925	1
-0.00190121	-0.251926	0.8011	0.858157	1	1	1	0.995392	0.907914	1
-0.000913673	-0.118865	0.905383	0.906884	1	1	1	0.999929	0.96197	1
-0.00881316	-1.14855	0.25075	0.310322	1	1	0.99261	0.958227	0.608964	1
0.00575023	0.748613	0.454096	0.507554	1	1	0.999966	0.995614	0.771963	1
-0.00371716	-0.484301	0.628176	0.681842	1	1	1	0.993131	0.711933	1
-0.00565162	-0.72572	0.468016	0.612896	1	1	0.999978	0.981722	0.616014	1
-0.00341524	-0.452827	0.650677	0.711412	1	1	1	0.998599	0.819294	1
-0.0053569	-0.704388	0.481196	0.481196	1	1	0.999986	0.998754	0.980739	1
-0.00575991	-0.780309	0.435215	0.57142	1	1	0.999939	0.985025	0.616555	1
-9.90721e-05	-0.0125817	0.989962	0.989962	1	1	1	0.999927	0.989962	1
-0.00494631	-0.657522	0.51085	0.643428	1	1	0.999995	0.989961	0.659129	1
-0.00819837	-1.06596	0.286448	0.429388	1	1	0.996777	0.965782	0.608703	1
0.00137043	0.180277	0.856937	0.883886	1	1	1	0.997048	0.882562	1
0.00403468	0.50011	0.617001	0.738885	1	1	1	0.992065	0.806847	1
0.0077064	1.03331	0.301467	0.474261	1	1	0.997755	0.979254	0.587183	1
-0.00201325	-0.261785	0.793489	0.793489	1	1	1	0.999922	0.993221	1
-0.0145083	-1.99402	0.0461586	0.100324	0.784696	0.738537	0.552189	0.530518	0.392348	1
0.00694921	0.908913	0.363403	0.481638	1	1	0.999537	0.989069	0.658419	1
0.00712896	0.911808	0.361877	0.361877	1	1	0.999518	0.995291	0.721238	1
0.00755631	0.968484	0.33281	0.552236	1	1	0.998971	0.942019	0.514343	1
-0.00687631	-0.882638	0.377439	0.377439	1	1	0.999683	0.99661	0.935909	1
-0.00719224	-0.906436	0.364712	0.409217	1	1	0.999553	0.993197	0.747187	1
0.000140755	0.0183129	0.985389	0.989521	1	1	1	0.99914	0.985389	1
0.00302382	0.38239	0.702175	0.715176	1	1	1	0.999372	0.895814	1
-0.00821455	-1.08655	0.277246	0.451882	1	1	0.995993	0.979682	0.622211	1
-0.00458031	-0.575949	0.564654	0.578092	1	1	0.999999	0.998428	0.799926	1
0.0096393	1.24088	0.21466	0.407062	1	1	0.983557	0.930532	0.456152	1
0.00130201	0.167779	0.866758	0.906499	1	1	1	0.999433	0.979993	1
-0.00631721	-0.818518	0.413068	0.413068	1	1	0.999884	0.997152	0.889958	1
-0.00416376	-0.540534	0.588832	0.708028	1	1	1	0.984189	0.715011	1
-0.0111594	-1.4465	0.148047	0.433343	1	1	0.934376	0.853812	0.315559	1
-0.0176777	-2.58776	0.00966465	0.0106296	0.164299	0.14497	0.15219	0.135561	0.0547664	0.188372
0.00719685	0.937342	0.34859	0.499499	1	1	0.999315	0.97888	0.658448	1
-0.00997581	-1.30443	0.192095	0.345585	1	1	0.973385	0.938881	0.510451	1
-0.00379444	-0.493793	0.621456	0.666067	1	1	1	0.99456	0.75585	1
-0.00111656	-0.147639	0.882629	0.882629	1	1	1	1	0.965553	1
-0.0020062	-0.276533	0.782141	0.824962	1	1	1	0.997459	0.886426	1
-0.00520915	-0.691096	0.48951	0.48951	1	1	0.999989	0.998798	0.802958	1
-0.000247605	-0.0328963	0.973757	0.976159	1	1	1	0.999907	0.973757	1
0.000106101	0.0138995	0.98891	0.989655	1	1	1	0.999774	0.98891	1
-0.0152837	-2.07874	0.0376496	0.211126	0.640043	0.640043	0.479207	0.479207	0.300335	1
-0.00996862	-1.28701	0.198099	0.198099	1	1	0.976555	0.943302	0.673537	1
0.00110834	0.1461	0.883843	0.927879	1	1	1	0.977768	0.883843	1
-0.00369488	-0.502015	0.61566	0.675883	1	1	1	0.993863	0.747588	1
-0.00150891	-0.219734	0.82608	0.82608	1	1	1	0.998613	0.87771	1
-0.00313137	-0.455807	0.648532	0.648532	1	1	1	0.999941	0.935529	1
0.00389433	0.499455	0.617463	0.617463	1	1	1	0.999726	0.897008	1
0.00487276	0.687038	0.492064	0.545024	1	1	0.99999	0.995534	0.697091	1
-0.00857735	-1.2781	0.201223	0.201223	1	1	0.97806	0.965614	0.727673	1
-0.00263329	-0.277937	0.781063	0.832279	1	1	1	0.999839	0.980384	1
-1.59529e-05	-0.00167715	0.998662	0.998662	1	1	1	0.99971	0.998662	1
-0.0082778	-0.861681	0.388872	0.574653	1	1	0.999769	0.968362	0.550902	1
-0.0120249	-1.25201	0.210579	0.317729	1	1	0.982043	0.971184	0.641708	1
0.0171417	1.79466	0.0727216	0.133908	1	1	0.722941	0.701213	0.572495	1
0.000234111	0.0242938	0.980618	0.980618	1	1	1	0.999943	0.980618	1
0.00281455	0.296405	0.766923	0.766923	1	1	1	0.999651	0.86918	1
-0.0139394	-1.45769	0.144938	0.167242	1	1	0.930184	0.914184	0.663952	1
0.00625498	0.653999	0.513119	0.637364	1	1	0.999995	0.991094	0.623074	1
-0.00576253	-0.602416	0.546903	0.598744	1	1	0.999999	0.996102	0.807846	1
0.0130861	1.36948	0.170863	0.170863	1	1	0.958634	0.927428	0.723196	1
-0.0169462	-1.76854	0.0769839	0.114738	1	1	0.743813	0.722446	0.358736	1
0.00167375	0.174577	0.861413	0.861413	1	1	1	0.999829	0.940756	1
-0.0198568	-2.08448	0.0371278	0.0371278	0.631172	0.631172	0.474385	0.474385	0.471187	1
7.79747e-05	0.00811445	0.993526	0.993934	1	1	1	0.999905	0.993526	1
0.00372083	0.391737	0.695256	0.695256	1	1	1	0.999839	0.984946	1
-0.0164891	-1.74348	0.0812624	0.244787	1	1	0.763269	0.74233	0.552995	1
-0.00774736	-0.813132	0.416151	0.416151	1	1	0.999894	0.997313	0.927416	1
-0.0167398	-1.74931	0.0802508	0.0802508	1	1	0.758798	0.758798	0.710522	1
0.00964569	1.00523	0.314796	0.314796	1	1	0.998382	0.989289	0.891923	1
0.0115101	1.19559	0.231867	0.332486	1	1	0.988717	0.962964	0.656957	1
-0.0105188	-1.09732	0.272512	0.499499	1	1	0.995522	0.942927	0.510041	1
0.0200223	2.0928	0.0363784	0.0363784	0.618433	0.582054	0.467388	0.447281	0.309216	1
0.00135524	0.14101	0.887863	0.887863	1	1	1	0.999936	0.943355	1
0.037659	3.91657	9.00809e-05	0.00170539	0.00153138	0.00153138	0.00153027	0.00153027	0.00153138	0.00526725
-0.0162907	-1.71433	0.0864813	0.289507	1	1	0.78512	0.764777	0.434694	1
-0.0158598	-1.6519	0.0985681	0.189844	1	1	0.828659	0.766083	0.418914	1
-0.00454675	-0.482758	0.629272	0.629272	1	1	1	0.999951	0.968056	1
0.00274932	0.288416	0.773031	0.773031	1	1	1	0.99995	0.924416	1
-0.0224244	-2.35092	0.0187353	0.0744286	0.3185	0.3185	0.274955	0.274955	0.248152	0.853533
0.0118114	1.23356	0.217381	0.411352	1	1	0.984499	0.945156	0.527925	1
-0.0119553	-1.24783	0.212105	0.478119	1	1	0.982624	0.907811	0.384664	1
-0.00145268	-0.151924	0.879248	0.894873	1	1	1	0.999103	0.880048	1
0.00638547	0.664179	0.506582	0.506582	1	1	0.999994	0.999523	0.854373	1
0.0160352	1.68094	0.092789	0.092789	1	1	0.808996	0.808996	0.922274	1
-0.0166836	-1.73923	0.0820072	0.148532	1	1	0.76651	0.698179	0.348531	1
0.0123367	1.29019	0.196999	0.196999	1	1	0.976002	0.953653	0.726866	1
0.0057461	0.608675	0.542746	0.699604	1	1	0.999998	0.983282	0.639144	1
-0.0114714	-1.19493	0.232128	0.448922	1	1	0.988782	0.957979	0.520214	1
-0.00232636	-0.245449	0.806111	0.806111	1	1	1	0.99958	0.974704	1
0.00173744	0.18052	0.856746	0.890472	1	1	1	0.999535	0.872641	1
0.00562366	0.585269	0.558373	0.558373	1	1	0.999999	0.999945	0.982399	1
-0.00174534	-0.180853	0.856485	0.856485	1	1	1	0.999951	0.970683	1
-0.0010847	-0.114688	0.908693	0.908693	1	1	1	0.999994	0.978876	1
0.00112102	0.118408	0.905745	0.911664	1	1	1	0.997369	0.905745	1
-8.5224e-05	-0.0089093	0.992892	0.992928	1	1	1	0.999784	0.992892	1
0.000546815	0.0571052	0.954462	0.954462	1	1	1	0.999968	0.999844	1
0.000212397	0.0220984	0.98237	0.982697	1	1	1	0.999988	0.98901	1
0.00110206	0.115262	0.908239	0.908239	1	1	1	0.999998	0.992242	1
-0.00410235	-0.425608	0.670398	0.687679	1	1	1	0.999577	0.870591	1
0.0140962	1.46805	0.142105	0.253848	1	1	0.926145	0.88303	0.603947	1
-0.011553	-1.19575	0.231805	0.463247	1	1	0.988702	0.945022	0.511862	1
0.00712439	0.753462	0.45118	0.527386	1	1	0.999963	0.992664	0.734822	1
0.00207599	0.217456	0.827855	0.827855	1	1	1	0.999967	0.983694	1
-0.0110191	-1.15517	0.248032	0.409363	1	1	0.992141	0.975419	0.650552	1
0.0100562	1.06455	0.287089	0.369267	1	1	0.996826	0.966088	0.610065	1
-0.00184133	-0.193202	0.846802	0.874401	1	1	1	0.999903	0.92911	1
-0.0107519	-1.14712	0.251346	0.251346	1	1	0.992709	0.990261	0.839256	1
-0.0019158	-0.199554	0.841831	0.886221	1	1	1	0.999984	0.95977	1
0.00177087	0.184266	0.853807	0.853807	1	1	1	0.999147	0.907068	1
0.00309597	0.32366	0.746198	0.782295	1	1	1	0.999614	0.910045	1
-0.00922229	-0.965544	0.334283	0.334283	1	1	0.999009	0.994956	0.898504	1
0.00681023	0.718749	0.472303	0.530417	1	1	0.999981	0.997032	0.802915	1
0.0100531	1.04463	0.296206	0.296206	1	1	0.99745	0.994529	0.803829	1
-0.000332358	-0.0348055	0.972235	0.978061	1	1	1	0.999966	0.976017	1
-0.00768757	-0.807573	0.419345	0.419345	1	1	0.999903	0.998531	0.912174	1
-0.00535229	-0.558631	0.576419	0.73776	1	1	1	0.990135	0.753779	1
-0.00257835	-0.270817	0.786534	0.786534	1	1	1	0.999771	0.893454	1
0.0237677	2.48282	0.0130417	0.114863	0.221709	0.182584	0.200019	0.167885	0.0554271	0.190645
-0.014191	-1.48763	0.136863	0.136863	1	1	0.918086	0.872615	0.581667	1
0.00333082	0.352947	0.724132	0.724132	1	1	1	0.99998	0.920764	1
-0.00170696	-0.177657	0.858994	0.858994	1	1	1	0.999958	0.994284	1
0.00594461	0.620559	0.534896	0.534896	1	1	0.999998	0.99978	0.854268	1
-0.0136587	-1.43207	0.152138	0.158899	1	1	0.939531	0.90079	0.530562	1
0.00117926	0.123467	0.901738	0.911959	1	1	1	0.997582	0.943055	1
0.0117454	1.22984	0.218769	0.342513	1	1	0.98496	0.948316	0.619846	1
-0.00220103	-0.2287	0.819104	0.846395	1	1	1	0.995766	0.819104	1
0.00770317	0.812188	0.416692	0.416692	1	1	0.999895	0.998744	0.914198	1
0.000427927	0.0456526	0.963588	0.963588	1	1	1	0.999971	0.963588	1
0.0013047	0.134935	0.892664	0.907735	1	1	1	0.999986	0.989969	1
-0.00181052	-0.190455	0.848954	0.848954	1	1	1	0.999927	0.962148	1
-0.00763493	-0.793054	0.427755	0.427755	1	1	0.999924	0.999294	0.829338	1
0.00687991	0.720382	0.471297	0.575583	1	1	0.99998	0.988453	0.724012	1
0.0208917	2.17885	0.0293531	0.0559627	0.499002	0.499002	0.397382	0.397382	0.338247	1
-0.00540572	-0.566698	0.570925	0.570925	1	1	0.999999	0.999243	0.883978	1
0.000336427	0.0348217	0.972222	0.977899	1	1	1	0.999781	0.972222	1
0.0114047	1.18602	0.235627	0.235627	1	1	0.98962	0.98642	0.933063	1
-0.00443516	-0.464072	0.642601	0.642601	1	1	1	0.999795	0.914692	1
0.0103621	1.0916	0.275018	0.400758	1	1	0.995778	0.97092	0.653804	1
-0.00302924	-0.317627	0.750771	0.750771	1	1	1	0.999987	0.931171	1
-0.00795048	-0.835671	0.403349	0.473459	1	1	0.999846	0.995351	0.698568	1
-0.0249268	-2.69147	0.00711899	0.0296375	0.121023	0.121023	0.11437	0.11437	0.121023	0.416264
0.00129207	0.137251	0.890833	0.890833	1	1	1	0.999938	0.936671	1
0.0220654	2.36287	0.0181422	0.0387279	0.308418	0.308418	0.267469	0.267469	0.308418	1
0.000118619	0.0124184	0.990092	0.992724	1	1	1	0.999951	0.990092	1
0.00538521	0.565265	0.571899	0.571899	1	1	0.999999	0.999757	0.871072	1
-0.00201217	-0.210665	0.83315	0.83315	1	1	1	0.999978	0.987954	1
0.0103755	1.08842	0.276423	0.332193	1	1	0.995915	0.979402	0.766119	1
-0.0120649	-1.25516	0.209435	0.454156	1	1	0.981595	0.940399	0.486379	1
-0.00523284	-0.561459	0.57449	0.661464	1	1	1	0.994064	0.739003	1
-0.00323451	-0.341234	0.73293	0.73293	1	1	1	0.999972	0.924126	1
0.000672224	0.0705823	0.943731	0.943731	1	1	1	0.999918	0.943731	1
0.00818897	0.873136	0.382598	0.382598	1	1	0.999725	0.998831	0.95662	1
-0.00113403	-0.118979	0.905293	0.925638	1	1	1	0.998743	0.942645	1
-0.0066637	-0.708407	0.4787	0.552728	1	1	0.999984	0.994546	0.786248	1
-0.00624328	-0.652825	0.513876	0.649131	1	1	0.999995	0.993584	0.794171	1
-0.00597988	-0.627302	0.530467	0.530467	1	1	0.999997	0.999479	0.985336	1
0.00863568	0.900705	0.367754	0.505601	1	1	0.999588	0.982214	0.568348	1
-0.00628696	-0.65618	0.511715	0.511715	1	1	0.999995	0.999962	0.91621	1
0.000162026	0.0168598	0.986549	0.986549	1	1	1	0.999982	0.986549	1
0.00502309	0.521261	0.60219	0.60219	1	1	1	0.999901	0.928807	1
0.0031009	0.32201	0.747448	0.747448	1	1	1	0.998958	0.847108	1
-0.013437	-1.39608	0.162703	0.162703	1	1	0.95114	0.930307	0.625099	1
0.0115181	1.20917	0.226611	0.226611	1	1	0.98733	0.98733	0.926693	1
0.00582069	0.609772	0.542019	0.542019	1	1	0.999998	0.999594	0.939255	1
0.0145822	1.51916	0.128735	0.128735	1	1	0.903938	0.903938	0.989097	1
0.0100809	1.05986	0.289219	0.312299	1	1	0.996983	0.988181	0.812085	1
0.00992358	1.03683	0.299827	0.299827	1	1	0.997664	0.986118	0.84951	1
-0.0131481	-1.37681	0.168583	0.290959	1	1	0.956657	0.947869	0.715232	1
0.00269463	0.281486	0.77834	0.77834	1	1	1	0.999881	0.979276	1
0.000453067	0.0483942	0.961402	0.961402	1	1	1	0.999873	0.961402	1
-0.00361623	-0.388401	0.697723	0.697723	1	1	1	0.999892	0.988046	1
-0.0039845	-0.42375	0.671752	0.68711	1	1	1	0.998433	0.878445	1
0.00338326	0.353304	0.723864	0.723864	1	1	1	0.999656	0.91252	1
-0.0136122	-1.4291	0.152989	0.152989	1	1	0.940556	0.884507	0.474534	1
0.000855092	0.089246	0.928887	0.928887	1	1	1	0.999983	0.928968	1
-0.00687434	-0.716917	0.473433	0.499499	1	1	0.999982	0.996888	0.878276	1
0.00618846	0.655606	0.512084	0.512084	1	1	0.999995	0.999235	0.882283	1
0.0121349	1.29799	0.194302	0.194302	1	1	0.974595	0.955468	0.81779	1
-0.00385469	-0.403154	0.686839	0.772924	1	1	1	0.989103	0.778417	1
-0.00788991	-0.820826	0.411754	0.411754	1	1	0.999879	0.997082	0.831289	1
-0.0115783	-1.2036	0.228756	0.228756	1	1	0.987915	0.981337	0.754014	1
0.006997	0.735066	0.462307	0.499499	1	1	0.999974	0.997195	0.873246	1
0.0177243	1.88465	0.0594895	0.167188	1	1	0.647482	0.647482	0.612018	1
0.0154949	1.63686	0.101674	0.174326	1	1	0.838425	0.79978	0.535861	1
0.0141792	1.47522	0.140168	0.418239	1	1	0.923258	0.849187	0.397143	1
-0.0112863	-1.2235	0.221154	0.275266	1	1	0.985722	0.981667	0.714896	1
0.00280418	0.294178	0.768625	0.768625	1	1	1	0.999814	0.88044	1
0.0124988	1.34501	0.178634	0.178634	1	1	0.964753	0.94627	0.641045	1
-0.000370786	-0.0387412	0.969097	0.969097	1	1	1	0.999988	0.975047	1
0.0162966	1.70489	0.0882277	0.249248	1	1	0.791997	0.725584	0.374968	1
0.00802015	0.84007	0.400878	0.400878	1	1	0.999835	0.997861	0.870497	1
0.00424336	0.442353	0.658238	0.658238	1	1	1	0.999907	0.965838	1
-0.00701176	-0.727677	0.466819	0.466819	1	1	0.999977	0.99901	0.859998	1
-0.00155274	-0.1677	0.866821	0.866821	1	1	1	0.999899	0.920997	1
-0.00112461	-0.118244	0.905876	0.905876	1	1	1	0.999948	0.905876	1
0.00316159	0.329556	0.741738	0.741738	1	1	1	0.999915	0.932972	1
-0.000124736	-0.0131732	0.98949	0.98949	1	1	1	0.999997	0.98949	1
0.000311276	0.0327989	0.973835	0.973835	1	1	1	1	0.996794	1
-0.00787874	-0.847345	0.396812	0.396812	1	1	0.999815	0.99768	0.935802	1
0.00346851	0.3659	0.714443	0.714443	1	1	1	0.999652	0.857387	1
-0.000660212	-0.068595	0.945313	0.964215	1	1	1	0.997009	0.980371	1
0.00668198	0.700357	0.483712	0.499499	1	1	0.999987	0.99764	0.793169	1
-0.0099471	-1.03853	0.299034	0.299034	1	1	0.997618	0.989033	0.847262	1
0.0180042	1.8789	0.060271	0.226832	1	0.964336	0.652428	0.630136	0.277879	0.955781
0.00285729	0.300072	0.764125	0.764125	1	1	1	0.999551	0.925434	1
0.0269196	2.82078	0.00479492	0.0197195	0.0815136	0.0815136	0.0784605	0.0784605	0.0815136	0.28037
-0.0107566	-1.12072	0.262418	0.262418	1	1	0.994341	0.989356	0.918632	1
-0.00374936	-0.389638	0.696808	0.696808	1	1	1	0.999764	0.940688	1
0.00846256	0.886775	0.375209	0.375209	1	1	0.999663	0.997789	0.87837	1
0.00559151	0.580274	0.561736	0.590069	1	1	0.999999	0.998639	0.918484	1
-0.0217308	-2.2609	0.0237749	0.139648	0.404174	0.380399	0.335723	0.319545	0.202087	0.695088
-0.00765291	-0.80604	0.420228	0.420228	1	1	0.999906	0.999164	0.849028	1
0.00459349	0.482559	0.629413	0.629413	1	1	1	0.999644	0.976778	1
0.00892861	0.943737	0.345314	0.411223	1	1	0.999254	0.9938	0.719841	1
-0.0224202	-2.32787	0.0199276	0.0199276	0.338769	0.338769	0.289787	0.289787	0.338769	1
-0.00280854	-0.291212	0.770892	0.770892	1	1	1	0.999944	0.888929	1
-0.0153832	-1.60061	0.109477	0.208245	1	1	0.860696	0.824339	0.53494	1
-0.0221317	-2.30332	0.02127	0.02127	0.36159	0.36159	0.306144	0.306144	0.36159	1
0.0141853	1.48531	0.137477	0.137477	1	1	0.919071	0.906172	0.993964	1
-0.0149712	-1.55423	0.120144	0.120144	1	1	0.886499	0.853386	0.680815	1
-0.00968903	-1.06307	0.287762	0.415228	1	1	0.996877	0.97296	0.611495	1
0.00110313	0.116395	0.90734	0.90734	1	1	1	0.999628	0.90734	1
0.00986994	1.04356	0.296702	0.475798	1	1	0.99748	0.971918	0.6102	1
-0.0102633	-1.08052	0.279923	0.305512	1	1	0.996238	0.973012	0.679813	1
0.0221108	2.30961	0.0209187	0.13523	0.355619	0.355619	0.301899	0.301899	0.355619	1
0.018387	1.92242	0.0545658	0.267766	0.927618	0.873053	0.614759	0.592525	0.343955	1
0.0173462	1.82855	0.0674794	0.112043	1	1	0.695075	0.67301	0.573575	1
-0.0146808	-1.53428	0.124975	0.124975	1	1	0.896641	0.862681	0.531144	1
0.00150332	0.161879	0.871403	0.928117	1	1	1	0.999589	0.871403	1
0.00416258	0.434087	0.664229	0.707789	1	1	1	0.998567	0.940991	1
0.00565299	0.586796	0.557347	0.557347	1	1	0.999999	0.999765	0.892726	1
-0.00806185	-0.838639	0.401681	0.401681	1	1	0.999839	0.997895	0.9711	1
0.005411	0.57439	0.56571	0.56571	1	1	0.999999	0.999666	0.998099	1
-0.0285461	-2.9841	0.00284711	0.00284711	0.0484008	0.0484008	0.0473139	0.0473139	0.0484008	0.166477
0.00801641	0.855006	0.392557	0.572025	1	1	0.999791	0.981463	0.667347	1
0.00864867	0.909803	0.362936	0.374825	1	1	0.999531	0.992985	0.877893	1
-0.00402002	-0.416799	0.676829	0.676829	1	1	1	0.999632	0.96178	1
-0.00172853	-0.182156	0.855462	0.855462	1	1	1	0.998901	0.908928	1
-0.0147676	-1.55298	0.120441	0.131931	1	1	0.88715	0.854128	0.542893	1
0.00612909	0.635438	0.525149	0.609117	1	1	0.999997	0.996436	0.804524	1
-0.0129329	-1.34588	0.178354	0.245862	1	1	0.964548	0.947486	0.74739	1
-0.00425109	-0.442164	0.658375	0.658375	1	1	1	0.999814	0.918439	1
0.000111599	0.0116308	0.99072	0.99072	1	1	1	0.999999	0.99072	1
-0.00931673	-0.97268	0.330723	0.330723	1	1	0.998915	0.996382	0.897365	1
0.011735	1.23127	0.218234	0.285899	1	1	0.984784	0.975103	0.647026	1
-0.000143096	-0.0149357	0.988084	0.988084	1	1	1	0.999904	0.988084	1
-0.0040907	-0.423574	0.671881	0.671881	1	1	1	0.999912	0.982171	1
0.0155839	1.62895	0.103337	0.103337	1	1	0.843435	0.843435	0.808421	1
-0.0114736	-1.2012	0.229688	0.294368	1	1	0.98816	0.966375	0.770948	1
-0.00788431	-0.823286	0.410354	0.470795	1	1	0.999874	0.996354	0.786714	1
-0.00894354	-0.940424	0.34701	0.34701	1	1	0.999286	0.998327	0.937033	1
0.0203935	2.12934	0.0332369	0.0332369	0.565027	0.565027	0.437087	0.437087	0.406959	1
0.00833175	0.871544	0.383466	0.383466	1	1	0.999731	0.998853	0.898143	1
0.00775143	0.81026	0.417799	0.417799	1	1	0.999899	0.99842	0.903189	1
0.00901496	0.943958	0.345201	0.48925	1	1	0.999252	0.98551	0.673649	1
0.00438186	0.462222	0.643926	0.644609	1	1	1	0.999661	0.928837	1
0.00702313	0.734201	0.462834	0.499499	1	1	0.999974	0.998576	0.795365	1
0.000282898	0.0293476	0.976588	0.985174	1	1	1	0.999898	0.976588	1
-0.0100922	-1.0481	0.294602	0.386645	1	1	0.997349	0.984822	0.725528	1
0.00876835	1.06372	0.287463	0.287463	1	1	0.996854	0.993804	0.971574	1
0.00294017	0.358317	0.720108	0.777645	1	1	1	0.998282	0.94168	1
-0.00505502	-0.613147	0.539784	0.726197	1	1	0.999998	0.955141	0.655451	1
-0.00295425	-0.358236	0.720169	0.752484	1	1	1	0.996852	0.816192	1
-0.00661598	-0.800688	0.423318	0.499499	1	1	0.999914	0.992946	0.799601	1
0.00479386	0.577054	0.563907	0.563907	1	1	0.999999	0.99943	0.983247	1
-0.00629618	-0.759035	0.447837	0.676559	1	1	0.999959	0.97166	0.634436	1
0.00307354	0.370854	0.710749	0.721223	1	1	1	0.99864	0.863052	1
0.00826627	0.997685	0.31844	0.50206	1	1	0.998522	0.967032	0.506645	1
0.00888529	1.08262	0.278986	0.278986	1	1	0.996154	0.980261	0.725466	1
0.0163603	1.98353	0.047317	0.232451	0.804389	0.804389	0.561345	0.561345	0.458431	1
-0.0129944	-1.57647	0.114928	0.215986	1	1	0.874501	0.839793	0.511716	1
-0.00772604	-0.931187	0.351764	0.485084	1	1	0.99937	0.991507	0.694667	1
-0.00129202	-0.158244	0.874266	0.892456	1	1	1	0.998012	0.936747	1
-0.00556062	-0.670927	0.502272	0.502272	1	1	0.999993	0.998125	0.758263	1
-0.00629942	-0.766063	0.443645	0.48536	1	1	0.999953	0.99852	0.812535	1
-0.00264562	-0.321075	0.748156	0.824419	1	1	1	0.998987	0.959158	1
-0.00672845	-0.810036	0.417926	0.42432	1	1	0.999899	0.995535	0.888092	1
-0.0096926	-1.17123	0.241517	0.241517	1	1	0.990899	0.979143	0.926627	1
-0.00506588	-0.60877	0.542681	0.595965	1	1	0.999998	0.99869	0.71878	1
0.00213302	0.257007	0.797175	0.830764	1	1	1	0.999446	0.890678	1
-0.00696305	-0.838384	0.401822	0.518009	1	1	0.999839	0.986685	0.683097	1
0.00276538	0.335517	0.737238	0.788005	1	1	1	0.993825	0.835536	1
-0.00311061	-0.380019	0.703934	0.703934	1	1	1	0.999801	0.885972	1
0.0242839	2.96392	0.00303977	0.0342622	0.0516761	0.0516761	0.0504384	0.0504384	0.0516761	0.177743
-0.0101088	-1.22425	0.220867	0.355421	1	1	0.985632	0.935772	0.536392	1
-0.00211536	-0.255992	0.797959	0.879104	1	1	1	0.985082	0.847832	1
0.00102239	0.125021	0.900507	0.917637	1	1	1	0.99899	0.956789	1
0.00681748	0.829769	0.406676	0.406676	1	1	0.99986	0.998373	0.986822	1
-0.0103762	-1.2811	0.200168	0.200168	1	1	0.977562	0.945174	0.680571	1
-0.00276783	-0.334033	0.738357	0.738357	1	1	1	0.999985	0.982828	1
0.00210275	0.256894	0.797262	0.819215	1	1	1	0.999925	0.970853	1
0.00032481	0.0398912	0.96818	0.976921	1	1	1	0.995383	0.96818	1
0.0018628	0.227038	0.820396	0.850142	1	1	1	0.999772	0.995368	1
0.00214499	0.259714	0.795086	0.795086	1	1	1	0.999757	0.978631	1
-0.0111816	-1.34995	0.177043	0.177043	1	1	0.963574	0.946216	0.910429	1
0.00984078	1.19288	0.232926	0.232926	1	1	0.988979	0.975581	0.943376	1
0.0180122	2.19797	0.0279587	0.0291571	0.475298	0.475298	0.382496	0.382496	0.249903	0.859556
-0.0171212	-2.06813	0.0386358	0.143056	0.656809	0.618174	0.488207	0.467638	0.320911	1
0.00973556	1.18487	0.23608	0.471061	1	1	0.989724	0.947244	0.50167	1
-0.00178713	-0.214862	0.829876	0.843243	1	1	1	0.999379	0.829876	1
0.010193	1.22742	0.219675	0.36397	1	1	0.985254	0.960228	0.580175	1
-0.00833599	-1.00587	0.314488	0.343319	1	1	0.99837	0.994939	0.758087	1
-0.00493473	-0.599648	0.548745	0.548745	1	1	0.999999	0.999929	0.987034	1
-0.00135874	-0.1648	0.869102	0.87981	1	1	1	0.999804	0.982475	1
-0.00315367	-0.381018	0.703192	0.703192	1	1	1	0.999994	0.935291	1
-0.000589427	-0.0709895	0.943407	0.943407	1	1	1	0.999999	0.980506	1
0.00546046	0.656644	0.511415	0.630551	1	1	0.999995	0.985269	0.603245	1
0.0102827	1.24058	0.214772	0.217355	1	1	0.983597	0.983597	0.937638	1
-0.00728183	-0.877702	0.380112	0.380112	1	1	0.999705	0.998004	0.865644	1
0.0116176	1.39812	0.162086	0.306597	1	1	0.950524	0.880217	0.459243	1
-0.00870343	-1.04991	0.293769	0.491211	1	1	0.997295	0.969135	0.48135	1
-0.000591294	-0.0720953	0.942527	0.947502	1	1	1	0.99848	0.942527	1
-0.00421179	-0.508896	0.610829	0.703728	1	1	1	0.98909	0.711611	1
-0.00820999	-0.994861	0.319812	0.499499	1	1	0.998572	0.968835	0.604089	1
0.000892646	0.108291	0.913765	0.913765	1	1	1	0.999955	0.913765	1
-0.0032511	-0.395183	0.69271	0.69271	1	1	1	0.999974	0.998188	1
-0.00620103	-0.780601	0.435043	0.435043	1	1	0.999939	0.999782	0.998932	1
-0.00112016	-0.136477	0.891445	0.920195	1	1	1	0.998635	0.891445	1
0.00395026	0.478098	0.632584	0.732318	1	1	1	0.997297	0.827225	1
-0.00807436	-0.981126	0.326538	0.554574	1	1	0.998794	0.957684	0.537876	1
-0.00306414	-0.372551	0.709485	0.747748	1	1	1	0.996316	0.861517	1
0.00421627	0.514566	0.60686	0.60686	1	1	1	0.99989	0.998007	1
-0.00267573	-0.325807	0.744573	0.744573	1	1	1	0.999684	0.791109	1
0.00553533	0.672026	0.501572	0.593899	1	1	0.999993	0.99506	0.686404	1
-0.00305333	-0.37411	0.708325	0.708325	1	1	1	0.999948	0.798907	1
-0.0150942	-1.83179	0.0669922	0.185117	1	1	0.692355	0.692355	0.416781	1
0.0049292	0.597401	0.550244	0.550244	1	1	0.999999	0.999407	0.942696	1
0.0103388	1.25295	0.210234	0.333069	1	1	0.981909	0.953563	0.651911	1
-0.0028795	-0.348497	0.727469	0.727469	1	1	1	0.999993	0.956156	1
-0.000175528	-0.0216912	0.982694	0.982694	1	1	1	0.99999	0.982694	1
-0.00340401	-0.409312	0.682313	0.682313	1	1	1	0.999921	0.904347	1
-0.000608571	-0.0740066	0.941006	0.944656	1	1	1	0.998284	0.941006	1
0.0020947	0.254818	0.798866	0.798866	1	1	1	0.999022	0.958113	1
0.0038017	0.464177	0.642524	0.642524	1	1	1	0.998794	0.827042	1
0.00783068	0.950758	0.341735	0.535771	1	1	0.999182	0.968238	0.528135	1
-0.00483302	-0.58339	0.559635	0.559635	1	1	0.999999	0.999377	0.862042	1
0.00529247	0.644161	0.519476	0.519476	1	1	0.999996	0.999389	0.889177	1
0.00425661	0.540506	0.588852	0.645277	1	1	1	0.998014	0.784285	1
-0.00515428	-0.621918	0.534001	0.542434	1	1	0.999998	0.998244	0.717546	1
0.00206824	0.250287	0.802367	0.802367	1	1	1	0.999217	0.966389	1
-0.0112493	-1.35487	0.175469	0.193724	1	1	0.962372	0.944636	0.737485	1
0.00258977	0.312677	0.754528	0.754528	1	1	1	0.999946	0.989338	1
0.0126019	1.52466	0.127354	0.189968	1	1	0.901316	0.851497	0.541254	1
-0.00496632	-0.598062	0.549803	0.699451	1	1	0.999999	0.996499	0.778888	1
0.00299223	0.360841	0.718221	0.718221	1	1	1	0.999949	0.960117	1
0.00489327	0.591664	0.55408	0.55408	1	1	0.999999	0.999303	0.900789	1
-0.00757091	-0.922716	0.356163	0.434218	1	1	0.999439	0.994926	0.803868	1
0.0113089	1.37849	0.168063	0.389178	1	1	0.956193	0.936742	0.528334	1
-0.00660381	-0.802848	0.422069	0.499499	1	1	0.99991	0.992807	0.729433	1
-0.0116527	-1.40944	0.158715	0.158715	1	1	0.947029	0.925157	0.697885	1
-0.00865797	-1.0779	0.281086	0.281086	1	1	0.99634	0.991666	0.833469	1
0.00185372	0.226782	0.820595	0.825179	1	1	1	0.999552	0.885362	1
0.0142351	1.72776	0.0840417	0.0840417	1	1	0.775153	0.754523	0.584133	1
0.00141441	0.171972	0.863461	0.891546	1	1	1	0.999953	0.96574	1
0.00795124	0.966928	0.333588	0.499016	1	1	0.998992	0.985614	0.588973	1
0.00488214	0.597207	0.550373	0.605134	1	1	0.999999	0.997847	0.804526	1
0.0120912	1.45828	0.144774	0.255054	1	1	0.929955	0.918097	0.633013	1
-0.00590871	-0.710724	0.477261	0.477261	1	1	0.999984	0.999584	0.912842	1
-0.00619413	-0.767774	0.442628	0.662715	1	1	0.999952	0.970017	0.616379	1
-0.00717668	-0.878269	0.379805	0.379805	1	1	0.999703	0.997992	0.93373	1
0.00542754	0.661791	0.50811	0.50811	1	1	0.999994	0.998938	0.833329	1
0.00781134	0.964678	0.334714	0.426005	1	1	0.99902	0.992482	0.778139	1
0.000948043	0.114787	0.908614	0.908614	1	1	1	0.999989	0.978285	1
0.00466642	0.571613	0.567589	0.567589	1	1	0.999999	0.999957	0.890325	1
0.0041825	0.510453	0.609738	0.609738	1	1	1	0.999462	0.821563	1
0.00925253	1.12174	0.261983	0.27438	1	1	0.994284	0.985779	0.922364	1
-0.00259825	-0.315549	0.752347	0.752347	1	1	1	0.999995	0.997916	1
0.00107975	0.132038	0.894955	0.894955	1	1	1	1	0.987148	1
0.00105643	0.128207	0.897986	0.934007	1	1	1	0.997619	0.909193	1
-0.00406843	-0.491479	0.623091	0.623091	1	1	1	0.999761	0.935796	1
-0.00289031	-0.350975	0.725609	0.743238	1	1	1	0.999141	0.92744	1
-0.00757365	-0.915988	0.35968	0.464335	1	1	0.999489	0.992581	0.751659	1
0.0069661	0.843025	0.399221	0.399221	1	1	0.999827	0.997789	0.962558	1
0.00516503	0.626768	0.530816	0.570032	1	1	0.999997	0.997383	0.705733	1
0.0110002	1.32546	0.185028	0.185028	1	1	0.969138	0.962131	0.853944	1
0.00266702	0.325645	0.744695	0.744695	1	1	1	0.99998	0.91722	1
0.00973671	1.17694	0.239229	0.327963	1	1	0.990421	0.950593	0.57997	1
-0.00794974	-0.983201	0.325516	0.337018	1	1	0.998763	0.991135	0.817405	1
-0.00166132	-0.202723	0.839353	0.846724	1	1	1	0.999768	0.930102	1
-0.0064088	-0.780472	0.435119	0.493948	1	1	0.999939	0.997829	0.757553	1
-0.00512115	-0.631059	0.528007	0.528007	1	1	0.999997	0.999741	0.957615	1
0.00535277	0.646785	0.517776	0.517776	1	1	0.999996	0.999672	0.969049	1
-0.00540684	-0.651529	0.51471	0.51471	1	1	0.999995	0.998351	0.820508	1
-0.00291507	-0.351976	0.724859	0.759957	1	1	1	0.997692	0.880186	1
0.0049906	0.601778	0.547326	0.572989	1	1	0.999999	0.997201	0.809434	1
-0.00969327	-1.17058	0.241778	0.286765	1	1	0.990952	0.977449	0.62557	1
0.00796459	0.969717	0.332195	0.332195	1	1	0.998955	0.996492	0.894246	1
0.0060174	0.738273	0.460354	0.499499	1	1	0.999972	0.997071	0.755437	1
-0.00486139	-0.589974	0.555212	0.555212	1	1	0.999999	0.999187	0.816168	1
-0.00669984	-0.811673	0.416986	0.416986	1	1	0.999896	0.998458	0.90729	1
-0.0154504	-1.87269	0.0611205	0.0642391	1	0.977929	0.657731	0.63545	0.519525	1
-0.00846948	-1.0368	0.299835	0.458709	1	1	0.997664	0.979365	0.637149	1
0.0142889	1.74465	0.0810565	0.19376	1	1	0.762365	0.762365	0.583643	1
0.0151068	1.8427	0.0653819	0.0653819	1	1	0.683203	0.683203	0.429183	1
0.00625064	0.754871	0.450332	0.616223	1	1	0.999962	0.98484	0.695968	1
0.00175407	0.216572	0.828544	0.858993	1	1	1	0.998494	0.939016	1
0.00643973	0.772429	0.439866	0.499499	1	1	0.999947	0.997568	0.815159	1
0.00823975	1.00629	0.314286	0.314286	1	1	0.998362	0.994918	0.962115	1
-0.00647406	-0.787944	0.430736	0.430736	1	1	0.999931	0.999197	0.920673	1
0.0197762	2.40192	0.0163151	0.125244	0.277357	0.277357	0.243948	0.243948	0.277357	0.953986
0.0126519	1.52905	0.126263	0.126263	1	1	0.899197	0.834639	0.429294	1
0.00800876	0.962127	0.335993	0.335993	1	1	0.999052	0.992654	0.93067	1
-0.00322211	-0.388119	0.697931	0.697931	1	1	1	0.9999	0.993954	1
-0.00243379	-0.306585	0.759161	0.759161	1	1	1	0.999846	0.913711	1
0.00334076	0.408897	0.682618	0.682618	1	1	1	0.999978	0.9825	1
0.00988335	1.19493	0.232125	0.232125	1	1	0.988781	0.980974	0.901177	1
0.00278714	0.341201	0.732955	0.737256	1	1	1	0.999965	0.925938	1
-0.00683345	-0.831056	0.405949	0.52097	1	1	0.999857	0.98684	0.690113	1
-0.00328572	-0.409772	0.681976	0.681976	1	1	1	0.999895	0.964363	1
-0.00087555	-0.107692	0.91424	0.91424	1	1	1	0.999995	0.941257	1
-0.00297317	-0.357624	0.720627	0.720627	1	1	1	0.998152	0.787819	1
0.00393343	0.478374	0.632388	0.632388	1	1	1	0.999778	0.942637	1
-0.00864756	-1.04368	0.296641	0.296641	1	1	0.997476	0.98534	0.75292	1
0.00165327	0.200523	0.841073	0.841073	1	1	1	0.99991	0.963231	1
0.00323061	0.394269	0.693385	0.718929	1	1	1	0.999546	0.847328	1
0.0194899	2.39903	0.0164447	0.0164447	0.27956	0.27956	0.245639	0.245639	0.27956	0.96156
-0.00455504	-0.549037	0.582984	0.582984	1	1	1	0.999508	0.832146	1
0.00788231	0.951725	0.341244	0.381384	1	1	0.999171	0.9956	0.843465	1
0.0159623	1.93165	0.0534117	0.0534117	0.907998	0.854587	0.606686	0.584493	0.453999	1
-0.00416621	-0.510984	0.609366	0.609366	1	1	1	0.999924	0.912017	1
-0.00563749	-0.688809	0.490949	0.490949	1	1	0.99999	0.999405	0.9456	1
-0.00869506	-1.05444	0.291691	0.462801	1	1	0.997157	0.982228	0.553075	1
0.000877581	0.1059	0.915662	0.915662	1	1	1	0.999999	0.954595	1
0.00338497	0.413074	0.679555	0.679555	1	1	1	0.999889	0.986162	1
-0.00449248	-0.540442	0.588896	0.588896	1	1	1	0.999862	0.944878	1
0.00887105	1.06875	0.285189	0.285189	1	1	0.996679	0.979387	0.628751	1
-0.00615366	-0.744402	0.456639	0.456639	1	1	0.999969	0.99964	0.953744	1
-0.0164347	-2.00764	0.0446899	0.0446899	0.759729	0.715039	0.540322	0.518818	0.339638	1
0.00662584	0.799883	0.423785	0.499499	1	1	0.999915	0.996473	0.800483	1
-0.00491619	-0.593173	0.55307	0.55307	1	1	0.999999	0.998641	0.807447	1
-0.0135497	-1.6858	0.0918436	0.305534	1	1	0.805585	0.714183	0.312268	1
0.0223927	2.71454	0.00664055	0.068461	0.112889	0.112889	0.107087	0.107087	0.112889	0.388289
0.00609365	0.732981	0.463575	0.463575	1	1	0.999975	0.999425	0.908162	1
-0.0100852	-1.22931	0.218966	0.218966	1	1	0.985024	0.959755	0.62055	1
0.00760487	0.920412	0.357365	0.357365	1	1	0.999456	0.995039	0.944195	1
0.00569732	0.68743	0.491817	0.499499	1	1	0.99999	0.998664	0.928987	1
0.00664977	0.809126	0.418449	0.418449	1	1	0.9999	0.997807	0.897977	1
-0.0074071	-0.890254	0.373336	0.413897	1	1	0.999646	0.995755	0.81235	1
-0.000834947	-0.102892	0.918049	0.929388	1	1	1	0.998624	0.975427	1
-0.000309768	-0.0373661	0.970193	0.975299	1	1	1	0.999586	0.970193	1
0.0122128	1.47491	0.140246	0.140246	1	1	0.923377	0.810279	0.340598	1
-0.00746054	-0.903335	0.366355	0.379771	1	1	0.999572	0.996363	0.76744	1
0.00701541	0.850459	0.395076	0.395076	1	1	0.999806	0.999121	0.870636	1
-0.0167469	-2.032	0.0421621	0.0551026	0.716755	0.716755	0.5192	0.5192	0.716755	1
0.00453163	0.556086	0.578156	0.578156	1	1	1	0.999577	0.973377	1
0.0102021	1.24527	0.213041	0.314467	1	1	0.982971	0.965059	0.646335	1
-0.000582916	-0.0702238	0.944016	0.944016	1	1	1	0.999973	0.997773	1
-0.00531087	-0.641578	0.521152	0.578956	1	1	0.999996	0.995963	0.805417	1
-0.00700387	-0.854698	0.392725	0.478197	1	1	0.999792	0.993179	0.785325	1
0.00422611	0.509514	0.610396	0.656869	1	1	1	0.995741	0.76885	1
-0.0112223	-1.35088	0.176742	0.309751	1	1	0.963347	0.920207	0.522001	1
-0.000993732	-0.119766	0.904669	0.904669	1	1	1	0.999992	0.953279	1
4.81899e-05	0.00580009	0.995372	0.995372	1	1	1	0.999413	0.995372	1
0.000233535	0.0284525	0.977301	0.977301	1	1	1	0.999852	0.977301	1
-0.00152333	-0.185364	0.852945	0.852945	1	1	1	0.999998	0.970551	1
-0.000463835	-0.0561104	0.955254	0.960059	1	1	1	0.9993	0.955254	1
0.0114307	1.37231	0.169977	0.252722	1	1	0.957876	0.911249	0.577922	1
0.00890573	1.08228	0.279139	0.294176	1	1	0.996168	0.989769	0.837632	1
-0.0112167	-1.35812	0.174436	0.236827	1	1	0.961562	0.899768	0.446042	1
-0.00923291	-1.11511	0.264812	0.303748	1	1	0.994645	0.986524	0.796429	1
-0.0124324	-1.52046	0.128406	0.20152	1	1	0.903319	0.903319	0.796136	1
0.0163705	1.98519	0.0471318	0.117664	0.801241	0.801241	0.559893	0.559893	0.648324	1
0.00106384	0.129708	0.896798	0.896798	1	1	1	0.999683	0.952848	1
0.00156105	0.190289	0.849084	0.849084	1	1	1	0.999984	0.932586	1
0.00741965	0.908811	0.363457	0.534676	1	1	0.999538	0.986252	0.567463	1
0.00819398	0.991338	0.321528	0.321528	1	1	0.998632	0.9939	0.917713	1
0.00988814	1.20121	0.229679	0.229679	1	1	0.988158	0.980044	0.890741	1
0.0139012	1.6763	0.0936894	0.0936894	1	1	0.812194	0.812194	0.803732	1
-0.0153783	-1.84899	0.064469	0.064469	1	0.902566	0.677901	0.606618	0.273993	0.942414
0.00970908	1.11178	0.266242	0.45419	1	1	0.994819	0.975642	0.596562	1
0.010796	1.26805	0.204792	0.380489	1	1	0.979668	0.957484	0.576955	1
0.014317	1.65913	0.0971013	0.328172	1	1	0.823858	0.760698	0.41268	1
0.0131239	1.52684	0.126812	0.29802	1	1	0.900269	0.869198	0.457218	1
0.0089678	1.02734	0.304268	0.482426	1	1	0.997903	0.984243	0.610726	1
0.00944962	1.11994	0.262748	0.262748	1	1	0.994383	0.974214	0.744453	1
0.0131377	1.53453	0.12491	0.291612	1	1	0.896511	0.864858	0.569216	1
0.0110182	1.3001	0.193579	0.377922	1	1	0.974204	0.949025	0.562174	1
-0.00257466	-0.29706	0.766423	0.850514	1	1	1	0.999951	0.98877	1
0.00100011	0.11642	0.907321	0.929044	1	1	1	0.999563	0.924865	1
-0.00213927	-0.258518	0.796009	0.822492	1	1	1	0.999128	0.896323	1
-0.00264057	-0.323194	0.746551	0.746551	1	1	1	0.999983	0.977308	1
-0.00375084	-0.427986	0.668665	0.762445	1	1	1	0.998658	0.859587	1
0.00126314	0.145452	0.884355	0.899169	1	1	1	0.999621	0.907103	1
0.00207257	0.243137	0.807901	0.847758	1	1	1	0.997304	0.858395	1
0.00372828	0.428437	0.668337	0.773418	1	1	1	0.999167	0.92112	1
